139.547653 39.185562 0.800649 -0.311485 019B
130.599594 31.824060 0.012918 0.005647 AIRA
102.234985 51.769707 0.003432 -0.000371 BADG
115.892487 39.608601 0.007978 0.000397 BJFS
142.195023 27.067532 -0.001508 -0.000272 CCJ2
125.444199 43.790688 0.018999 -0.005648 CHAN
145.743088 15.229697 -0.000577 0.000866 CNMR
100.533936 13.735914 0.001066 0.000724 CUSV
127.374481 36.399429 0.024337 0.003405 DAEJ
135.928299 33.877003 0.037292 0.013652 G000
135.087646 35.419525 0.071264 0.016995 G001
135.340698 35.333458 0.072279 0.018056 G002
135.634216 35.155182 0.070539 0.019079 G003
135.219940 34.326462 0.044862 0.014894 G004
134.376114 34.760426 0.048588 0.013955 G006
136.041901 34.710644 0.060129 0.018926 G007
136.173141 34.493874 0.054114 0.018004 G008
136.002640 34.292927 0.047537 0.016358 G009
135.854797 34.241966 0.045642 0.015777 G010
135.554001 33.940796 0.037898 0.013649 G011
135.882095 33.668758 0.032990 0.012349 G012
135.533844 33.658344 0.032468 0.012133 G013
134.195267 35.529858 0.062213 0.013594 G014
133.495132 35.506935 0.053999 0.011577 G015
133.869751 35.493202 0.057730 0.012631 G016
134.155945 35.340591 0.057960 0.013630 G017
132.921997 35.491909 0.048379 0.010231 G018
133.192093 35.310692 0.048226 0.011031 G019
132.902695 35.309727 0.045840 0.010384 G020
132.669006 35.233078 0.043122 0.009965 G021
132.385559 35.031902 0.038963 0.009547 G022
132.685165 34.856747 0.038797 0.010131 G023
132.109467 34.777946 0.034852 0.009150 G024
131.810318 34.624344 0.032059 0.008713 G025
133.680756 35.282959 0.052151 0.012278 G026
133.912689 35.105026 0.051200 0.012953 G027
133.800446 34.738079 0.044180 0.012453 G028
133.972595 34.590286 0.042890 0.012676 G029
132.902100 35.035213 0.042325 0.010534 G030
132.908112 34.633671 0.037419 0.010492 G031
133.341293 34.612202 0.039519 0.011323 G032
133.140182 34.515621 0.037182 0.010846 G033
132.691956 34.184635 0.031437 0.009789 G035
132.531631 34.069233 0.029710 0.009446 G036
131.735321 34.195274 0.028174 0.008511 G037
132.052734 34.090061 0.028325 0.008841 G038
131.113037 34.020523 0.025057 0.007754 G039
132.119965 33.845917 0.026457 0.008717 G040
134.457306 33.993687 0.035557 0.012254 G041
134.211166 33.934563 0.033836 0.011692 G042
134.175980 34.478535 0.042227 0.012951 G044
133.899384 34.325920 0.038365 0.012069 G045
133.350693 33.974171 0.031472 0.010480 G046
133.047394 33.884090 0.029491 0.009905 G047
132.798523 33.642731 0.026402 0.009222 G048
132.743683 33.305054 0.023277 0.008610 G049
132.633636 33.096088 0.021414 0.008165 G050
133.531021 33.625805 0.027996 0.010013 G051
133.154495 33.607021 0.026903 0.009552 G052
134.099319 33.497108 0.027717 0.010278 G053
133.089539 33.416664 0.024902 0.009119 G054
134.205536 33.394894 0.026663 0.010059 G055
132.972137 33.193138 0.022688 0.008585 G056
132.831467 32.961067 0.020607 0.008045 G058
132.555435 32.738613 0.018712 0.007497 G059
130.722427 33.929722 0.023499 0.007350 G060
130.971115 33.867008 0.023700 0.007555 G061
130.296906 33.683071 0.021189 0.006908 G062
130.675674 33.579769 0.021352 0.007163 G063
130.995422 33.564732 0.021878 0.007414 G064
130.079269 33.503036 0.019872 0.006677 G065
130.097214 33.292004 0.018875 0.006595 G066
129.862946 33.073387 0.017543 0.006332 G067
129.958954 32.768307 0.016330 0.006205 G068
130.621765 33.060135 0.018469 0.006792 G069
130.872650 32.995934 0.018457 0.006896 G070
130.748367 32.709232 0.016864 0.006572 G071
130.827347 32.396080 0.015450 0.006306 G073
130.179886 32.367409 0.014851 0.006012 G074
130.656494 32.343513 0.015094 0.006186 G075
130.986389 32.292397 0.015079 0.006258 G076
131.521149 33.514332 0.022583 0.007821 G077
131.291672 33.383755 0.021310 0.007519 G078
131.748413 33.096195 0.020196 0.007561 G079
132.039047 32.936356 0.019524 0.007538 G080
131.441528 32.898895 0.018602 0.007140 G081
131.629227 32.852222 0.018538 0.007193 G082
131.364700 32.527931 0.016491 0.006673 G083
131.583023 32.316231 0.015543 0.006489 G084
131.347488 32.111889 0.014432 0.006161 G085
131.254456 32.001804 0.013894 0.006002 G086
130.976959 31.877796 0.013265 0.005793 G087
131.470062 31.785973 0.013007 0.005769 G088
130.735672 31.743780 0.012654 0.005593 G089
130.998306 31.564604 0.012028 0.005438 G090
130.340057 31.450253 0.011489 0.005214 G091
130.540588 31.377237 0.011279 0.005172 G092
130.867111 31.242748 0.010851 0.005059 G093
127.993683 26.386345 0.002753 0.001480 G094
127.760361 26.312714 0.002726 0.001462 G095
127.677628 26.194576 0.002646 0.001412 G096
153.978653 24.290094 -0.005940 0.007496 G098
137.550842 36.114304 0.178674 0.032566 G099
138.727310 35.360771 0.141830 0.038627 G100
140.858307 43.209526 0.037447 -0.050993 G101
139.489197 42.078789 0.109995 -0.110076 G102
140.859207 40.897495 0.272336 -0.277793 G103
139.703461 39.942116 0.552183 -0.321322 G104
139.545959 38.563339 0.974747 -0.242918 G105
140.249451 35.129383 0.103348 0.018887 G107
139.615540 35.160152 0.123644 0.033502 G108
138.281250 37.814758 0.452909 -0.032943 G109
138.508514 37.356544 0.457934 -0.003320 G110
136.900330 37.405727 0.229908 0.002665 G111
136.148849 36.254585 0.126273 0.020241 G112
139.132965 34.895485 0.086895 0.024824 G113
138.764206 34.806900 0.079524 0.023999 G114
138.327408 34.870670 0.084270 0.026296 G115
136.823837 34.903965 0.074428 0.022992 G116
135.191544 34.144146 0.040910 0.014071 G117
134.315933 35.593685 0.065072 0.013911 G118
131.604645 34.627590 0.031222 0.008433 G119
133.243500 33.333500 0.024394 0.009087 G120
129.849289 33.473080 0.019342 0.006503 G121
134.178116 33.266125 0.025117 0.009636 G122
130.191071 32.017410 0.013476 0.005714 G123
127.824677 26.179472 0.002616 0.001395 G124
132.982178 32.869484 0.020049 0.007944 G125
132.810654 32.762100 0.019090 0.007652 G126
137.814484 35.777534 0.158198 0.035646 G127
136.728745 35.405132 0.098256 0.025588 G128
136.431931 34.603333 0.059214 0.019420 G129
135.589935 33.747604 0.034178 0.012648 G130
133.940872 33.722511 0.030167 0.010738 G131
133.043228 33.545834 0.026043 0.009319 G132
132.488770 33.039463 0.020793 0.007974 G133
132.922653 33.391029 0.024349 0.008918 G134
133.699570 35.490398 0.055843 0.012149 G135
137.636871 34.702118 0.070219 0.023020 G136
131.384033 33.078835 0.019589 0.007298 G137
137.595978 36.576969 0.227676 0.027312 G138
136.540482 34.285072 0.049163 0.017174 G139
136.081070 20.425549 -0.000203 -0.000890 G140
132.961685 33.103912 0.021917 0.008403 G141
132.675827 32.927689 0.020182 0.007894 G142
136.295578 34.930733 0.070186 0.021057 G143
138.794662 34.970566 0.095120 0.028386 G144
141.283188 38.901936 3.190373 -1.492099 G145
135.426102 34.085499 0.040533 0.014205 G146
131.835007 34.043789 0.027266 0.008547 G147
136.728226 34.490002 0.056724 0.019204 G148
136.693192 34.296612 0.049946 0.017456 G149
140.898788 42.557934 0.058463 -0.076431 G150
132.650330 34.492138 0.034526 0.009963 G151
133.924103 33.622295 0.028878 0.010451 G152
134.114166 33.774574 0.031309 0.011102 G153
135.305313 33.769405 0.034095 0.012512 G154
135.970596 33.660805 0.032888 0.012321 G155
136.024353 33.820427 0.036198 0.013352 G156
132.339813 34.397049 0.032189 0.009423 G157
136.772705 37.000721 0.197663 0.013317 G158
141.054657 39.362015 1.774919 -1.039592 G159
137.723373 34.672314 0.068916 0.022673 G160
137.442459 34.680382 0.068184 0.022467 G161
139.533829 38.511196 0.974668 -0.231477 G162
139.276184 36.602337 0.503002 0.036455 G163
132.268814 34.575432 0.033633 0.009383 G164
141.685333 45.407822 0.008758 -0.011350 G201
144.285797 44.019413 0.006099 0.001757 G202
144.371399 42.975571 0.008186 0.003888 G203
140.724533 41.781658 0.115934 -0.135545 G204
139.824921 34.918789 0.079871 0.017213 G206
137.224579 36.762173 0.214387 0.020790 G207
135.773193 33.475948 0.029445 0.011205 G208
132.066208 34.897312 0.035785 0.009059 G209
129.866196 32.735119 0.016094 0.006134 G210
131.409302 31.576969 0.012126 0.005494 G211
127.665207 26.213327 0.002662 0.001422 G212
142.194611 27.093943 -0.001517 -0.000275 G213
144.868362 13.589329 -0.000432 0.000412 GUAM
144.802719 13.433208 -0.000422 0.000381 GUUG
139.542297 36.295162 0.481826 0.049761 I001
140.174271 36.263268 0.736028 0.022817 I002
139.810532 36.203671 0.535240 0.051569 I003
140.544479 36.181309 0.898679 -0.046310 I004
139.345169 36.120953 0.370501 0.054765 I005
140.343155 36.096935 0.712700 0.020907 I006
139.636719 36.087227 0.427457 0.058397 I007
139.799927 36.010895 0.439415 0.061842 I008
140.659241 35.955456 0.761418 -0.042926 I009
140.402954 35.970409 0.642605 0.029087 I010
139.464279 35.925503 0.328532 0.058905 I011
139.992722 35.940292 0.460246 0.064164 I012
139.651855 35.937469 0.369563 0.062015 I013
140.145493 35.873650 0.466821 0.063984 I014
140.407013 35.803329 0.500506 0.048791 I015
139.812805 35.780212 0.333939 0.064886 I016
140.024750 35.786465 0.380280 0.067398 I018
139.488266 35.710369 0.260891 0.057172 I019
140.315140 35.717453 0.403343 0.061016 I020
140.646820 35.777302 0.557676 0.002199 I021
140.837234 35.726357 0.528184 -0.065996 I022
139.902359 35.675465 0.300380 0.064003 I023
140.448303 35.642353 0.372265 0.051581 I024
140.186569 35.544144 0.268793 0.058731 I025
139.673355 35.563404 0.231025 0.055629 I026
140.318237 35.530117 0.272681 0.054890 I027
139.467834 35.521408 0.203849 0.050807 I028
139.322571 35.482639 0.186107 0.047511 I029
140.051331 35.447784 0.213033 0.052159 I030
139.045181 35.415352 0.160599 0.042519 I031
139.653748 35.436485 0.190380 0.049108 I032
140.337372 35.421127 0.210491 0.044823 I033
139.466064 35.326683 0.156353 0.042173 I034
139.262695 35.304901 0.146987 0.040198 I035
139.825516 35.311703 0.160116 0.042197 I036
140.146790 35.333141 0.169869 0.041315 I037
138.881653 35.321602 0.140306 0.038615 I038
139.843567 35.143711 0.118804 0.030484 I039
140.268021 35.165901 0.112031 0.021429 I041
139.110443 35.148605 0.118890 0.033876 I042
138.901855 35.110016 0.111679 0.032443 I043
140.079269 35.111862 0.106354 0.023452 I044
139.954346 35.254807 0.144943 0.037236 I045
138.997925 35.014828 0.100679 0.029381 I046
139.864075 34.954082 0.083944 0.018284 I047
139.131165 34.939308 0.091822 0.026350 I048
138.924820 34.916115 0.089663 0.026486 I049
137.672333 34.835331 0.078088 0.024937 I050
139.381393 34.784420 0.072675 0.018576 I051
138.017532 34.785950 0.076872 0.024633 I052
138.989822 34.751350 0.073637 0.021226 I053
139.433212 34.686787 0.062510 0.014426 I055
139.257904 34.371826 0.043079 0.008241 I057
139.134460 34.200478 0.036273 0.006392 I058
139.503845 34.121067 0.027302 -0.000279 I059
139.547150 34.059113 0.024364 -0.001848 I060
139.013687 34.921822 0.090163 0.026320 I061
139.124359 34.878475 0.085106 0.024301 I062
139.268127 35.723759 0.241885 0.053435 I063
138.975861 35.623348 0.196412 0.047037 I064
139.157227 35.610275 0.205354 0.049201 I065
139.204865 35.428520 0.169153 0.044370 I066
139.664841 35.267094 0.146633 0.039493 I067
139.049332 35.245514 0.132488 0.037112 I068
138.445251 35.443581 0.144297 0.038192 I069
138.814041 35.496590 0.165383 0.042484 I070
138.563431 35.362080 0.137458 0.037529 I071
138.770676 35.305538 0.135269 0.037533 I072
138.445694 35.289463 0.125797 0.035315 I073
138.253510 35.200977 0.112712 0.032642 I074
138.616989 35.203182 0.119149 0.034254 I075
138.721542 35.173592 0.117282 0.033879 I076
138.524704 35.067406 0.103171 0.030779 I077
138.368698 35.103458 0.104949 0.031188 I078
138.134903 35.103912 0.101990 0.030423 I079
138.378296 34.990524 0.094604 0.028840 I081
137.695236 35.079292 0.094304 0.028324 I084
138.786057 34.776073 0.076817 0.023093 I085
138.838425 34.610001 0.063497 0.018505 I086
138.074860 34.939796 0.088077 0.027376 I088
137.932144 34.843857 0.080294 0.025523 I089
137.817947 34.941345 0.086041 0.026815 I090
138.136917 34.757755 0.075394 0.024140 I091
138.225601 34.738308 0.074263 0.023714 I092
138.053543 34.715252 0.072410 0.023410 I093
138.129288 34.642902 0.067999 0.022060 I094
137.937439 34.670422 0.069409 0.022689 I095
137.911270 34.755394 0.074483 0.024066 I096
137.791794 34.792835 0.076234 0.024530 I097
137.823425 34.671883 0.069205 0.022711 I098
137.575485 34.937675 0.083577 0.026052 I099
137.434006 34.864815 0.078013 0.024717 I102
137.554337 34.808727 0.075728 0.024322 I103
137.514938 34.718052 0.070500 0.023063 I104
139.171036 35.040627 0.104286 0.029841 I105
139.797241 33.119949 0.004694 -0.009481 I113
104.316177 52.219021 0.003637 -0.000558 IRKJ
104.316238 52.219025 0.003637 -0.000558 IRKM
104.316238 52.219025 0.003637 -0.000558 IRKT
141.750443 45.402992 0.008594 -0.011015 J001
143.224182 44.433685 0.007697 -0.005273 J002
141.756317 44.397949 0.013605 -0.018398 J003
144.675842 43.915691 0.005419 0.003887 J004
144.449005 43.507858 0.006673 0.003372 J005
142.482483 43.589657 0.015380 -0.018560 J007
141.510376 43.854012 0.019934 -0.027942 J008
145.129623 43.070080 0.004810 0.007618 J009
144.431931 42.963261 0.007931 0.004418 J010
143.459229 43.028625 0.012959 -0.007492 J011
142.401978 42.980515 0.022788 -0.028894 J012
141.030914 43.177853 0.036066 -0.049644 J013
141.730667 42.983253 0.031193 -0.043313 J014
143.331009 42.321594 0.020606 -0.015065 J015
142.364609 42.356903 0.035750 -0.046326 J016
139.857666 42.450733 0.081130 -0.091056 J017
140.942413 42.374214 0.066400 -0.085814 J018
143.156525 42.005856 0.028475 -0.026067 J019
139.519592 42.153545 0.104158 -0.106065 J020
140.107330 42.008076 0.108203 -0.118387 J021
140.747833 41.826073 0.110861 -0.130925 J022
140.040649 41.466377 0.168403 -0.165218 J023
141.213272 41.300774 0.162940 -0.192883 J024
140.272980 40.778984 0.309424 -0.269697 J026
141.789093 40.133450 0.745483 -0.746273 J027
141.939957 39.572384 1.990069 -1.488452 J028
141.203918 39.110626 2.507755 -1.316954 J029
139.776154 39.967903 0.556626 -0.332058 J030
140.048233 39.398697 0.945129 -0.457343 J031
139.808853 38.894604 1.064184 -0.361032 J032
140.318741 38.758595 1.640063 -0.558147 J033
140.366089 38.331028 1.927280 -0.448898 J035
141.441162 38.449196 4.838878 -1.614022 J036
140.954178 38.317486 3.229325 -0.845273 J037
140.908081 37.800671 2.871741 -0.468784 J038
139.791504 37.643696 1.111481 -0.096137 J040
140.902512 37.090714 1.998264 -0.338627 J041
140.611832 36.539928 1.236345 -0.119803 J042
139.726425 36.401848 0.591241 0.040094 J043
138.906265 36.697025 0.430102 0.032977 J044
138.865402 36.259033 0.322059 0.046495 J045
137.851120 36.499767 0.241695 0.031066 J046
137.943802 35.923580 0.180524 0.037267 J047
138.583298 35.590336 0.169764 0.041882 J048
139.509567 38.230690 0.978916 -0.175289 J049
138.988861 37.896469 0.678265 -0.070450 J050
138.574402 37.397678 0.479842 -0.007192 J051
137.487228 36.928959 0.251208 0.018102 J052
136.889160 37.382374 0.227749 0.003400 J053
136.649933 36.663410 0.170166 0.018994 J054
136.172974 36.231174 0.125992 0.020558 J055
136.105804 35.602562 0.095106 0.022113 J056
135.233383 35.549904 0.077238 0.017581 J057
137.347916 36.135994 0.169693 0.030456 J058
137.248367 35.800484 0.137879 0.030445 J059
136.900024 35.526073 0.108889 0.027157 J060
137.467575 35.396767 0.113452 0.030418 J061
136.158234 35.094727 0.074962 0.021247 J062
137.041290 35.128109 0.088377 0.025747 J063
136.502289 34.758999 0.065449 0.020746 J064
136.851135 34.465389 0.056320 0.019196 J065
136.198364 34.060658 0.042056 0.015095 J066
135.500977 34.837997 0.059495 0.017642 J067
135.851410 34.392300 0.049540 0.016634 J068
135.221497 34.157684 0.041300 0.014184 J069
135.764420 33.483360 0.029569 0.011247 J070
134.550385 34.784813 0.050373 0.014483 J071
133.058655 35.433876 0.048796 0.010604 J074
132.208969 35.002811 0.037616 0.009255 J075
131.610367 34.616493 0.031154 0.008441 J076
133.527985 34.548798 0.039685 0.011645 J077
132.575439 34.340355 0.032590 0.009746 J078
130.913635 33.996555 0.024382 0.007550 J079
134.023911 34.286026 0.038351 0.012235 J080
134.626022 33.926857 0.035042 0.012297 J081
134.122131 33.315895 0.025611 0.009751 J082
133.578262 33.529148 0.027035 0.009842 J083
133.241791 33.272900 0.023819 0.008957 J084
132.966415 32.755737 0.019168 0.007706 J085
132.281174 33.469009 0.023762 0.008451 J086
130.476776 33.730721 0.021806 0.007070 J087
131.691376 33.461544 0.022551 0.007918 J088
130.967819 33.331085 0.020446 0.007230 J089
131.876373 32.924587 0.019259 0.007426 J090
129.850296 33.476070 0.019357 0.006505 J091
130.645599 32.546410 0.016000 0.006373 J093
131.632324 32.445446 0.016247 0.006676 J094
131.469681 32.021755 0.014061 0.006075 J095
130.190140 32.013245 0.013460 0.005710 J096
130.466446 31.503769 0.011702 0.005290 J097
130.299484 31.264591 0.010866 0.005024 J098
131.087540 31.258533 0.010911 0.005087 J099
127.768921 26.144814 0.002598 0.001383 J100
142.169739 45.335827 0.007713 -0.008976 J101
141.038208 45.275967 0.011379 -0.015811 J102
142.537094 45.002399 0.007813 -0.008166 J103
141.741394 44.892460 0.010798 -0.014275 J104
142.265244 44.728497 0.009656 -0.011487 J105
141.330063 44.427048 0.015626 -0.021852 J106
142.625595 44.294567 0.010234 -0.011042 J107
144.029770 44.063873 0.006598 0.000135 J108
145.186096 44.019184 0.004300 0.005412 J109
142.151688 44.006779 0.014223 -0.018356 J110
143.333694 44.005619 0.008776 -0.005591 J111
143.926941 42.894516 0.010809 -0.000802 J112
144.986969 43.549397 0.005077 0.005863 J113
143.787262 43.848896 0.007813 -0.001795 J114
145.131439 43.661823 0.004627 0.006031 J115
144.774323 43.408688 0.005838 0.005365 J116
141.431183 43.404678 0.026853 -0.037702 J117
145.114960 43.382526 0.004807 0.006679 J118
145.801132 43.366852 0.002634 0.007521 J119
140.597076 43.292583 0.038487 -0.051478 J120
143.562424 43.289471 0.010876 -0.005113 J121
144.325027 43.232933 0.007720 0.002972 J122
143.298019 43.231995 0.012677 -0.009087 J123
144.126526 43.120609 0.008884 0.001359 J124
144.843018 43.057594 0.005978 0.006663 J125
140.499176 43.056828 0.046244 -0.060266 J126
140.543945 42.985252 0.047933 -0.062428 J127
141.290329 42.971378 0.037707 -0.052168 J128
140.883347 42.857887 0.047209 -0.063066 J129
140.603516 42.802719 0.053495 -0.069101 J130
140.233200 42.786434 0.059566 -0.073378 J131
141.863983 42.729443 0.035034 -0.048177 J132
142.295807 42.727238 0.028403 -0.037104 J133
143.103256 42.699268 0.018745 -0.016906 J134
141.074951 42.667877 0.050734 -0.068051 J135
141.602264 42.655529 0.041591 -0.057346 J136
140.825684 42.646290 0.056028 -0.073216 J137
143.461151 42.551647 0.016645 -0.009845 J138
141.361481 42.549801 0.049777 -0.067681 J139
140.354202 42.494362 0.071342 -0.086554 J140
142.060226 42.481281 0.038218 -0.051680 J141
142.567459 42.247726 0.034601 -0.042763 J142
140.250488 42.243679 0.088031 -0.101962 J143
142.935394 42.130936 0.030126 -0.031960 J144
140.003952 42.130848 0.100073 -0.109743 J145
140.568863 42.098606 0.092024 -0.109700 J146
140.805542 42.042969 0.090623 -0.111062 J147
140.315887 41.599026 0.146611 -0.155104 J149
140.880508 41.455299 0.151414 -0.172922 J150
140.635895 41.043221 0.237779 -0.239090 J151
141.367966 40.968243 0.228876 -0.264731 J152
141.197830 40.625069 0.366425 -0.378154 J153
139.928116 40.577644 0.356068 -0.272432 J154
140.578140 40.523655 0.410431 -0.354593 J155
141.511276 40.515358 0.410151 -0.444406 J156
141.076477 40.291077 0.570620 -0.514010 J157
141.713135 40.405201 0.470675 -0.517832 J158
141.293686 40.291149 0.579465 -0.552265 J159
141.461945 40.048599 0.845889 -0.761493 J160
141.225067 39.980576 0.894801 -0.736210 J161
141.950546 39.869370 1.215417 -1.056183 J162
141.164856 39.851246 1.047519 -0.799766 J163
141.803848 39.849174 1.223001 -1.055959 J164
140.964508 39.701092 1.163937 -0.791876 J165
141.172104 39.596573 1.449547 -0.979211 J166
141.955261 39.458160 2.407901 -1.709473 J167
141.534164 39.338055 2.360967 -1.499208 J169
141.798035 39.253517 3.022633 -1.912017 J170
141.739853 39.023781 3.957743 -2.146696 J171
141.572586 38.902859 3.962916 -1.941245 J172
140.990585 38.815342 2.735477 -1.130226 J173
140.801636 38.748936 2.447368 -0.920332 J174
141.449371 38.682697 4.309632 -1.758481 J175
141.147537 38.539482 3.602309 -1.225289 J176
140.851364 38.411758 2.914697 -0.819413 J177
140.642853 38.205742 2.480789 -0.534796 J178
140.843994 38.029659 2.896594 -0.549609 J179
140.442581 37.989929 2.043594 -0.329313 J180
140.577347 40.325047 0.508110 -0.410860 J181
140.263657 40.271156 0.501311 -0.371144 J182
140.787338 40.215439 0.599016 -0.488636 J183
140.048676 40.247295 0.484987 -0.340295 J184
140.401993 40.006878 0.672323 -0.463472 J185
140.132370 39.936054 0.650859 -0.411812 J186
140.597046 39.749161 0.935940 -0.602076 J187
140.234207 39.658310 0.857889 -0.490540 J188
140.386627 39.549294 1.014939 -0.568579 J189
140.559784 39.327003 1.352826 -0.701010 J190
139.907715 39.206062 0.979383 -0.413847 J191
140.161987 39.164211 1.178162 -0.511544 J192
140.629593 39.051903 1.758455 -0.787518 J193
139.547653 39.185562 0.800649 -0.311485 J194
139.957367 38.759720 1.242105 -0.392878 J195
139.831772 38.594036 1.187805 -0.320492 J196
139.742249 38.146175 1.159930 -0.196945 J197
140.093521 37.963608 1.511578 -0.219510 J198
140.077576 38.197544 1.516702 -0.289685 J199
140.466492 37.683308 1.922363 -0.224361 J200
140.755081 37.560555 2.292937 -0.290607 J201
140.072678 37.566948 1.348131 -0.117182 J202
141.006607 37.533691 2.789785 -0.421723 J203
139.528625 37.473461 0.875022 -0.047779 J204
140.662109 37.325470 1.905990 -0.217654 J205
139.364349 37.302799 0.739829 -0.019087 J206
139.503769 37.281490 0.805179 -0.023340 J207
139.871429 37.261070 1.035447 -0.047575 J209
140.259933 37.126293 1.305687 -0.088493 J210
140.561646 37.089294 1.590881 -0.169328 J211
140.413269 36.862091 1.289531 -0.098779 J212
140.293427 36.650566 1.053680 -0.043987 J213
140.753906 36.800308 1.592436 -0.231727 J214
140.077942 36.364914 0.743389 0.021511 J215
140.476334 36.344368 0.977442 -0.049134 J216
140.039261 36.854233 0.975443 -0.024317 J217
139.619247 36.665985 0.651287 0.025059 J218
139.923462 36.598946 0.776865 0.012449 J219
139.224899 36.769691 0.535744 0.027590 J220
138.552719 36.507996 0.325178 0.037650 J221
139.330383 36.421627 0.463097 0.044853 J222
139.075684 35.986893 0.287553 0.052233 J223
139.795990 35.895969 0.383877 0.064611 J224
140.048096 35.657207 0.312951 0.064951 J225
140.384903 35.243244 0.130112 0.023236 J226
139.974884 35.002792 0.088429 0.018537 J227
139.630646 35.663696 0.261271 0.058667 J228
139.162598 35.336208 0.150164 0.040809 J229
139.142410 35.268600 0.137985 0.038281 J230
139.253342 38.465393 0.813623 -0.176147 J231
138.513092 38.319347 0.532556 -0.086854 J232
138.471680 38.063278 0.515273 -0.060808 J233
139.351471 37.929382 0.859733 -0.102460 J234
138.273071 37.815903 0.451128 -0.032808 J235
139.477890 37.685905 0.896032 -0.074557 J236
138.780502 37.667522 0.575679 -0.035376 J237
139.059113 37.662296 0.678057 -0.046046 J238
138.998016 37.467720 0.621334 -0.022812 J239
138.789978 37.311314 0.525069 -0.004071 J240
138.333572 37.231121 0.403046 0.006184 J241
138.933716 37.166035 0.540692 0.004785 J242
138.100189 37.160789 0.352498 0.010691 J243
138.608719 37.079132 0.438286 0.013631 J244
137.873840 37.045174 0.306434 0.015589 J245
138.830841 36.993458 0.476051 0.017536 J246
138.198669 36.865402 0.329710 0.023574 J247
136.996124 36.740620 0.196273 0.019799 J248
137.195190 36.634335 0.202056 0.023095 J249
137.439896 36.578705 0.215304 0.025985 J250
136.920563 36.401878 0.167933 0.024356 J251
136.919266 37.850494 0.250643 -0.012767 J252
137.270050 37.446026 0.267657 0.000397 J253
136.388947 36.394455 0.142481 0.020621 J255
136.633942 36.165291 0.139492 0.024205 J256
136.278946 36.145618 0.125416 0.021796 J257
136.504929 35.984909 0.124452 0.024153 J258
135.989761 35.945004 0.107304 0.020855 J259
136.197388 35.792782 0.105811 0.022545 J260
135.907639 35.534409 0.088366 0.020961 J261
135.608887 35.462715 0.080497 0.019378 J262
138.316391 35.855980 0.193834 0.041384 J263
138.695129 35.746876 0.201154 0.045284 J264
138.436172 36.801708 0.357665 0.027101 J265
137.872330 36.706470 0.268048 0.026605 J266
138.247467 36.665154 0.307797 0.030630 J267
138.322525 36.386177 0.274402 0.037988 J268
138.637802 36.346012 0.306983 0.042254 J269
137.902817 36.322372 0.225077 0.034373 J270
138.216492 36.208466 0.236884 0.039192 J271
138.460968 36.130638 0.247567 0.042868 J272
137.983017 36.121109 0.206624 0.037146 J273
137.696259 35.783619 0.153759 0.034512 J274
138.038315 35.556129 0.143716 0.036264 J275
137.815231 35.521091 0.133004 0.034055 J276
137.925278 35.317142 0.117173 0.032628 J277
137.587662 35.246998 0.104767 0.029779 J278
137.147171 36.335510 0.175319 0.026943 J279
136.952759 36.033047 0.143656 0.027463 J280
137.534866 35.973457 0.164502 0.032968 J281
136.863174 35.866940 0.129235 0.027203 J282
136.975296 35.757782 0.125688 0.028161 J283
137.424774 35.657188 0.132584 0.031648 J284
136.488770 35.636154 0.105250 0.024543 J285
136.611389 35.632896 0.108051 0.025373 J286
137.174149 35.612087 0.121609 0.029461 J287
136.687286 35.488323 0.101913 0.025603 J288
137.124695 35.478699 0.111222 0.028544 J289
136.549744 35.371708 0.093111 0.024372 J291
137.110229 35.367371 0.103725 0.027833 J292
137.405609 35.261967 0.102512 0.028866 J293
136.593445 35.227905 0.086824 0.024017 J294
137.980408 35.031517 0.094203 0.028686 J295
138.515671 34.986496 0.095242 0.028884 J296
138.922256 34.865589 0.084583 0.024984 J297
136.929977 35.334759 0.098229 0.026510 J298
136.828827 35.190105 0.088570 0.025076 J299
137.253555 35.138752 0.092061 0.026911 J300
137.313171 35.039463 0.086901 0.026228 J301
137.059784 34.994991 0.081419 0.024716 J302
137.299942 34.919746 0.079888 0.024913 J303
136.867645 34.823357 0.071151 0.022482 J304
137.119003 34.794872 0.071855 0.023020 J305
137.277832 34.648663 0.065840 0.021813 J306
137.068069 34.609238 0.063032 0.020993 J307
136.636505 34.913803 0.072993 0.022329 J309
136.183456 34.742874 0.062313 0.019575 J310
136.550659 34.547047 0.057910 0.019297 J311
136.334259 34.433140 0.053024 0.017957 J312
136.820618 34.253441 0.048820 0.017183 J314
136.085907 33.875137 0.037466 0.013743 J315
136.010895 33.741272 0.034524 0.012838 J316
136.197952 35.557331 0.095015 0.022644 J317
136.053665 35.466286 0.088305 0.021719 J318
135.913208 35.351254 0.081358 0.020798 J319
136.062820 35.318974 0.082463 0.021505 J320
136.235611 35.269440 0.083128 0.022272 J321
135.870804 35.137039 0.072897 0.020082 J322
136.145035 34.986385 0.070684 0.020713 J323
135.906158 34.939602 0.066490 0.019530 J324
136.054825 34.869328 0.065558 0.019793 J326
135.173218 35.752354 0.082333 0.017031 J327
134.932281 35.555683 0.072759 0.016274 J328
135.164032 35.292336 0.068719 0.017276 J329
135.366898 35.163788 0.067537 0.017963 J331
135.564514 35.077583 0.067244 0.018597 J332
135.665436 34.988571 0.065575 0.018752 J333
135.864151 34.746971 0.059880 0.018523 J334
135.685455 34.777840 0.059345 0.018054 J335
135.518494 34.677906 0.055209 0.017108 J336
135.481339 34.527309 0.051016 0.016376 J337
135.627335 34.479107 0.050646 0.016542 J338
135.586945 34.424809 0.049033 0.016181 J339
135.364151 34.406452 0.047402 0.015560 J340
134.582489 35.436749 0.064989 0.015015 J341
134.818497 35.314899 0.064984 0.015920 J342
135.181900 35.105286 0.063749 0.017131 J343
134.585953 35.094456 0.057260 0.014992 J344
134.972595 35.090786 0.061114 0.016328 J345
134.403778 34.997593 0.053501 0.014332 J346
134.767303 34.984684 0.056530 0.015471 J347
135.325989 34.976788 0.061734 0.017415 J348
135.176422 34.944794 0.059411 0.016799 J349
134.545242 34.897266 0.052653 0.014646 J350
135.215912 34.812187 0.056340 0.016595 J351
134.997238 34.804916 0.054348 0.015871 J352
135.341782 34.790905 0.056841 0.016946 J353
134.828781 34.786961 0.052581 0.015309 J354
135.380386 34.724251 0.055396 0.016849 J355
135.172287 34.686989 0.052882 0.016083 J356
134.519562 34.669880 0.047849 0.014181 J357
134.965698 34.669739 0.050979 0.015424 J358
135.024078 34.577053 0.049294 0.015315 J359
134.860977 34.493320 0.046475 0.014630 J360
134.881531 34.349770 0.043666 0.014222 J361
134.735184 34.334332 0.042628 0.013847 J362
134.736542 34.223671 0.040565 0.013496 J363
136.050385 34.567032 0.055654 0.018137 J364
135.731003 34.539223 0.052870 0.017110 J365
135.704178 34.388302 0.048709 0.016276 J366
135.963745 34.038166 0.040999 0.014696 J367
135.357956 34.256138 0.043953 0.014885 J368
135.065979 34.271461 0.042975 0.014343 J369
135.590118 34.221828 0.044135 0.015176 J370
135.384857 33.961674 0.037887 0.013538 J371
135.180084 33.913853 0.036427 0.013039 J372
135.782089 33.815201 0.035780 0.013170 J373
135.508392 33.785488 0.034761 0.012783 J374
135.396179 33.744274 0.033809 0.012473 J375
135.920715 33.583912 0.031404 0.011842 J376
135.599197 33.505619 0.029881 0.011348 J377
134.046677 35.456753 0.059022 0.013203 J378
133.439072 35.345535 0.050921 0.011603 J379
134.237366 35.265862 0.057331 0.013912 J380
133.308533 35.164574 0.047084 0.011392 J381
133.239883 36.285290 0.062885 0.009001 J382
132.984375 36.093208 0.057023 0.009106 J383
132.743210 35.392616 0.045622 0.009971 J384
132.995422 35.195614 0.045068 0.010666 J385
132.507324 35.185955 0.041445 0.009686 J386
132.720505 35.019772 0.040929 0.010175 J387
131.923141 34.767345 0.033847 0.008866 J388
133.792480 35.263538 0.052871 0.012593 J389
134.319641 35.099640 0.054799 0.014144 J390
134.234772 35.020882 0.052472 0.013844 J391
133.734497 35.002960 0.047984 0.012457 J392
133.960861 34.982544 0.049453 0.013047 J393
133.598083 34.809692 0.043939 0.012032 J394
133.929047 34.791386 0.045931 0.012820 J395
134.165756 34.657722 0.045247 0.013244 J396
133.796738 34.438568 0.039533 0.012056 J397
133.120224 34.943451 0.042612 0.011003 J398
132.277328 34.726898 0.035185 0.009419 J399
132.540237 34.678814 0.036012 0.009851 J400
133.107529 34.672451 0.038992 0.010895 J401
132.824005 34.571301 0.036251 0.010306 J402
132.463470 34.539158 0.034160 0.009680 J403
133.009796 34.378685 0.034892 0.010487 J405
131.416550 34.439861 0.029007 0.008190 J407
130.943146 34.294609 0.026410 0.007643 J408
131.562790 34.283737 0.028305 0.008337 J409
131.953293 34.259083 0.029446 0.008815 J410
131.346085 34.189491 0.026901 0.008058 J411
131.530823 34.057240 0.026474 0.008210 J412
131.286041 33.977715 0.025223 0.007912 J413
132.104446 33.975067 0.027501 0.008815 J414
134.351974 34.096989 0.036807 0.012384 J415
134.560135 34.059906 0.036994 0.012635 J416
134.049179 34.051498 0.034965 0.011742 J417
134.230225 34.038418 0.035441 0.012011 J418
133.681290 33.936672 0.032120 0.010897 J419
134.389099 33.878933 0.033575 0.011791 J420
134.058197 33.877514 0.032545 0.011308 J421
134.667801 33.830242 0.033626 0.012015 J422
134.533005 33.725090 0.031688 0.011474 J423
134.372025 33.618500 0.029825 0.010933 J424
134.314209 34.472374 0.042901 0.013255 J425
134.241974 34.254578 0.038866 0.012595 J426
133.715057 34.217396 0.035966 0.011516 J427
133.647522 34.068073 0.033691 0.011115 J428
133.925507 34.164169 0.036105 0.011789 J429
132.990234 34.077888 0.031394 0.010107 J430
133.538239 33.938660 0.031672 0.010689 J431
133.201309 33.921204 0.030375 0.010175 J432
132.911636 33.796497 0.028189 0.009594 J433
132.683975 33.722599 0.026863 0.009213 J434
132.937881 33.569225 0.026033 0.009250 J435
132.693405 33.446766 0.024400 0.008802 J436
132.561829 32.963905 0.020323 0.007892 J437
133.655777 33.766975 0.029949 0.010484 J438
133.805023 33.654152 0.028983 0.010397 J439
134.106903 33.603786 0.029059 0.010601 J440
134.280807 33.527760 0.028444 0.010547 J441
133.903641 33.505737 0.027441 0.010113 J442
133.280914 33.468403 0.025783 0.009407 J443
134.007126 33.427795 0.026723 0.009991 J444
133.402985 33.407703 0.025408 0.009391 J445
132.792694 33.171646 0.022242 0.008412 J447
132.999237 32.991234 0.021035 0.008201 J448
132.703720 32.840607 0.019567 0.007750 J449
130.250824 33.536140 0.020337 0.006816 J450
130.521957 33.500378 0.020630 0.007003 J451
130.828751 33.465462 0.020982 0.007218 J452
130.564651 33.205875 0.019139 0.006858 J453
130.268723 33.274853 0.019050 0.006701 J454
130.094162 33.098476 0.017959 0.006488 J455
129.482056 34.655552 0.024208 0.006220 J456
129.311508 34.268208 0.021960 0.006188 J457
129.734726 33.742657 0.020408 0.006496 J458
129.537018 33.362202 0.018349 0.006254 J459
129.690659 33.063103 0.017276 0.006224 J460
130.271332 32.870686 0.017124 0.006446 J461
128.843109 32.669384 0.014801 0.005568 J462
130.154602 32.636913 0.015962 0.006213 J463
130.547729 32.933495 0.017743 0.006651 J464
130.764801 32.842098 0.017537 0.006699 J465
131.099304 32.740650 0.017368 0.006783 J466
129.987305 32.326241 0.014542 0.005897 J467
130.506836 32.299156 0.014799 0.006085 J468
130.802628 32.238674 0.014726 0.006136 J469
131.564163 33.671192 0.023754 0.007992 J470
131.168930 33.496235 0.021789 0.007510 J471
131.347275 33.254044 0.020597 0.007445 J472
131.798065 33.239437 0.021216 0.007765 J473
131.286087 33.009029 0.019051 0.007164 J474
131.587845 32.986858 0.019299 0.007328 J475
131.756836 32.704018 0.017791 0.007070 J476
131.327621 32.684834 0.017290 0.006838 J477
131.148865 32.456642 0.015969 0.006501 J478
131.185226 32.245857 0.014978 0.006274 J479
131.515854 32.170433 0.014783 0.006279 J480
131.078568 31.965048 0.013669 0.005917 J481
131.021515 31.740314 0.012719 0.005645 J482
131.368866 31.676546 0.012528 0.005617 J483
131.217392 31.469376 0.011690 0.005346 J484
130.597809 32.057503 0.013845 0.005883 J485
130.759674 31.855528 0.013100 0.005719 J486
129.795441 31.768684 0.012387 0.005373 J487
130.278152 31.717379 0.012404 0.005461 J488
130.836060 31.617376 0.012197 0.005474 J489
130.640366 31.235224 0.010811 0.005034 J490
130.723053 31.106205 0.010391 0.004901 J491
130.964218 30.530867 0.008622 0.004263 J492
130.638382 30.381721 0.008276 0.004134 J493
129.489029 28.399088 0.004659 0.002546 J494
128.432327 27.032185 0.003254 0.001781 J495
127.898453 26.694811 0.003021 0.001639 J496
131.227798 25.831211 0.001633 0.000602 J497
125.373795 24.753119 0.002041 0.001040 J498
122.942841 24.454168 0.002183 0.001152 J499
123.792038 24.426273 0.002080 0.001085 J500
141.167099 45.137711 0.011655 -0.016147 J501
142.964462 44.582043 0.007969 -0.006791 J502
143.615677 44.219723 0.007250 -0.002724 J503
143.076813 44.191944 0.008975 -0.007334 J504
144.293304 43.988789 0.006140 0.001825 J505
142.577713 43.908405 0.012521 -0.014270 J506
144.115250 43.828079 0.006922 0.000770 J507
142.409607 43.738522 0.014672 -0.017974 J508
141.873840 43.740841 0.018395 -0.025138 J509
142.903015 43.771412 0.011650 -0.011336 J510
143.578156 43.670502 0.009138 -0.004030 J511
145.258957 43.232105 0.004347 0.007427 J512
144.079620 43.438835 0.008067 0.000664 J513
142.395340 43.336266 0.018436 -0.023142 J514
144.597656 43.307011 0.006565 0.004692 J515
141.890930 43.248409 0.024459 -0.033657 J516
140.860611 43.209507 0.037419 -0.050965 J517
142.809723 43.165527 0.016667 -0.017886 J518
145.520493 43.195164 0.003386 0.007853 J519
141.540115 43.077587 0.031749 -0.044315 J520
143.170563 42.938862 0.015760 -0.013190 J521
141.577423 42.884430 0.035665 -0.049538 J522
141.407089 42.773190 0.041415 -0.057085 J523
140.767624 42.551380 0.061213 -0.078807 J525
140.876373 42.473904 0.062768 -0.081252 J526
139.446152 42.060505 0.111739 -0.110696 J527
140.666870 42.123142 0.088033 -0.106802 J528
140.715439 41.976688 0.098167 -0.117735 J529
140.071228 41.803028 0.127750 -0.134296 J530
144.719147 42.982571 0.006587 0.006287 J531
143.315689 42.125587 0.023552 -0.017955 J532
141.447586 41.404705 0.134847 -0.168270 J533
140.490768 41.185078 0.209216 -0.210752 J534
140.821991 41.145546 0.209392 -0.223606 J535
141.131805 40.862362 0.274098 -0.294828 J537
140.589218 40.706276 0.338043 -0.309083 J538
141.376205 40.676399 0.333743 -0.364464 J539
140.478531 40.624344 0.365859 -0.318779 J540
140.803345 40.643566 0.363934 -0.343262 J541
140.451569 40.910175 0.273926 -0.256676 J542
141.066330 39.953079 0.888730 -0.695143 J543
140.769180 39.351299 1.508797 -0.828084 J544
141.575485 39.143089 3.053355 -1.745661 J546
141.675293 39.596127 1.760467 -1.315268 J547
140.847870 38.546215 2.794370 -0.893590 J548
141.212906 38.425056 3.958091 -1.226604 J549
141.500687 38.301186 5.334826 -1.635929 J550
139.848938 39.891136 0.605391 -0.354938 J551
140.044724 39.825809 0.688464 -0.408314 J552
140.732849 39.702682 1.044267 -0.676814 J553
140.506699 39.199097 1.446839 -0.689873 J554
139.927490 39.015972 1.093815 -0.412538 J555
140.365158 38.496769 1.866826 -0.512607 J556
140.271133 38.148098 1.787352 -0.334366 J557
140.205658 37.615952 1.522072 -0.148809 J559
140.372894 37.620731 1.743252 -0.184255 J560
140.135880 37.424507 1.345807 -0.102413 J561
139.586166 37.097248 0.790584 -0.008938 J563
139.461685 38.056183 0.940203 -0.135957 J564
138.369888 38.023685 0.486805 -0.052926 J565
138.706940 37.535831 0.535483 -0.020988 J566
138.516373 37.348541 0.458703 -0.002862 J567
139.020248 37.319870 0.601001 -0.009540 J568
138.242584 37.056683 0.362953 0.015555 J569
137.893875 36.950871 0.298651 0.019158 J570
139.073914 37.752064 0.697401 -0.057516 J571
137.369522 36.736958 0.223815 0.022280 J572
137.031891 36.649563 0.192151 0.021675 J573
137.138550 37.306969 0.245865 0.005586 J574
136.718765 37.156746 0.202555 0.009512 J575
136.996063 37.123158 0.221849 0.010969 J576
136.755646 36.817478 0.185622 0.016993 J577
136.605331 36.370068 0.150507 0.022336 J578
136.184998 35.968887 0.113801 0.022005 J579
136.055984 35.836842 0.104265 0.021568 J580
140.497604 36.743027 1.287126 -0.108905 J581
139.987762 36.300705 0.661090 0.035908 J582
139.931503 36.114815 0.536436 0.054881 J583
140.202438 36.031338 0.596711 0.048254 J584
140.164764 36.952305 1.123576 -0.053002 J585
139.805740 36.979580 0.874223 -0.012262 J586
139.854263 36.776371 0.817501 0.002257 J587
140.157684 36.692455 0.976612 -0.024523 J588
139.490585 36.624172 0.583170 0.031910 J589
140.179306 36.542217 0.906370 -0.011295 J590
138.591446 36.616318 0.351336 0.034732 J591
139.066635 36.234669 0.349557 0.049284 J592
138.912415 36.142754 0.302609 0.048777 J593
139.434021 34.761543 0.069549 0.017047 J594
139.358582 34.737614 0.068407 0.017200 J595
139.270935 34.519634 0.052090 0.011705 J596
139.210938 34.333122 0.041675 0.008032 J597
139.137573 34.239914 0.038048 0.007094 J598
139.478806 34.075783 0.026050 -0.000548 J600
139.612854 33.884125 0.018164 -0.004786 J601
139.764618 32.463501 0.001343 -0.008786 J602
142.162766 26.635151 -0.001355 -0.000276 J603
138.690384 35.649517 0.184435 0.043967 J606
139.025772 35.511868 0.177551 0.045042 J607
137.984543 36.239029 0.221428 0.036217 J608
137.871750 36.228371 0.211480 0.035078 J609
138.499283 36.284714 0.278020 0.041677 J610
137.682632 36.084663 0.183243 0.034074 J611
138.214478 36.026161 0.210835 0.040272 J612
138.583023 35.974148 0.232119 0.045038 J613
137.598267 35.880001 0.158713 0.033694 J614
137.983887 35.726292 0.160139 0.037101 J615
137.676392 35.343735 0.114004 0.031337 J616
136.904266 36.261467 0.157369 0.025612 J617
137.363022 36.285645 0.183607 0.029389 J618
137.200668 35.911633 0.144656 0.029966 J619
138.776520 34.855034 0.083813 0.025242 J620
138.928360 35.204395 0.124418 0.035385 J621
138.098282 34.679924 0.070265 0.022758 J622
138.182968 34.677753 0.070211 0.022621 J623
138.046524 34.666409 0.069364 0.022566 J624
138.159042 34.634541 0.067493 0.021863 J625
138.906891 35.047241 0.104105 0.030523 J626
140.086304 36.103634 0.593419 0.049296 J627
138.939331 34.698906 0.069557 0.020102 J628
137.073563 35.239086 0.095224 0.026756 J629
136.965805 35.168423 0.089491 0.025660 J630
136.862747 34.984394 0.078648 0.023787 J631
136.831879 34.904385 0.074527 0.023027 J632
136.694244 35.050911 0.079820 0.023511 J633
136.393265 34.854900 0.068216 0.020996 J634
136.329758 34.648750 0.060138 0.019447 J635
136.628403 34.431442 0.054236 0.018518 J636
136.342926 34.208157 0.046336 0.016321 J637
136.264740 35.420357 0.090177 0.022840 J638
136.041199 35.085724 0.073167 0.020678 J639
135.034042 35.685078 0.077940 0.016535 J640
135.415833 35.482216 0.078037 0.018450 J641
135.549530 35.275860 0.073350 0.018926 J642
135.773300 35.053135 0.068847 0.019398 J643
135.772400 34.952641 0.065547 0.019052 J644
134.677383 35.621201 0.070690 0.015178 J645
134.728714 35.461262 0.067467 0.015543 J646
135.022034 35.237881 0.065469 0.016668 J647
134.771225 35.162743 0.060734 0.015679 J648
134.945038 34.936188 0.057033 0.015983 J649
135.528351 34.311840 0.045985 0.015502 J650
135.167740 34.025391 0.038487 0.013515 J652
135.496201 33.554413 0.030628 0.011571 J653
133.339691 35.436008 0.051380 0.011267 J654
134.325272 35.361443 0.060251 0.014165 J655
133.137894 35.563534 0.051330 0.010617 J656
132.457321 34.892658 0.037881 0.009714 J657
132.013565 34.571064 0.032458 0.008999 J658
131.864319 34.439720 0.030676 0.008763 J659
133.563995 35.169662 0.049270 0.012018 J660
133.396271 34.993362 0.045255 0.011625 J662
132.851578 34.811604 0.039242 0.010443 J663
133.337631 34.777790 0.041773 0.011428 J664
132.194656 34.370346 0.031347 0.009198 J665
132.455551 34.260921 0.031311 0.009508 J666
132.884384 34.210068 0.032447 0.010107 J667
131.152390 34.764347 0.030447 0.007833 J668
131.176163 34.342087 0.027466 0.007901 J669
131.065674 34.179771 0.026000 0.007753 J670
132.358337 33.909935 0.027680 0.009060 J672
134.605026 34.171810 0.039072 0.013072 J673
133.874985 34.039738 0.034155 0.011426 J674
134.301468 33.789532 0.032025 0.011393 J675
133.998672 34.445454 0.040711 0.012496 J676
133.780670 34.383400 0.038634 0.011934 J677
133.189102 34.252445 0.034174 0.010651 J678
132.781738 33.959473 0.029443 0.009658 J679
132.487259 33.611595 0.025387 0.008844 J680
132.543762 33.177589 0.021921 0.008239 J681
133.228470 33.326908 0.024305 0.009061 J683
133.128632 33.215431 0.023118 0.008747 J684
130.749557 33.745506 0.022459 0.007304 J685
131.016525 33.697403 0.022736 0.007512 J686
130.823883 33.640465 0.021992 0.007316 J687
130.701157 33.327225 0.019993 0.007033 J688
129.940094 33.196030 0.018198 0.006444 J689
129.690018 33.266121 0.018156 0.006316 J690
129.125504 33.255791 0.017309 0.005958 J691
129.026337 32.885628 0.015771 0.005761 J692
130.166428 32.795700 0.016669 0.006335 J693
130.335953 32.793015 0.016838 0.006424 J694
130.216660 32.712292 0.016352 0.006301 J695
130.352280 32.722572 0.016534 0.006379 J696
130.290710 32.660652 0.016196 0.006299 J697
128.619354 32.634274 0.014458 0.005438 J698
131.062897 33.121956 0.019397 0.007127 J699
130.748627 33.011292 0.018381 0.006833 J700
130.996216 32.870747 0.017942 0.006856 J701
130.794907 32.576725 0.016269 0.006471 J702
131.093430 32.950653 0.018484 0.006989 J703
131.132156 32.845001 0.017955 0.006907 J704
131.356644 33.537125 0.022410 0.007698 J705
131.588425 33.349854 0.021607 0.007722 J706
131.121140 33.270271 0.020338 0.007295 J707
131.579483 33.228428 0.020800 0.007590 J709
130.915741 33.190575 0.019570 0.007085 J710
131.530670 32.557049 0.016774 0.006779 J711
131.334015 32.384399 0.015738 0.006489 J712
131.486023 32.069107 0.014287 0.006140 J713
130.865631 32.047718 0.013933 0.005954 J714
131.306305 31.842098 0.013212 0.005816 J715
131.305862 31.399105 0.011427 0.005264 J716
130.179657 32.197075 0.014166 0.005868 J717
130.439651 31.908840 0.013181 0.005689 J718
130.651886 31.624098 0.012179 0.005449 J719
130.708542 31.591841 0.012074 0.005425 J720
130.637360 31.552221 0.011913 0.005370 J721
130.699402 31.496153 0.011723 0.005320 J722
130.274979 30.784655 0.009409 0.004546 J723
131.028595 30.753325 0.009261 0.004505 J724
130.198242 30.461390 0.008535 0.004230 J725
130.903229 30.398676 0.008270 0.004126 J726
130.424377 30.395756 0.008343 0.004161 J727
130.554550 30.236353 0.007917 0.003994 J728
129.705750 29.615330 0.006666 0.003479 J729
129.693573 28.487219 0.004741 0.002584 J730
130.028961 28.371132 0.004489 0.002444 J731
129.921677 28.293980 0.004410 0.002406 J732
129.320450 28.137583 0.004338 0.002381 J733
128.894470 27.816637 0.004017 0.002211 J734
128.650726 27.401239 0.003591 0.001975 J735
127.945053 26.944489 0.003237 0.001766 J736
128.248367 26.859344 0.003120 0.001701 J737
128.144028 26.708273 0.003000 0.001630 J738
127.231628 26.582876 0.002998 0.001614 J739
127.972397 26.482731 0.002834 0.001529 J740
127.832733 26.446926 0.002823 0.001521 J741
127.143646 26.372936 0.002840 0.001521 J742
126.739151 26.347830 0.002856 0.001522 J743
127.345245 26.178795 0.002673 0.001425 J744
127.826187 26.168608 0.002608 0.001390 J745
131.290680 25.953726 0.001689 0.000636 J746
125.170975 24.827959 0.002096 0.001073 J747
124.692444 24.641615 0.002066 0.001062 J748
124.301285 24.536625 0.002066 0.001068 J749
124.172653 24.338877 0.002005 0.001039 J750
123.795853 24.061501 0.001950 0.001019 J751
139.056732 36.539257 0.426713 0.039923 J752
139.269333 36.003735 0.320512 0.055247 J753
139.182205 35.884048 0.274745 0.053847 J754
139.365967 35.800800 0.274161 0.056423 J755
140.249161 35.288383 0.152069 0.034309 J756
139.369904 35.616428 0.222380 0.052583 J758
139.613846 35.160866 0.123773 0.033546 J759
135.789841 34.882030 0.063463 0.018849 J760
135.618820 34.621052 0.054380 0.017173 J761
134.659668 34.864120 0.052903 0.014942 J762
135.706024 34.698334 0.057186 0.017783 J763
135.819870 34.574001 0.054404 0.017531 J764
134.175797 34.809566 0.048030 0.013480 J765
133.757019 34.579147 0.041433 0.012172 J766
133.288116 34.450439 0.037098 0.011063 J767
132.820221 34.334873 0.033559 0.010129 J768
132.219131 34.191181 0.029780 0.009127 J769
129.954849 33.372181 0.019038 0.006536 J770
130.444519 33.346489 0.019685 0.006862 J771
129.989685 32.945587 0.017135 0.006335 J772
130.430450 32.581673 0.015973 0.006303 J773
130.085190 32.524532 0.015424 0.006094 J774
130.323639 32.426273 0.015207 0.006123 J775
130.469452 31.675102 0.012315 0.005465 J776
130.135757 31.415892 0.011326 0.005142 J777
141.598236 45.219769 0.009776 -0.012969 J778
142.351837 45.126774 0.007909 -0.008815 J779
142.717911 44.780170 0.008030 -0.007848 J780
141.793915 44.639927 0.011927 -0.015857 J781
142.264526 44.365128 0.011399 -0.013965 J782
141.664597 44.148754 0.016000 -0.022062 J783
144.506409 43.722778 0.006113 0.003359 J784
141.370590 43.624329 0.024031 -0.033814 J785
142.643066 43.431633 0.015573 -0.017837 J787
143.901993 43.101692 0.010026 -0.001098 J788
142.870056 43.013653 0.017636 -0.018441 J789
142.084595 42.933773 0.027420 -0.037005 J790
143.494965 42.806507 0.014242 -0.007823 J791
141.081055 42.420547 0.061106 -0.080486 J792
143.151978 42.486412 0.020751 -0.018177 J793
140.371231 41.934853 0.109685 -0.123872 J794
141.452591 39.849018 1.143611 -0.932143 J795
140.988449 39.127007 2.138201 -1.084551 J796
140.645630 37.984406 2.430401 -0.410890 J797
140.822906 40.044975 0.738343 -0.567646 J798
140.094635 38.434341 1.506736 -0.369514 J799
140.841644 37.018448 1.858898 -0.305214 J800
139.402237 37.036934 0.681360 0.004379 J801
138.944824 36.778061 0.458079 0.029055 J802
140.199921 38.288982 1.675693 -0.361605 J803
139.521927 35.419270 0.179993 0.046991 J804
139.226044 37.828159 0.778949 -0.076998 J805
138.880447 37.776989 0.623476 -0.050765 J806
138.779541 37.498657 0.552202 -0.019538 J807
138.456818 35.673695 0.175794 0.041625 J809
138.920273 37.589737 0.613042 -0.032475 J810
137.528778 35.575092 0.129112 0.032116 J811
136.470306 35.359730 0.091089 0.023865 J812
138.973862 35.114166 0.112879 0.032625 J813
138.876465 34.719475 0.071664 0.021088 J814
138.609970 35.117153 0.109319 0.032146 J815
138.209976 35.066975 0.099702 0.030003 J817
138.081680 35.044884 0.096386 0.029223 J818
137.946808 34.902050 0.084371 0.026497 J819
138.176743 34.849415 0.081982 0.025846 J820
137.680771 34.752041 0.073226 0.023778 J821
136.788818 35.300838 0.093770 0.025483 J822
134.588211 35.283344 0.061522 0.015079 J823
136.096985 34.179951 0.044869 0.015787 J824
135.735184 33.969482 0.038923 0.014021 J825
135.708786 33.637173 0.032264 0.012105 J826
134.393433 34.217796 0.038944 0.012798 J827
132.046097 33.367970 0.022542 0.008116 J828
132.475342 33.384373 0.023456 0.008507 J829
133.362640 33.704285 0.028443 0.009983 J830
130.464996 33.097355 0.018448 0.006720 J831
129.720718 32.839611 0.016372 0.006120 J832
131.206802 33.127842 0.019632 0.007228 J833
130.360657 32.098434 0.013884 0.005845 J834
130.238968 31.906164 0.013080 0.005628 J835
130.408005 31.796021 0.012741 0.005570 J836
130.599594 31.824060 0.012918 0.005647 J837
138.762787 34.690254 0.069963 0.020996 J838
138.331223 34.836166 0.081599 0.025583 J840
139.069901 34.949757 0.093164 0.026999 J841
138.249893 34.954346 0.090548 0.027930 J842
134.049545 35.174889 0.053709 0.013348 J843
140.810532 40.834408 0.293249 -0.291441 J844
140.324387 37.361824 1.515745 -0.127492 J845
133.461807 33.818356 0.030002 0.010340 J846
137.868759 35.160450 0.102870 0.030195 J847
141.955246 45.514114 0.007685 -0.009358 J848
141.881790 45.230106 0.008865 -0.011197 J849
142.292252 44.990505 0.008542 -0.009847 J850
142.021774 44.916065 0.009692 -0.012131 J851
142.038712 44.743240 0.010410 -0.013139 J852
142.571167 44.546501 0.009345 -0.010083 J853
142.935837 44.332294 0.008929 -0.008015 J854
141.872177 44.317665 0.013560 -0.018115 J855
143.364594 44.260853 0.007824 -0.004618 J856
142.400894 44.165474 0.011881 -0.014171 J857
142.601242 44.114449 0.011228 -0.012455 J858
144.993500 44.065033 0.004624 0.004802 J859
141.860748 44.052105 0.015610 -0.021139 J860
143.534149 43.909927 0.008431 -0.003958 J861
142.236542 43.889290 0.014595 -0.018592 J862
143.176697 43.878723 0.009875 -0.007629 J863
145.056870 43.794029 0.004716 0.005527 J864
142.132309 43.725658 0.016646 -0.021873 J865
143.381088 43.710323 0.009763 -0.006037 J866
142.794403 43.646908 0.012988 -0.013625 J867
143.991730 43.644562 0.007766 -0.000150 J868
145.220367 43.555996 0.004443 0.006502 J869
144.719040 43.545929 0.005820 0.004788 J870
142.187607 43.521576 0.018214 -0.023865 J871
141.616776 43.504215 0.023460 -0.032825 J872
143.753860 43.473579 0.009197 -0.002504 J873
143.187042 43.366470 0.012498 -0.010014 J874
140.378281 43.320705 0.040218 -0.052729 J875
141.345963 43.240528 0.030818 -0.043100 J876
141.652023 43.220894 0.027586 -0.038516 J877
144.970734 43.218189 0.005369 0.006685 J878
143.027756 43.171329 0.014923 -0.013915 J879
142.567032 43.165047 0.018775 -0.022459 J880
144.496490 43.149391 0.007238 0.004427 J881
141.203293 43.140396 0.034746 -0.048208 J882
143.597702 43.123894 0.011546 -0.005065 J883
140.811111 43.082596 0.041383 -0.055731 J884
142.532257 42.890633 0.022589 -0.027631 J885
143.655533 42.800343 0.013088 -0.004997 J886
142.953690 42.803341 0.019110 -0.019174 J887
140.011780 42.685337 0.067005 -0.079210 J888
143.312790 42.673962 0.016924 -0.012321 J889
142.395920 42.554260 0.030410 -0.038992 J890
142.767944 42.277233 0.030046 -0.034404 J891
140.929337 41.740593 0.114147 -0.137099 J892
140.535019 41.711327 0.128415 -0.143908 J893
141.094467 41.466160 0.141875 -0.168504 J894
140.983810 41.199665 0.192174 -0.214193 J895
141.385696 41.160934 0.180817 -0.216425 J896
140.293533 41.121723 0.224634 -0.214519 J897
140.011002 40.730633 0.315832 -0.257302 J898
141.106018 40.579983 0.391100 -0.389696 J899
141.332001 40.508759 0.423779 -0.438042 J901
140.941589 40.447632 0.461835 -0.424378 J902
141.484863 40.271042 0.597905 -0.594484 J903
141.046463 40.106747 0.724132 -0.602426 J904
141.662186 39.970955 0.979628 -0.887036 J905
141.970230 39.738960 1.531421 -1.234542 J906
141.426132 39.639370 1.527131 -1.111961 J907
140.836319 39.554455 1.283431 -0.792064 J908
141.292999 39.464695 1.801181 -1.166778 J909
141.311676 39.235374 2.361340 -1.359066 J910
141.400848 39.012108 3.136171 -1.609001 J911
141.148529 38.995464 2.680849 -1.297567 J912
140.833191 38.934029 2.231037 -0.967625 J913
141.317856 38.743221 3.701048 -1.552563 J914
141.004333 38.686134 2.988884 -1.119845 J915
141.160721 38.660629 3.436870 -1.305506 J916
140.727722 38.571812 2.496813 -0.795101 J917
141.304398 38.509842 4.170281 -1.427036 J918
140.943695 38.177120 3.209101 -0.727350 J919
140.727661 37.824600 2.494150 -0.372225 J920
140.027573 40.339397 0.445478 -0.321549 J921
140.408157 40.183315 0.566305 -0.418820 J922
140.005493 40.099701 0.542907 -0.357313 J923
140.535858 39.921391 0.767602 -0.525649 J924
140.053925 39.527565 0.866837 -0.448561 J925
140.596085 39.508137 1.178869 -0.676189 J926
140.278931 39.296745 1.162225 -0.558168 J927
140.715057 39.146202 1.739625 -0.841203 J928
140.447327 39.054379 1.537565 -0.662725 J929
140.183472 38.938103 1.358330 -0.512377 J930
140.497253 38.752155 1.900396 -0.668848 J931
139.674530 38.701168 1.033615 -0.295732 J932
140.220505 38.628414 1.592358 -0.477487 J933
140.393875 38.170441 1.990508 -0.391120 J934
139.879410 37.920586 1.263188 -0.166473 J935
140.446793 37.833496 1.982055 -0.267685 J936
139.972656 37.669289 1.286193 -0.123230 J937
140.571655 37.591091 2.016607 -0.230611 J938
139.835526 37.461288 1.085824 -0.070684 J939
140.464035 37.444870 1.744576 -0.171554 J940
139.686340 37.326210 0.928921 -0.039795 J941
140.212738 37.293041 1.354081 -0.097327 J942
140.450974 37.210564 1.556728 -0.142121 J943
140.716003 37.183090 1.843725 -0.234659 J944
140.376266 37.023582 1.356387 -0.105782 J945
140.690155 36.932621 1.617495 -0.214457 J946
140.385696 36.475849 1.007353 -0.042556 J947
140.035416 37.124699 1.104070 -0.050985 J948
139.505310 36.872246 0.674325 0.013986 J949
139.752792 36.537632 0.660682 0.028877 J950
139.902512 36.456581 0.697429 0.027025 J951
139.060852 36.837357 0.503687 0.025226 J952
138.847885 36.591377 0.393573 0.037159 J954
139.016708 36.395348 0.381228 0.044770 J955
139.254639 36.267693 0.396516 0.050259 J956
138.702988 36.200268 0.287023 0.045340 J957
138.926056 35.929928 0.256463 0.049890 J958
139.968475 35.143803 0.116666 0.028501 J959
139.366058 35.391487 0.167494 0.044399 J960
139.111450 37.540340 0.679254 -0.034483 J961
138.634598 37.212112 0.466662 0.005137 J962
139.247101 37.157616 0.649724 -0.001149 J963
138.457352 37.107086 0.410257 0.012642 J964
140.296494 36.778957 1.134984 -0.059808 J965
137.026428 36.919510 0.210867 0.016202 J966
137.551331 36.864346 0.251595 0.020249 J967
137.154480 36.757950 0.208758 0.020438 J968
136.806396 36.592091 0.174484 0.021052 J969
137.239227 36.472801 0.191920 0.026032 J970
137.033936 37.432259 0.243278 0.001556 J971
136.908768 37.226437 0.220911 0.007972 J972
136.540680 36.537266 0.157192 0.020044 J973
136.361649 36.229565 0.132676 0.021812 J974
136.048950 36.109734 0.116300 0.020510 J975
136.657745 35.901413 0.124631 0.025541 J976
136.339584 35.888218 0.114277 0.023289 J977
135.755646 35.486572 0.083812 0.020130 J978
138.444214 35.904934 0.209677 0.043119 J979
138.949997 35.753872 0.221037 0.048867 J980
138.606873 35.467693 0.152986 0.039980 J981
138.624252 36.856686 0.402076 0.025299 J982
138.096725 36.706646 0.294113 0.028270 J983
138.120941 36.523605 0.272003 0.033164 J984
138.366043 36.260986 0.259307 0.040401 J985
137.785431 35.944603 0.174281 0.035564 J986
138.095703 35.878418 0.183655 0.038899 J987
137.450882 35.815552 0.146716 0.032263 J988
137.620163 35.661228 0.139471 0.033347 J989
137.080521 36.140263 0.156909 0.027997 J990
136.784622 35.723488 0.117841 0.026680 J991
137.309097 35.523129 0.118906 0.030113 J992
136.545288 35.480061 0.098477 0.024668 J993
137.252319 35.300552 0.102239 0.028268 J994
137.575333 35.100021 0.094143 0.028058 J995
137.152390 34.917339 0.078325 0.024356 J996
137.338776 34.785915 0.073009 0.023528 J997
136.938477 34.740051 0.067977 0.021960 J998
136.474457 34.420326 0.053231 0.018144 J999
139.488113 35.710342 0.260867 0.057168 KGNI
135.046158 48.521454 0.009276 -0.010622 KHAJ
130.878571 31.425312 0.011495 0.005265 KNYA
140.657669 35.955372 0.760511 -0.042275 KSMV
102.797180 25.029539 0.002116 0.001002 KUNM
150.810379 59.577644 0.000356 0.000533 MAGJ
153.978653 24.290094 -0.005940 0.007496 MCIL
141.132828 39.135170 2.339034 -1.228483 MIZU
139.561386 35.679516 0.259021 0.057800 MTKA
100.713654 14.043016 0.001088 0.000733 NIMT
127.768921 26.144817 0.002598 0.001383 OKN1
158.650131 53.023300 -0.000086 0.000412 PETS
121.077728 14.635719 0.000577 0.000282 PIMO
130.878571 31.425308 0.011495 0.005265 S004
141.844818 43.528645 0.021040 -0.028980 S005
142.195023 27.067532 -0.001508 -0.000272 S007
139.081970 35.006851 0.099887 0.028902 S106
139.101685 34.971863 0.095681 0.027619 S107
140.087189 36.106113 0.595396 0.049002 S110
121.200439 31.099642 0.006262 0.002290 SHAO
135.936951 33.577854 0.031296 0.011806 SMST
141.844818 43.528645 0.021040 -0.028980 STK2
127.054245 37.275513 0.025397 0.002154 SUWN
120.987396 24.797987 0.002492 0.001320 TCMS
120.987350 24.797955 0.002492 0.001320 TNML
140.087112 36.105576 0.594950 0.049053 TSK2
140.087494 36.105679 0.595243 0.049017 TSKB
121.164505 24.953566 0.002531 0.001332 TWTF
107.052322 47.865067 0.004834 -0.000451 ULAB
138.362015 36.133114 0.238676 0.041596 USUD
114.357254 30.531652 0.004544 0.001644 WUHN
142.716721 47.029736 0.003600 -0.002685 YSSK
136.503754 35.104763 0.079834 0.022927 Z101
138.185791 35.322075 0.123459 0.034336 Z102
137.423126 34.967480 0.083869 0.025888 Z103
136.981750 34.543915 0.059902 0.020172 Z104
136.802002 34.373581 0.052841 0.018275 Z105
136.388489 34.297928 0.049083 0.017058 Z106
136.139969 33.932949 0.038856 0.014165 Z107
135.743454 34.155849 0.043150 0.015091 Z108
135.290344 34.090851 0.040187 0.014007 Z109
135.399124 33.854500 0.035850 0.013026 Z110
135.871094 33.799084 0.035572 0.013134 Z111
135.406006 33.647251 0.032113 0.011995 Z112
135.834137 33.520081 0.030224 0.011460 Z113
134.510025 33.932796 0.034773 0.012143 Z114
133.796951 33.838840 0.031242 0.010841 Z115
134.484558 33.821980 0.032999 0.011741 Z116
132.564697 33.510353 0.024686 0.008778 Z117
132.360382 33.202183 0.021831 0.008140 Z118
133.431702 33.545727 0.026897 0.009726 Z119
133.699844 33.542534 0.027443 0.010001 Z120
134.056198 33.367382 0.026105 0.009855 Z121
132.974030 33.312130 0.023733 0.008816 Z123
132.822083 33.060120 0.021377 0.008226 Z124
142.080902 37.166111 4.437881 -1.657563 _FUK
143.362183 38.887981 13.832843 -5.847982 _KMN
143.263336 38.636463 21.106182 -8.882080 _KMS
142.916641 38.080940 22.148567 -10.321486 _MGI
142.433151 38.148861 14.394628 -5.068998 _MGW
