# site mean(esd) mean(nsd) mean(usd)
019B  0.000562  0.000678  0.002348
AIRA  0.000736  0.000774  0.003379
BADG  0.000484  0.000643  0.001863
BJFS  0.000550  0.000668  0.002149
CCJ2  0.000533  0.000618  0.002348
CHAN  0.000487  0.000640  0.001882
CNMR  0.000713  0.000653  0.002758
CUSV  0.000605  0.000488  0.002133
DAEJ  0.000653  0.000782  0.002788
DIEB  0.000611  0.000556  0.002346
DOSN  0.000973  0.000875  0.004304
FUKU  +inf  +inf  +inf
G000  0.000651  0.000855  0.002959
G001  0.000603  0.000678  0.002437
G002  0.000547  0.000699  0.002711
G003  0.000524  0.000605  0.002026
G004  0.000483  0.000620  0.001962
G006  0.000479  0.000587  0.001863
G007  0.000536  0.000630  0.002329
G008  0.000586  0.000676  0.002312
G009  0.000932  0.001080  0.004979
G010  0.000770  0.000852  0.003425
G011  0.000747  0.000793  0.003265
G012  0.000500  0.000620  0.001987
G013  0.000947  0.000956  0.004595
G014  0.000473  0.000582  0.001826
G015  0.000470  0.000578  0.001802
G016  0.000480  0.000587  0.001857
G017  0.000567  0.000712  0.002562
G018  0.000624  0.000681  0.002666
G019  0.000540  0.000681  0.002385
G020  0.000553  0.000643  0.002268
G021  0.000704  0.000665  0.002936
G022  0.000525  0.000647  0.002171
G023  0.000607  0.000716  0.002736
G024  0.000555  0.000635  0.002425
G025  0.000576  0.000684  0.002333
G026  0.000508  0.000639  0.002072
G027  0.000504  0.000606  0.002009
G028  0.000554  0.000627  0.002183
G029  0.000497  0.000625  0.002012
G030  0.000480  0.000585  0.001868
G031  0.000503  0.000625  0.002057
G032  0.000515  0.000620  0.002090
G033  0.000535  0.000691  0.002486
G035  0.000600  0.000691  0.002948
G036  0.000526  0.000665  0.002255
G037  0.000585  0.000766  0.002591
G038  0.000495  0.000597  0.001936
G039  0.000504  0.000613  0.002069
G040  0.000588  0.000636  0.002522
G041  0.000540  0.000717  0.002460
G042  0.000865  0.000960  0.003786
G044  0.000484  0.000594  0.001934
G045  0.000500  0.000596  0.001969
G046  0.000494  0.000642  0.002034
G047  0.000492  0.000598  0.001960
G048  0.000909  0.000775  0.003960
G049  0.000553  0.000695  0.002371
G050  0.000695  0.000842  0.003047
G051  0.000551  0.000655  0.002353
G052  0.000640  0.000723  0.002889
G053  0.000769  0.000984  0.002936
G054  0.000634  0.000717  0.002797
G055  0.000525  0.000647  0.002242
G056  0.000620  0.000730  0.002657
G058  0.000480  0.000581  0.001880
G059  0.000534  0.000700  0.002448
G060  0.000497  0.000591  0.001942
G061  0.000710  0.000827  0.003196
G062  0.000581  0.000718  0.002440
G063  0.000531  0.000621  0.002141
G064  0.000685  0.000698  0.002957
G065  0.000493  0.000597  0.001955
G066  0.000495  0.000576  0.001957
G067  0.000515  0.000606  0.002054
G068  0.000748  0.000892  0.003552
G069  0.000486  0.000578  0.001898
G070  0.000519  0.000606  0.002144
G071  0.000519  0.000597  0.002034
G073  0.000940  0.000949  0.004526
G074  0.000583  0.000642  0.002322
G075  0.000777  0.000914  0.003889
G076  0.000492  0.000584  0.001945
G077  0.000519  0.000598  0.002088
G078  0.000540  0.000619  0.002133
G079  0.000627  0.000741  0.002761
G080  0.000772  0.000914  0.003837
G081  0.000552  0.000667  0.002347
G082  0.000559  0.000641  0.002305
G083  0.000534  0.000595  0.002215
G084  0.000523  0.000597  0.002156
G085  0.000500  0.000594  0.002001
G086  0.000543  0.000668  0.002405
G087  0.000514  0.000592  0.002063
G088  0.000585  0.000628  0.002356
G089  0.000504  0.000589  0.002028
G090  0.000606  0.000655  0.002875
G091  0.000589  0.000618  0.002556
G092  0.000500  0.000585  0.001982
G093  0.000513  0.000584  0.002055
G094  0.000574  0.000605  0.002547
G095  0.000551  0.000611  0.002288
G096  0.000550  0.000571  0.002199
G098  0.000512  0.000550  0.002113
G099  0.000508  0.000685  0.002075
G100  0.000531  0.000620  0.002126
G101  0.000709  0.000839  0.003543
G102  0.000527  0.000659  0.002182
G103  0.000513  0.000660  0.002082
G104  0.000506  0.000627  0.002007
G105  0.000508  0.000616  0.001899
G107  0.000537  0.000629  0.002188
G108  0.000570  0.000780  0.003461
G109  0.000481  0.000601  0.001842
G110  0.000479  0.000603  0.001847
G111  0.000595  0.000905  0.002612
G112  0.000522  0.000640  0.002086
G113  0.000716  0.000866  0.003512
G114  0.000553  0.000670  0.002484
G115  0.000500  0.000605  0.001955
G116  0.000574  0.000668  0.002362
G117  0.000497  0.000653  0.002130
G118  0.000525  0.000670  0.002261
G119  0.000529  0.000656  0.002257
G120  0.000592  0.000654  0.002629
G121  0.000561  0.000660  0.002486
G122  0.000497  0.000610  0.001990
G123  0.001234  0.000864  0.005274
G124  0.000558  0.000603  0.002139
G125  0.000602  0.000725  0.002557
G126  0.000671  0.000739  0.003540
G127  0.000655  0.000734  0.003837
G128  0.000502  0.000611  0.002002
G129  0.000486  0.000581  0.001891
G130  0.000937  0.000944  0.004777
G131  0.000892  0.001075  0.004358
G132  0.000597  0.000754  0.003340
G133  0.000638  0.000640  0.002972
G134  0.000661  0.000788  0.003024
G135  0.000485  0.000606  0.001924
G136  0.000480  0.000595  0.001892
G137  0.000506  0.000604  0.002076
G138  0.000523  0.000689  0.002323
G139  0.000552  0.000645  0.002386
G140  0.000635  0.000628  0.002683
G141  0.000665  0.000753  0.003111
G142  0.000520  0.000610  0.002210
G143  0.000484  0.000598  0.001919
G144  0.000596  0.000853  0.002938
G145  0.000491  0.000655  0.002013
G146  0.000592  0.000707  0.002474
G147  0.000482  0.000586  0.001880
G148  0.000485  0.000601  0.001938
G149  0.000551  0.000644  0.002319
G150  0.000467  0.000627  0.001795
G151  0.000526  0.000637  0.002313
G152  0.000933  0.000924  0.003804
G153  0.000704  0.001038  0.003391
G154  0.000486  0.000581  0.001904
G155  0.000501  0.000630  0.002078
G156  0.000543  0.000641  0.002365
G157  0.000545  0.000610  0.002340
G158  0.000476  0.000600  0.001841
G159  0.000486  0.000625  0.001883
G160  0.000482  0.000590  0.001892
G161  0.000488  0.000600  0.001945
G162  0.000496  0.000626  0.002000
G163  0.000520  0.000658  0.002157
G164  0.000546  0.000673  0.002181
G201  0.000470  0.000636  0.001794
G202  0.000489  0.000659  0.001907
G203  0.000469  0.000626  0.001799
G204  0.000474  0.000627  0.001831
G206  0.000507  0.000610  0.002019
G207  0.000483  0.000611  0.001880
G208  0.000523  0.000662  0.002306
G209  0.000539  0.000687  0.002706
G210  0.000573  0.000666  0.002384
G211  0.000664  0.000667  0.002893
G212  0.000657  0.000661  0.002825
G213  0.000533  0.000581  0.002239
GUAM  0.000844  0.000732  0.003526
GUUG  0.000628  0.000555  0.002403
I001  0.000494  0.000623  0.001982
I002  0.000497  0.000622  0.002016
I003  0.000475  0.000592  0.001851
I004  0.000478  0.000592  0.001858
I005  0.000502  0.000617  0.002002
I006  0.000474  0.000590  0.001843
I007  0.000471  0.000586  0.001825
I008  0.000490  0.000612  0.001957
I009  0.000483  0.000601  0.001913
I010  0.000478  0.000596  0.001866
I011  0.000478  0.000587  0.001853
I012  0.000474  0.000605  0.001865
I013  0.000519  0.000636  0.002158
I014  0.000484  0.000593  0.001894
I015  0.000506  0.000623  0.002050
I016  0.000491  0.000616  0.001980
I018  0.000509  0.000636  0.002082
I019  0.000795  0.000888  0.003719
I020  0.000470  0.000584  0.001822
I021  0.000483  0.000610  0.001928
I022  0.000476  0.000592  0.001865
I023  0.000474  0.000590  0.001853
I024  0.000483  0.000609  0.001955
I025  0.000484  0.000594  0.001904
I026  0.000484  0.000607  0.001924
I027  0.000541  0.000664  0.002471
I028  0.000494  0.000621  0.001987
I029  0.000482  0.000615  0.001922
I030  0.000523  0.000634  0.002126
I031  0.000558  0.000732  0.002793
I032  0.000517  0.000633  0.002077
I033  0.000476  0.000586  0.001871
I034  0.000494  0.000602  0.001987
I035  0.000533  0.000620  0.002313
I036  0.000484  0.000593  0.001898
I037  0.000489  0.000602  0.001925
I038  0.000504  0.000600  0.001987
I039  0.000491  0.000621  0.002005
I041  0.000490  0.000602  0.001982
I042  0.000570  0.000656  0.002702
I043  0.000502  0.000629  0.002037
I044  0.000482  0.000593  0.001891
I045  0.000500  0.000653  0.002156
I046  0.000608  0.000674  0.002389
I047  0.000498  0.000645  0.002086
I048  0.000472  0.000580  0.001834
I049  0.000625  0.000673  0.002501
I050  0.000510  0.000632  0.002165
I051  0.000501  0.000603  0.002001
I052  0.000485  0.000587  0.001903
I053  0.000523  0.000641  0.002119
I055  0.000495  0.000607  0.001977
I057  0.000653  0.000895  0.003190
I058  0.000551  0.000745  0.002642
I059  0.000481  0.000592  0.001897
I060  0.000502  0.000614  0.002068
I061  0.000484  0.000592  0.001898
I062  0.000536  0.000643  0.002245
I063  0.000514  0.000630  0.002057
I064  0.000495  0.000605  0.002017
I065  0.000527  0.000690  0.002257
I066  0.000550  0.000653  0.002366
I067  0.000619  0.000697  0.002595
I068  0.000602  0.000717  0.002764
I069  0.000555  0.000632  0.002225
I070  0.000505  0.000617  0.002052
I071  0.000533  0.000618  0.002210
I072  0.000490  0.000603  0.001976
I073  0.000580  0.000702  0.002652
I074  0.000536  0.000670  0.002412
I075  0.000559  0.000639  0.002531
I076  0.000484  0.000593  0.001907
I077  0.000523  0.000641  0.002367
I078  0.000557  0.000620  0.002268
I079  0.000578  0.000715  0.002532
I081  0.000572  0.000644  0.002471
I084  0.000511  0.000656  0.002236
I085  0.000588  0.000700  0.002571
I086  0.000502  0.000603  0.002040
I088  0.000536  0.000644  0.002252
I089  0.000520  0.000615  0.002079
I090  0.000655  0.000816  0.003301
I091  0.000484  0.000597  0.001922
I092  0.000508  0.000609  0.002057
I093  0.000489  0.000611  0.001955
I094  0.000485  0.000603  0.001940
I095  0.000507  0.000629  0.002026
I096  0.000482  0.000591  0.001891
I097  0.000488  0.000616  0.001967
I098  0.000474  0.000581  0.001846
I099  0.000564  0.000656  0.002467
I102  0.000478  0.000590  0.001870
I103  0.000512  0.000642  0.002155
I104  0.000478  0.000588  0.001876
I105  0.000489  0.000603  0.001938
I113  0.000491  0.000600  0.001975
IRKJ  0.000532  0.000713  0.002115
IRKM  0.000533  0.000668  0.001876
IRKT  0.000673  0.000947  0.002971
J001  0.000455  0.000624  0.001722
J002  0.000463  0.000633  0.001779
J003  0.000461  0.000629  0.001757
J004  0.000460  0.000623  0.001756
J005  0.000490  0.000669  0.002029
J007  0.000465  0.000630  0.001784
J008  0.000459  0.000622  0.001746
J009  0.000461  0.000620  0.001764
J010  0.000460  0.000618  0.001762
J011  0.000542  0.000722  0.002292
J012  0.000475  0.000633  0.001843
J013  0.000551  0.000769  0.002341
J014  0.000476  0.000622  0.001834
J015  0.000465  0.000623  0.001791
J016  0.000466  0.000622  0.001797
J017  0.000463  0.000615  0.001762
J018  0.000511  0.000688  0.002125
J019  0.000467  0.000618  0.001801
J020  0.000470  0.000620  0.001810
J021  0.000474  0.000633  0.001862
J022  0.000473  0.000627  0.001827
J023  0.000471  0.000617  0.001819
J024  0.000496  0.000647  0.001942
J026  0.000466  0.000612  0.001781
J027  0.000503  0.000653  0.002112
J028  0.000493  0.000618  0.001898
J029  0.000514  0.000698  0.002200
J030  0.000468  0.000607  0.001796
J031  0.000493  0.000629  0.001963
J032  0.000481  0.000609  0.001864
J033  0.000493  0.000626  0.001947
J035  0.000492  0.000613  0.001920
J036  0.000533  0.000693  0.002227
J037  0.000483  0.000612  0.001890
J038  0.000485  0.000613  0.001886
J040  0.000497  0.000637  0.001985
J041  0.000487  0.000620  0.001979
J042  0.000498  0.000618  0.002045
J043  0.000484  0.000607  0.001922
J044  0.000539  0.000650  0.002141
J045  0.000517  0.000625  0.002023
J046  0.000488  0.000611  0.001966
J047  0.000527  0.000656  0.002377
J048  0.000501  0.000612  0.002011
J049  0.000476  0.000609  0.001874
J050  0.000484  0.000605  0.001877
J051  0.000474  0.000599  0.001829
J052  0.000476  0.000599  0.001837
J053  0.000490  0.000637  0.001951
J054  0.000473  0.000590  0.001827
J055  0.000482  0.000589  0.001858
J056  0.000623  0.000801  0.002609
J057  0.000494  0.000600  0.001960
J058  0.000524  0.000682  0.002307
J059  0.000618  0.000751  0.002569
J060  0.000482  0.000601  0.001899
J061  0.000501  0.000612  0.002023
J062  0.000491  0.000598  0.001922
J063  0.000480  0.000607  0.001906
J064  0.000481  0.000595  0.001900
J065  0.000496  0.000624  0.002032
J066  0.000505  0.000617  0.002083
J067  0.000520  0.000633  0.002138
J068  0.000503  0.000632  0.002033
J069  0.000486  0.000596  0.001913
J070  0.000524  0.000647  0.002213
J071  0.000486  0.000592  0.001910
J074  0.000476  0.000585  0.001838
J075  0.000472  0.000576  0.001810
J076  0.000489  0.000591  0.001908
J077  0.000490  0.000584  0.001912
J078  0.000498  0.000593  0.001991
J079  0.000485  0.000575  0.001900
J080  0.000555  0.000663  0.002372
J081  0.000487  0.000589  0.001923
J082  0.000488  0.000593  0.001959
J083  0.000567  0.000659  0.002434
J084  0.000545  0.000671  0.002341
J085  0.000502  0.000583  0.001996
J086  0.000491  0.000584  0.001931
J087  0.000487  0.000577  0.001890
J088  0.000488  0.000591  0.001929
J089  0.000496  0.000599  0.001974
J090  0.000509  0.000602  0.002016
J091  0.000565  0.000658  0.002491
J093  0.000481  0.000576  0.001884
J094  0.000504  0.000576  0.002009
J095  0.000513  0.000593  0.002059
J096  0.000489  0.000572  0.001915
J097  0.000528  0.000612  0.002052
J098  0.000496  0.000577  0.001938
J099  0.000597  0.000658  0.002620
J100  0.000558  0.000588  0.002224
J101  0.000457  0.000627  0.001732
J102  0.000460  0.000627  0.001758
J103  0.000466  0.000637  0.001793
J104  0.000456  0.000623  0.001727
J105  0.000470  0.000636  0.001808
J106  0.000470  0.000634  0.001825
J107  0.000461  0.000628  0.001761
J108  0.000464  0.000629  0.001776
J109  0.000622  0.000844  0.002756
J110  0.000461  0.000625  0.001756
J111  0.000512  0.000701  0.002079
J112  0.000464  0.000626  0.001795
J113  0.000461  0.000623  0.001761
J114  0.000465  0.000639  0.001799
J115  0.000471  0.000651  0.001841
J116  0.000469  0.000641  0.001846
J117  0.000484  0.000648  0.001932
J118  0.000488  0.000660  0.001936
J119  0.000491  0.000665  0.001947
J120  0.000510  0.000666  0.001978
J121  0.000486  0.000649  0.001890
J122  0.000459  0.000620  0.001753
J123  0.000465  0.000621  0.001779
J124  0.000522  0.000687  0.002102
J125  0.000462  0.000623  0.001776
J126  0.000481  0.000654  0.001910
J127  0.000483  0.000669  0.001978
J128  0.000486  0.000657  0.001997
J129  0.000536  0.000694  0.002184
J130  0.000476  0.000640  0.001855
J131  0.000492  0.000648  0.001964
J132  0.000475  0.000644  0.001849
J133  0.000469  0.000638  0.001838
J134  0.000460  0.000617  0.001759
J135  0.000501  0.000654  0.002030
J136  0.000531  0.000776  0.002207
J137  0.000533  0.000672  0.002276
J138  0.000463  0.000621  0.001774
J139  0.000464  0.000622  0.001777
J140  0.000484  0.000639  0.001931
J141  0.000465  0.000628  0.001805
J142  0.000469  0.000623  0.001804
J143  0.000470  0.000631  0.001826
J144  0.000479  0.000631  0.001865
J145  0.000567  0.000699  0.002362
J146  0.000490  0.000651  0.001921
J147  0.000469  0.000622  0.001801
J149  0.000489  0.000672  0.001994
J150  0.000461  0.000609  0.001754
J151  0.000476  0.000621  0.001830
J152  0.000461  0.000608  0.001761
J153  0.000467  0.000615  0.001798
J154  0.000470  0.000610  0.001811
J155  0.000487  0.000669  0.002047
J156  0.000462  0.000605  0.001767
J157  0.000496  0.000668  0.001996
J158  0.000483  0.000628  0.001897
J159  0.000487  0.000626  0.001913
J160  0.000479  0.000622  0.001876
J161  0.000510  0.000649  0.002077
J162  0.000517  0.000687  0.002193
J163  0.000470  0.000608  0.001808
J164  0.000528  0.000694  0.002167
J165  0.000470  0.000612  0.001811
J166  0.000467  0.000606  0.001792
J167  0.000524  0.000653  0.002102
J169  0.000471  0.000605  0.001819
J170  0.000636  0.000876  0.003105
J171  0.000493  0.000642  0.002018
J172  0.000487  0.000622  0.001900
J173  0.000506  0.000625  0.001969
J174  0.000494  0.000654  0.002144
J175  0.000495  0.000626  0.001930
J176  0.000474  0.000608  0.001841
J177  0.000481  0.000622  0.001951
J178  0.000504  0.000632  0.001999
J179  0.000501  0.000664  0.002085
J180  0.000507  0.000634  0.002038
J181  0.000480  0.000627  0.001894
J182  0.000489  0.000628  0.001935
J183  0.000485  0.000625  0.001891
J184  0.000462  0.000602  0.001758
J185  0.000545  0.000707  0.002227
J186  0.000474  0.000616  0.001827
J187  0.000537  0.000694  0.002345
J188  0.000498  0.000646  0.001995
J189  0.000470  0.000609  0.001809
J190  0.000470  0.000612  0.001821
J191  0.000491  0.000625  0.001908
J192  0.000490  0.000620  0.001904
J193  0.000498  0.000641  0.002031
J194  0.000529  0.000636  0.002174
J195  0.000526  0.000629  0.002196
J196  0.000499  0.000624  0.001966
J197  0.000557  0.000635  0.002190
J198  0.000470  0.000597  0.001817
J199  0.000481  0.000624  0.001910
J200  0.000487  0.000634  0.002011
J201  0.000524  0.000719  0.002421
J202  0.000486  0.000610  0.001928
J203  0.000584  0.000695  0.002519
J204  0.000565  0.000658  0.002262
J205  0.000483  0.000606  0.001894
J206  0.000500  0.000676  0.002097
J207  0.000518  0.000674  0.002053
J209  0.000504  0.000652  0.002224
J210  0.000526  0.000627  0.002213
J211  0.000505  0.000641  0.002040
J212  0.000605  0.000664  0.002736
J213  0.000503  0.000634  0.002108
J214  0.000471  0.000597  0.001833
J215  0.000481  0.000607  0.001900
J216  0.000482  0.000600  0.001912
J217  0.000524  0.000686  0.002247
J218  0.000559  0.000665  0.002251
J219  0.000492  0.000645  0.002021
J220  0.000569  0.000631  0.002385
J221  0.000499  0.000623  0.002001
J222  0.000603  0.000745  0.002915
J223  0.000476  0.000601  0.001866
J224  0.000534  0.000626  0.002252
J225  0.000535  0.000640  0.002205
J226  0.000473  0.000588  0.001849
J227  0.000473  0.000585  0.001840
J228  0.000656  0.000766  0.003099
J229  0.000506  0.000632  0.002180
J230  0.000507  0.000647  0.002102
J231  0.000524  0.000630  0.002230
J232  0.000541  0.000634  0.002297
J233  0.000506  0.000648  0.002035
J234  0.000479  0.000612  0.001874
J235  0.000490  0.000623  0.001982
J236  0.000493  0.000616  0.001930
J237  0.000567  0.000689  0.002406
J238  0.000479  0.000613  0.001893
J239  0.000471  0.000596  0.001821
J240  0.000483  0.000605  0.001883
J241  0.000479  0.000607  0.001888
J242  0.000499  0.000627  0.001968
J243  0.000504  0.000634  0.002036
J244  0.000510  0.000616  0.001972
J245  0.000502  0.000625  0.001980
J246  0.000516  0.000637  0.002123
J247  0.000488  0.000613  0.001935
J248  0.000476  0.000599  0.001847
J249  0.000489  0.000613  0.001963
J250  0.000522  0.000692  0.002257
J251  0.000736  0.000829  0.003146
J252  0.000475  0.000598  0.001836
J253  0.000484  0.000622  0.001991
J255  0.000478  0.000592  0.001841
J256  0.000592  0.000754  0.002531
J257  0.000480  0.000600  0.001877
J258  0.000478  0.000595  0.001864
J259  0.000514  0.000620  0.002098
J260  0.000510  0.000673  0.002134
J261  0.000516  0.000601  0.002061
J262  0.000524  0.000619  0.002168
J263  0.000505  0.000647  0.002123
J264  0.000524  0.000619  0.002189
J265  0.000644  0.000775  0.002858
J266  0.000531  0.000636  0.002103
J267  0.000472  0.000593  0.001826
J268  0.000504  0.000635  0.002095
J269  0.000499  0.000628  0.002044
J270  0.000483  0.000598  0.001868
J271  0.000606  0.000713  0.002438
J272  0.000530  0.000643  0.002263
J273  0.000490  0.000603  0.001912
J274  0.000698  0.000782  0.002980
J275  0.000814  0.000890  0.003551
J276  0.000542  0.000631  0.002190
J277  0.000654  0.000762  0.002492
J278  0.000525  0.000669  0.002276
J279  0.000619  0.000786  0.002794
J280  0.000607  0.000645  0.002595
J281  0.000523  0.000649  0.002187
J282  0.000495  0.000601  0.001940
J283  0.000603  0.000752  0.002469
J284  0.000561  0.000658  0.002189
J285  0.000675  0.000897  0.003121
J286  0.000577  0.000656  0.002272
J287  0.000577  0.000736  0.002465
J288  0.000488  0.000617  0.002010
J289  0.000524  0.000679  0.002517
J291  0.000480  0.000593  0.001878
J292  0.000483  0.000591  0.001886
J293  0.000502  0.000613  0.002008
J294  0.000513  0.000666  0.002202
J295  0.000708  0.000908  0.003787
J296  0.000472  0.000581  0.001834
J297  0.000665  0.000744  0.003370
J298  0.000496  0.000614  0.002004
J299  0.000491  0.000632  0.002013
J300  0.000597  0.000803  0.002793
J301  0.000515  0.000634  0.002103
J302  0.000477  0.000589  0.001863
J303  0.000485  0.000601  0.001937
J304  0.000472  0.000582  0.001834
J305  0.000494  0.000620  0.002086
J306  0.000486  0.000593  0.001931
J307  0.000476  0.000585  0.001851
J309  0.000509  0.000611  0.001980
J310  0.000480  0.000582  0.001865
J311  0.000483  0.000603  0.001923
J312  0.000517  0.000636  0.002119
J314  0.000478  0.000578  0.001859
J315  0.000492  0.000611  0.002047
J316  0.000516  0.000623  0.002201
J317  0.000532  0.000613  0.002218
J318  0.000566  0.000648  0.002427
J319  0.000582  0.000641  0.002327
J320  0.000510  0.000617  0.002073
J321  0.000485  0.000593  0.001895
J322  0.000517  0.000598  0.002043
J323  0.000514  0.000605  0.002103
J324  0.000511  0.000631  0.002094
J326  0.000538  0.000650  0.002203
J327  0.000483  0.000596  0.001881
J328  0.000529  0.000633  0.002164
J329  0.000509  0.000646  0.002095
J331  0.000503  0.000641  0.002033
J332  0.000508  0.000594  0.002052
J333  0.000548  0.000718  0.002908
J334  0.000499  0.000616  0.002097
J335  0.000507  0.000653  0.002115
J336  0.000763  0.000809  0.003470
J337  0.000483  0.000594  0.001903
J338  0.000478  0.000582  0.001862
J339  0.000482  0.000588  0.001893
J340  0.000479  0.000588  0.001864
J341  0.000574  0.000639  0.002558
J342  0.000587  0.000703  0.002996
J343  0.000565  0.000679  0.002165
J344  0.000545  0.000625  0.002139
J345  0.000503  0.000676  0.002135
J346  0.000504  0.000626  0.001975
J347  0.000483  0.000582  0.001865
J348  0.000579  0.000646  0.002300
J349  0.000475  0.000580  0.001834
J350  0.000509  0.000619  0.002087
J351  0.000556  0.000701  0.002290
J352  0.000476  0.000588  0.001859
J353  0.000503  0.000600  0.002028
J354  0.000490  0.000603  0.001946
J355  0.000494  0.000620  0.002001
J356  0.000484  0.000597  0.001906
J357  0.000515  0.000645  0.002063
J358  0.000514  0.000655  0.002203
J359  0.000522  0.000617  0.002154
J360  0.000517  0.000610  0.002057
J361  0.000486  0.000608  0.001945
J362  0.000527  0.000651  0.002364
J363  0.000477  0.000581  0.001853
J364  0.000517  0.000642  0.002133
J365  0.000557  0.000680  0.002389
J366  0.000559  0.000635  0.002424
J367  0.000605  0.000766  0.002826
J368  0.000489  0.000598  0.001940
J369  0.000476  0.000579  0.001842
J370  0.000554  0.000645  0.002314
J371  0.000609  0.000806  0.003037
J372  0.000488  0.000592  0.001926
J373  0.000735  0.000946  0.003785
J374  0.000511  0.000646  0.002208
J375  0.000481  0.000585  0.001895
J376  0.000541  0.000656  0.002407
J377  0.000479  0.000582  0.001882
J378  0.000526  0.000688  0.002200
J379  0.000555  0.000617  0.002410
J380  0.000565  0.000659  0.002284
J381  0.000584  0.000677  0.002445
J382  0.000512  0.000618  0.002090
J383  0.000519  0.000633  0.002191
J384  0.000497  0.000607  0.002010
J385  0.000478  0.000597  0.001871
J386  0.000522  0.000631  0.002125
J387  0.000499  0.000603  0.002007
J388  0.000545  0.000626  0.002134
J389  0.000524  0.000641  0.002052
J390  0.000485  0.000582  0.001873
J391  0.000489  0.000605  0.001938
J392  0.000508  0.000602  0.001975
J393  0.000495  0.000604  0.001953
J394  0.000518  0.000640  0.002208
J395  0.000525  0.000662  0.002448
J396  0.000472  0.000580  0.001825
J397  0.000571  0.000718  0.002867
J398  0.000525  0.000612  0.002105
J399  0.000532  0.000650  0.002288
J400  0.000512  0.000609  0.002138
J401  0.000495  0.000621  0.002062
J402  0.000539  0.000680  0.002277
J403  0.000613  0.000680  0.003041
J405  0.000478  0.000580  0.001853
J407  0.000499  0.000617  0.002025
J408  0.000477  0.000573  0.001840
J409  0.000669  0.000728  0.003266
J410  0.000573  0.000690  0.002328
J411  0.000509  0.000602  0.002069
J412  0.000524  0.000608  0.002151
J413  0.000482  0.000587  0.001869
J414  0.000508  0.000630  0.002223
J415  0.000483  0.000584  0.001890
J416  0.000482  0.000583  0.001893
J417  0.000534  0.000653  0.002293
J418  0.000520  0.000659  0.002263
J419  0.000486  0.000610  0.001972
J420  0.000772  0.000918  0.003081
J421  0.000501  0.000652  0.002216
J422  0.000518  0.000649  0.002086
J423  0.000503  0.000598  0.002004
J424  0.000586  0.000678  0.002493
J425  0.000497  0.000585  0.001967
J426  0.000476  0.000580  0.001844
J427  0.000489  0.000588  0.001930
J428  0.000477  0.000590  0.001866
J429  0.000476  0.000579  0.001854
J430  0.000488  0.000587  0.001924
J431  0.000526  0.000682  0.002543
J432  0.000483  0.000589  0.001888
J433  0.000530  0.000650  0.002253
J434  0.000555  0.000643  0.002208
J435  0.000477  0.000574  0.001847
J436  0.000539  0.000629  0.002366
J437  0.000508  0.000601  0.002025
J438  0.000517  0.000667  0.002338
J439  0.000546  0.000734  0.002703
J440  0.000663  0.000657  0.002693
J441  0.000505  0.000628  0.002162
J442  0.000487  0.000587  0.001914
J443  0.000526  0.000678  0.002485
J444  0.000488  0.000591  0.001939
J445  0.000478  0.000577  0.001868
J447  0.000553  0.000615  0.002196
J448  0.000500  0.000601  0.002015
J449  0.000513  0.000629  0.002092
J450  0.000499  0.000590  0.001966
J451  0.000501  0.000608  0.002027
J452  0.000499  0.000590  0.001953
J453  0.000499  0.000610  0.001996
J454  0.000491  0.000587  0.001940
J455  0.000499  0.000587  0.001945
J456  0.000500  0.000597  0.001953
J457  0.000540  0.000656  0.002239
J458  0.000533  0.000623  0.002254
J459  0.000492  0.000591  0.001948
J460  0.000493  0.000594  0.001953
J461  0.000482  0.000575  0.001881
J462  0.000484  0.000574  0.001889
J463  0.000490  0.000604  0.001979
J464  0.000481  0.000569  0.001863
J465  0.000513  0.000602  0.002128
J466  0.000497  0.000582  0.001975
J467  0.000484  0.000570  0.001887
J468  0.000531  0.000626  0.002207
J469  0.000545  0.000619  0.002173
J470  0.000509  0.000591  0.002037
J471  0.000513  0.000612  0.002106
J472  0.000514  0.000625  0.002066
J473  0.000479  0.000580  0.001868
J474  0.000485  0.000575  0.001894
J475  0.000485  0.000580  0.001907
J476  0.000562  0.000665  0.002422
J477  0.000555  0.000652  0.002495
J478  0.000562  0.000702  0.002560
J479  0.000544  0.000625  0.002321
J480  0.000493  0.000578  0.001941
J481  0.000498  0.000577  0.001964
J482  0.000496  0.000576  0.001973
J483  0.000569  0.000623  0.002332
J484  0.000486  0.000580  0.001927
J485  0.000485  0.000574  0.001908
J486  0.000503  0.000600  0.002045
J487  0.000504  0.000607  0.002048
J488  0.000544  0.000656  0.002331
J489  0.000496  0.000607  0.002025
J490  0.000491  0.000571  0.001917
J491  0.000517  0.000593  0.002106
J492  0.000495  0.000575  0.001965
J493  0.000511  0.000609  0.002166
J494  0.000550  0.000621  0.002300
J495  0.000501  0.000550  0.001952
J496  0.000527  0.000570  0.002111
J497  0.000638  0.000668  0.002758
J498  0.000531  0.000548  0.002087
J499  0.000511  0.000525  0.001926
J500  0.000508  0.000529  0.001938
J501  0.000461  0.000632  0.001767
J502  0.000503  0.000654  0.001923
J503  0.000477  0.000646  0.001851
J504  0.000563  0.000704  0.002377
J505  0.000483  0.000661  0.001899
J506  0.000475  0.000627  0.001816
J507  0.000463  0.000629  0.001776
J508  0.000462  0.000628  0.001774
J509  0.000458  0.000620  0.001738
J510  0.000704  0.000883  0.003010
J511  0.000493  0.000682  0.001987
J512  0.000468  0.000634  0.001817
J513  0.000508  0.000689  0.002093
J514  0.000508  0.000661  0.001965
J515  0.000499  0.000673  0.001979
J516  0.000475  0.000651  0.001894
J517  0.000517  0.000690  0.002005
J518  0.000489  0.000651  0.001949
J519  0.000464  0.000626  0.001782
J520  0.000492  0.000645  0.001926
J521  0.000473  0.000641  0.001859
J522  0.000500  0.000670  0.001991
J523  0.000556  0.000760  0.002829
J525  0.000465  0.000628  0.001803
J526  0.000473  0.000622  0.001814
J527  0.000480  0.000621  0.001846
J528  0.000570  0.000799  0.002659
J529  0.000491  0.000672  0.001960
J530  0.000462  0.000614  0.001760
J531  0.000471  0.000643  0.001852
J532  0.000475  0.000643  0.001868
J533  0.000566  0.000688  0.002525
J534  0.000477  0.000629  0.001861
J535  0.000514  0.000681  0.002236
J537  0.000537  0.000692  0.002359
J538  0.000473  0.000614  0.001819
J539  0.000475  0.000629  0.001868
J540  0.000486  0.000631  0.001913
J541  0.000502  0.000658  0.002054
J542  0.000471  0.000622  0.001832
J543  0.000474  0.000620  0.001840
J544  0.000493  0.000617  0.001918
J546  0.000530  0.000672  0.002191
J547  0.000637  0.000781  0.002614
J548  0.000525  0.000670  0.002170
J549  0.000482  0.000625  0.001929
J550  0.000480  0.000615  0.001928
J551  0.000476  0.000627  0.001860
J552  0.000501  0.000630  0.001980
J553  0.000509  0.000642  0.002080
J554  0.000488  0.000620  0.001896
J555  0.000487  0.000626  0.001919
J556  0.000466  0.000596  0.001790
J557  0.000475  0.000602  0.001840
J559  0.000572  0.000687  0.002527
J560  0.000475  0.000601  0.001837
J561  0.000534  0.000663  0.002203
J563  0.000558  0.000764  0.002633
J564  0.000611  0.000735  0.002304
J565  0.000492  0.000628  0.001980
J566  0.000477  0.000604  0.001872
J567  0.000538  0.000691  0.002189
J568  0.000513  0.000633  0.002069
J569  0.000483  0.000607  0.001891
J570  0.000539  0.000644  0.002141
J571  0.000485  0.000630  0.001912
J572  0.000479  0.000601  0.001862
J573  0.000494  0.000612  0.001957
J574  0.000497  0.000629  0.002051
J575  0.000475  0.000598  0.001832
J576  0.000480  0.000598  0.001857
J577  0.000484  0.000618  0.001913
J578  0.000540  0.000633  0.002169
J579  0.000477  0.000593  0.001852
J580  0.000540  0.000638  0.002407
J581  0.000577  0.000672  0.002688
J582  0.000506  0.000638  0.002068
J583  0.000487  0.000600  0.001910
J584  0.000484  0.000608  0.001930
J585  0.000571  0.000743  0.002370
J586  0.000592  0.000864  0.003035
J587  0.000484  0.000600  0.001888
J588  0.000504  0.000611  0.002025
J589  0.000499  0.000663  0.002374
J590  0.000548  0.000746  0.002645
J591  0.000548  0.000644  0.002224
J592  0.000696  0.000803  0.003648
J593  0.000522  0.000676  0.002469
J594  0.000563  0.000664  0.002505
J595  0.000570  0.000627  0.002494
J596  0.000549  0.000622  0.002346
J597  0.000554  0.000709  0.002791
J598  0.000632  0.000696  0.003370
J600  0.000577  0.000870  0.002984
J601  0.000573  0.000680  0.002744
J602  0.000484  0.000602  0.001970
J603  0.000525  0.000591  0.002195
J604  0.000510  0.000551  0.002081
J605  0.000502  0.000546  0.002033
J606  0.000481  0.000599  0.001886
J607  0.000744  0.000807  0.003071
J608  0.000492  0.000626  0.001967
J609  0.000484  0.000592  0.001880
J610  0.000496  0.000598  0.001942
J611  0.000661  0.000780  0.002919
J612  0.000517  0.000611  0.002042
J613  0.000548  0.000793  0.002451
J614  0.000642  0.000658  0.002402
J615  0.000486  0.000599  0.001907
J616  0.000583  0.000686  0.002416
J617  0.000604  0.000691  0.002484
J618  0.000539  0.000701  0.002245
J619  0.000742  0.000828  0.003177
J620  0.000661  0.000721  0.003612
J621  0.000543  0.000657  0.002457
J622  0.000481  0.000592  0.001890
J623  0.000481  0.000596  0.001914
J624  0.000511  0.000619  0.002089
J625  0.000482  0.000590  0.001902
J626  0.000850  0.000960  0.004043
J627  0.000500  0.000635  0.002102
J628  0.000699  0.000795  0.003010
J629  0.000554  0.000673  0.002508
J630  0.000504  0.000617  0.002042
J631  0.000478  0.000596  0.001886
J632  0.000473  0.000582  0.001840
J633  0.000493  0.000597  0.001937
J634  0.000538  0.000628  0.002265
J635  0.000482  0.000582  0.001890
J636  0.000502  0.000606  0.001991
J637  0.000514  0.000595  0.002079
J638  0.000505  0.000635  0.002051
J639  0.000473  0.000585  0.001836
J640  0.000492  0.000608  0.001928
J641  0.000495  0.000661  0.002041
J642  0.000528  0.000663  0.002200
J643  0.000496  0.000615  0.001993
J644  0.000560  0.000624  0.002434
J645  0.000572  0.000642  0.002188
J646  0.000476  0.000588  0.001843
J647  0.000556  0.000695  0.003051
J648  0.000646  0.000746  0.002848
J649  0.000491  0.000618  0.002012
J650  0.000493  0.000594  0.001981
J652  0.000597  0.000705  0.002607
J653  0.000569  0.000641  0.002310
J654  0.000480  0.000584  0.001850
J655  0.000512  0.000661  0.002120
J656  0.000502  0.000615  0.002009
J657  0.000522  0.000643  0.002120
J658  0.000666  0.000753  0.003065
J659  0.000582  0.000782  0.002812
J660  0.000534  0.000631  0.002169
J662  0.000630  0.000711  0.002478
J663  0.000483  0.000596  0.001909
J664  0.000530  0.000666  0.002275
J665  0.000519  0.000654  0.002444
J666  0.000603  0.000680  0.002594
J667  0.000521  0.000625  0.002285
J668  0.000487  0.000587  0.001920
J669  0.000532  0.000622  0.002145
J670  0.000504  0.000606  0.002028
J672  0.000545  0.000647  0.002197
J673  0.000490  0.000598  0.001929
J674  0.000501  0.000638  0.002051
J675  0.000640  0.000800  0.002868
J676  0.000541  0.000632  0.002220
J677  0.000491  0.000592  0.001958
J678  0.000484  0.000602  0.001915
J679  0.000478  0.000581  0.001862
J680  0.000500  0.000600  0.001970
J681  0.000603  0.000681  0.002537
J683  0.000508  0.000602  0.002023
J684  0.000492  0.000587  0.001968
J685  0.000507  0.000615  0.002030
J686  0.000497  0.000603  0.001980
J687  0.000505  0.000618  0.002076
J688  0.000494  0.000634  0.002058
J689  0.000486  0.000582  0.001909
J690  0.000529  0.000598  0.002077
J691  0.000522  0.000598  0.002147
J692  0.000527  0.000607  0.002182
J693  0.000488  0.000577  0.001891
J694  0.000542  0.000625  0.002261
J695  0.000566  0.000672  0.002419
J696  0.000498  0.000599  0.002033
J697  0.000492  0.000576  0.001937
J698  0.000503  0.000585  0.001983
J699  0.000555  0.000631  0.002288
J700  0.000544  0.000642  0.002228
J701  0.000554  0.000621  0.002194
J702  0.000525  0.000628  0.002086
J703  0.000506  0.000612  0.002022
J704  0.000580  0.000648  0.002413
J705  0.000507  0.000599  0.002045
J706  0.000503  0.000593  0.002018
J707  0.000695  0.000797  0.003058
J709  0.000484  0.000577  0.001890
J710  0.000516  0.000661  0.002295
J711  0.000496  0.000584  0.001969
J712  0.000543  0.000628  0.002203
J713  0.000491  0.000575  0.001937
J714  0.000555  0.000653  0.002330
J715  0.000504  0.000584  0.002034
J716  0.000582  0.000622  0.002358
J717  0.000487  0.000575  0.001915
J718  0.000521  0.000607  0.002131
J719  0.000495  0.000606  0.002009
J720  0.000510  0.000603  0.002100
J721  0.000573  0.000610  0.002413
J722  0.000496  0.000571  0.001966
J723  0.000499  0.000575  0.001987
J724  0.000491  0.000567  0.001936
J725  0.000541  0.000591  0.002200
J726  0.000487  0.000565  0.001922
J727  0.000524  0.000641  0.002301
J728  0.000525  0.000601  0.002196
J729  0.000527  0.000593  0.002171
J730  0.000510  0.000570  0.002040
J731  0.000574  0.000613  0.002319
J732  0.000503  0.000566  0.001997
J733  0.000583  0.000647  0.002542
J734  0.000495  0.000552  0.001945
J735  0.000513  0.000574  0.002057
J736  0.000496  0.000545  0.001929
J737  0.000542  0.000583  0.002149
J738  0.000519  0.000577  0.002106
J739  0.000495  0.000541  0.001924
J740  0.000496  0.000541  0.001931
J741  0.000517  0.000564  0.002095
J742  0.000523  0.000575  0.002120
J743  0.000506  0.000548  0.001984
J744  0.000541  0.000559  0.002230
J745  0.000537  0.000574  0.002132
J746  0.000507  0.000548  0.001991
J747  0.000543  0.000547  0.002148
J748  0.000543  0.000554  0.002161
J749  0.000524  0.000559  0.002098
J750  0.000532  0.000557  0.002072
J751  0.000512  0.000527  0.001928
J752  0.000538  0.000633  0.002265
J753  0.000497  0.000668  0.002146
J754  0.000704  0.000680  0.002527
J755  0.000482  0.000595  0.001892
J756  0.000486  0.000606  0.001931
J758  0.000510  0.000619  0.002019
J759  0.000524  0.000653  0.002231
J760  0.000525  0.000735  0.002345
J761  0.000488  0.000594  0.001916
J762  0.000497  0.000627  0.002009
J763  0.000509  0.000600  0.002006
J764  0.000482  0.000590  0.001868
J765  0.000500  0.000633  0.001997
J766  0.000480  0.000586  0.001862
J767  0.000511  0.000607  0.002075
J768  0.000481  0.000592  0.001892
J769  0.000478  0.000582  0.001859
J770  0.000485  0.000583  0.001902
J771  0.000488  0.000582  0.001905
J772  0.000490  0.000582  0.001925
J773  0.000498  0.000588  0.001967
J774  0.000486  0.000595  0.001938
J775  0.000556  0.000602  0.002413
J776  0.000585  0.000700  0.003147
J777  0.000532  0.000592  0.002166
J778  0.000470  0.000647  0.001826
J779  0.000494  0.000716  0.002261
J780  0.000485  0.000680  0.002013
J781  0.000472  0.000644  0.001794
J782  0.000474  0.000643  0.001860
J783  0.000463  0.000629  0.001775
J784  0.000470  0.000625  0.001794
J785  0.000546  0.000727  0.002453
J787  0.000579  0.000832  0.002792
J788  0.000504  0.000651  0.001989
J789  0.000485  0.000645  0.001895
J790  0.000500  0.000754  0.002134
J791  0.000481  0.000663  0.001928
J792  0.000489  0.000642  0.001933
J793  0.000483  0.000645  0.001913
J794  0.000461  0.000612  0.001752
J795  0.000557  0.000809  0.002448
J796  0.000513  0.000646  0.002079
J797  0.000487  0.000617  0.001903
J798  0.000498  0.000641  0.001958
J799  0.000488  0.000649  0.001958
J800  0.000511  0.000662  0.002139
J801  0.000858  0.001231  0.004860
J802  0.000620  0.000822  0.003637
J803  0.000524  0.000692  0.002321
J804  0.000488  0.000605  0.001932
J805  0.000485  0.000612  0.001904
J806  0.000479  0.000608  0.001871
J807  0.000499  0.000642  0.002005
J809  0.000505  0.000622  0.002058
J810  0.000501  0.000617  0.002048
J811  0.000515  0.000613  0.002018
J812  0.000642  0.000702  0.002542
J813  0.000526  0.000688  0.002268
J814  0.000576  0.000767  0.002608
J815  0.000508  0.000622  0.002063
J817  0.000525  0.000695  0.002554
J818  0.000587  0.000668  0.002348
J819  0.000836  0.001097  0.003682
J820  0.000606  0.000786  0.002682
J821  0.000488  0.000610  0.001932
J822  0.000494  0.000630  0.002007
J823  0.000582  0.000807  0.003386
J824  0.000680  0.000735  0.003087
J825  0.000925  0.000821  0.003928
J826  0.000622  0.000657  0.002557
J827  0.000475  0.000587  0.001853
J828  0.000548  0.000621  0.002245
J829  0.000493  0.000592  0.001931
J830  0.000519  0.000700  0.002250
J831  0.000500  0.000596  0.001978
J832  0.000529  0.000600  0.002174
J833  0.000497  0.000645  0.002146
J834  0.000496  0.000588  0.001958
J835  0.000552  0.000611  0.002250
J836  0.000492  0.000573  0.001935
J837  0.000659  0.000704  0.003377
J838  0.000543  0.000696  0.002919
J840  0.000517  0.000670  0.002286
J841  0.000522  0.000652  0.002264
J842  0.000777  0.000779  0.003168
J843  0.000489  0.000599  0.001932
J844  0.000522  0.000652  0.002160
J845  0.000484  0.000621  0.001922
J846  0.000536  0.000633  0.002213
J847  0.000738  0.000756  0.003002
J848  0.000471  0.000636  0.001810
J849  0.000491  0.000657  0.001911
J850  0.000472  0.000646  0.001844
J851  0.000475  0.000659  0.001862
J852  0.000506  0.000703  0.002097
J853  0.000475  0.000648  0.001837
J854  0.000490  0.000739  0.002025
J855  0.000505  0.000686  0.002044
J856  0.000469  0.000634  0.001805
J857  0.000482  0.000646  0.001877
J858  0.000459  0.000623  0.001752
J859  0.000488  0.000646  0.001875
J860  0.000483  0.000647  0.001886
J861  0.000462  0.000624  0.001760
J862  0.000477  0.000650  0.001885
J863  0.000494  0.000672  0.001932
J864  0.000489  0.000684  0.002042
J865  0.000461  0.000627  0.001776
J866  0.000577  0.000830  0.002451
J867  0.000540  0.000708  0.002243
J868  0.000498  0.000686  0.002005
J869  0.000470  0.000632  0.001815
J870  0.000503  0.000658  0.001982
J871  0.000498  0.000665  0.001975
J872  0.000472  0.000632  0.001814
J873  0.000516  0.000667  0.002123
J874  0.000537  0.000762  0.002314
J875  0.000667  0.000741  0.002524
J876  0.000460  0.000620  0.001756
J877  0.000476  0.000668  0.001920
J878  0.000483  0.000655  0.001926
J879  0.000462  0.000620  0.001763
J880  0.000480  0.000640  0.001876
J881  0.000482  0.000660  0.001925
J882  0.000464  0.000630  0.001788
J883  0.000494  0.000664  0.001952
J884  0.000474  0.000656  0.001872
J885  0.000499  0.000682  0.001979
J886  0.000461  0.000619  0.001763
J887  0.000502  0.000698  0.002130
J888  0.000495  0.000659  0.001924
J889  0.000464  0.000623  0.001786
J890  0.000494  0.000652  0.002036
J891  0.000471  0.000637  0.001843
J892  0.000565  0.000691  0.002486
J893  0.000551  0.000664  0.002162
J894  0.000585  0.000717  0.002732
J895  0.000487  0.000632  0.001904
J896  0.000480  0.000628  0.001874
J897  0.000595  0.000788  0.002634
J898  0.000497  0.000651  0.002016
J899  0.000485  0.000624  0.001870
J901  0.000480  0.000634  0.001892
J902  0.000554  0.000833  0.002701
J903  0.000473  0.000628  0.001869
J904  0.000579  0.000739  0.002581
J905  0.000647  0.000932  0.002901
J906  0.000537  0.000658  0.002238
J907  0.000561  0.000771  0.002388
J908  0.000481  0.000617  0.001881
J909  0.000778  0.000923  0.003238
J910  0.000516  0.000671  0.002122
J911  0.000488  0.000647  0.001990
J912  0.000486  0.000621  0.001924
J913  0.000483  0.000619  0.001926
J914  0.000504  0.000644  0.002107
J915  0.000478  0.000618  0.001889
J916  0.000475  0.000608  0.001846
J917  0.000551  0.000700  0.002293
J918  0.000467  0.000597  0.001790
J919  0.000473  0.000605  0.001824
J920  0.000508  0.000660  0.002146
J921  0.000467  0.000609  0.001789
J922  0.000585  0.000858  0.003433
J923  0.000485  0.000620  0.001863
J924  0.000575  0.000798  0.002556
J925  0.000487  0.000613  0.001884
J926  0.000469  0.000605  0.001805
J927  0.000487  0.000622  0.001899
J928  0.000588  0.000670  0.002311
J929  0.000489  0.000633  0.001937
J930  0.000483  0.000608  0.001878
J931  0.000507  0.000641  0.002048
J932  0.000519  0.000692  0.002291
J933  0.000532  0.000676  0.002219
J934  0.000665  0.000890  0.003113
J935  0.000513  0.000676  0.002228
J936  0.000492  0.000622  0.001958
J937  0.000569  0.000757  0.002546
J938  0.000495  0.000616  0.001950
J939  0.000480  0.000609  0.001887
J940  0.000526  0.000627  0.002095
J941  0.000564  0.000701  0.002262
J942  0.000498  0.000642  0.002120
J943  0.000500  0.000620  0.002001
J944  0.000515  0.000665  0.002183
J945  0.000495  0.000614  0.001951
J946  0.000567  0.000772  0.002501
J947  0.000499  0.000617  0.001992
J948  0.000507  0.000624  0.002076
J949  0.000527  0.000716  0.002399
J950  0.000472  0.000595  0.001839
J951  0.000501  0.000625  0.002011
J952  0.000623  0.000714  0.002534
J954  0.000507  0.000631  0.002080
J955  0.000506  0.000677  0.002235
J956  0.000530  0.000711  0.002351
J957  0.000711  0.000791  0.003717
J958  0.000609  0.000692  0.002688
J959  0.000562  0.000722  0.002573
J960  0.000481  0.000595  0.001900
J961  0.000584  0.000784  0.002667
J962  0.000566  0.000683  0.002344
J963  0.000651  0.000779  0.003120
J964  0.000531  0.000653  0.002179
J965  0.000527  0.000661  0.002156
J966  0.000563  0.000670  0.002402
J967  0.000496  0.000612  0.001938
J968  0.000480  0.000599  0.001874
J969  0.000567  0.000726  0.002391
J970  0.000816  0.000929  0.003737
J971  0.000566  0.000651  0.002547
J972  0.000482  0.000596  0.001854
J973  0.000485  0.000600  0.001905
J974  0.000644  0.000731  0.002709
J975  0.000667  0.000669  0.003387
J976  0.000752  0.000877  0.003147
J977  0.000515  0.000620  0.002055
J978  0.000488  0.000599  0.001918
J979  0.000578  0.000652  0.002672
J980  0.000577  0.000712  0.002293
J981  0.000602  0.000727  0.002735
J982  0.001091  0.001019  0.003891
J983  0.000482  0.000605  0.001926
J984  0.000488  0.000601  0.001897
J985  0.000509  0.000624  0.002019
J986  0.000618  0.000639  0.002465
J987  0.000622  0.000671  0.002533
J988  0.000718  0.000849  0.003724
J989  0.000711  0.000710  0.002753
J990  0.000604  0.000732  0.002655
J991  0.000609  0.000841  0.003111
J992  0.000528  0.000660  0.002187
J993  0.000510  0.000643  0.002105
J994  0.000566  0.000643  0.002197
J995  0.000497  0.000605  0.001989
J996  0.000544  0.000684  0.002373
J997  0.000491  0.000615  0.001975
J998  0.000482  0.000592  0.001905
J999  0.000505  0.000635  0.002245
KAMN  +inf  +inf  +inf
KAMS  +inf  +inf  +inf
KGNI  0.000842  0.000911  0.003463
KHAJ  0.000583  0.000803  0.002387
KNYA  0.000640  0.000684  0.002571
KSMV  0.000736  0.000838  0.003752
KUNM  0.001050  0.000959  0.004483
MAG0  0.000471  0.000646  0.001888
MAGJ  0.000452  0.000627  0.001856
MCIL  0.000554  0.000550  0.002108
MIZU  0.000522  0.000663  0.002084
MTKA  0.000561  0.000699  0.002312
MYGI  +inf  +inf  +inf
MYGW  +inf  +inf  +inf
NIMT  0.000870  0.000724  0.003203
OKN1  0.000722  0.000711  0.002922
PETS  0.000559  0.000751  0.002511
PIMO  0.000973  0.000857  0.004616
S004  0.000537  0.000604  0.002153
S005  0.000469  0.000644  0.001827
S007  0.000518  0.000611  0.002322
S106  0.000503  0.000627  0.002076
S107  0.000489  0.000591  0.001932
S110  0.000489  0.000602  0.001942
SHAO  0.000740  0.000797  0.003228
SMST  0.000749  0.000881  0.003394
STK2  0.000494  0.000643  0.001844
SUWN  0.000681  0.000796  0.003012
TCMS  0.000577  0.000588  0.002329
TNML  0.000698  0.000683  0.002971
TSK2  0.000511  0.000602  0.001915
TSKB  0.000654  0.000783  0.002830
TWTF  0.000578  0.000588  0.002324
ULAB  0.000530  0.000712  0.002129
USUD  0.000691  0.000757  0.003112
WUHN  0.000739  0.000772  0.003210
YSSK  0.000479  0.000660  0.001838
Z101  0.000527  0.000616  0.002075
Z102  0.001048  0.001080  0.005296
Z103  0.000504  0.000614  0.002063
Z104  0.000499  0.000628  0.002098
Z105  0.000498  0.000611  0.002037
Z106  0.000688  0.000740  0.002615
Z107  0.000620  0.000737  0.003188
Z108  0.001367  0.000944  0.005373
Z109  0.000519  0.000602  0.002106
Z110  0.000811  0.000799  0.003769
Z111  0.000698  0.000765  0.002893
Z112  0.000535  0.000651  0.002231
Z113  0.000538  0.000646  0.002449
Z114  0.000535  0.000668  0.002241
Z115  0.000710  0.000773  0.004024
Z116  0.000521  0.000623  0.002137
Z117  0.000490  0.000581  0.001916
Z118  0.000737  0.000791  0.004236
Z119  0.000572  0.000710  0.002470
Z120  0.000478  0.000587  0.001887
Z121  0.000524  0.000633  0.002222
Z123  0.000635  0.000794  0.002875
Z124  0.000809  0.000854  0.003365
