101.013069	80.051041	0.000401
111.270531	79.892723	0.000356
121.372292	79.736893	0.000291
131.325363	79.583443	0.000216
141.136276	79.432266	0.000147
150.811066	79.283272	0.00011
160.355377	79.136368	0.000124
169.774475	78.991463	0.000159
179.073273	78.848495	0.000192
88.976913	78.446617	0.00052
188.256393	78.707375	0.000216
197.328125	78.568039	0.00023
97.849892	78.310471	0.000506
106.622566	78.175934	0.000466
115.298355	78.042953	0.000402
123.880486	77.911476	0.000322
132.372025	77.781456	0.000236
140.775848	77.652847	0.000162
149.094711	77.525597	0.000124
157.331223	77.399673	0.000138
165.487854	77.27504	0.000175
173.566956	77.151649	0.00021
181.57077	77.029472	0.000236
87.792908	76.674217	0.000627
189.50145	76.908478	0.000253
197.361023	76.78862	0.000261
95.518448	76.556526	0.00062
103.178398	76.439896	0.000585
110.77446	76.324295	0.000525
118.308273	76.209694	0.000444
125.781403	76.096077	0.000352
133.195343	75.983414	0.000258
140.551529	75.871689	0.000178
147.851349	75.760872	0.000139
155.096146	75.650948	0.000154
162.287186	75.541893	0.000192
169.425705	75.433685	0.000229
176.512863	75.326317	0.000256
183.549835	75.219757	0.000274
86.889389	74.897148	0.00074
93.732811	74.793732	0.00074
190.537704	75.113991	0.000285
197.477524	75.00901	0.000288
100.531235	74.69104	0.000712
107.285561	74.589073	0.000658
113.996689	74.487801	0.000582
120.665482	74.387222	0.00049
127.292755	74.287315	0.000388
133.879333	74.188072	0.000286
140.42598	74.089478	0.000199
146.933456	73.991524	0.000155
153.402512	73.894196	0.00017
159.833817	73.797485	0.00021
166.228088	73.701378	0.000247
172.585999	73.605858	0.000275
178.908188	73.510933	0.000293
185.195267	73.416573	0.000304
86.178246	73.116768	0.000859
92.32386	73.024727	0.000866
191.447876	73.322777	0.000309
197.666595	73.229538	0.000308
98.437393	72.933205	0.000846
104.519363	72.842209	0.000801
110.57029	72.751717	0.000734
116.590675	72.66172	0.000649
122.581001	72.57222	0.000549
128.541748	72.483208	0.000438
134.473373	72.394676	0.000326
140.376328	72.30661	0.000226
146.251038	72.219009	0.000172
152.097961	72.131866	0.000183
157.917496	72.045174	0.000226
163.710052	71.958923	0.000266
169.476044	71.873108	0.000293
175.21582	71.787727	0.000309
180.929794	71.702774	0.000318
186.618332	71.61824	0.000322
85.604691	71.333923	0.000982
91.185463	71.251167	0.000998
192.281784	71.534119	0.000323
197.920502	71.450409	0.000319
96.742645	71.1688	0.000987
102.276558	71.086815	0.000954
107.787521	71.005219	0.0009
113.275826	70.923988	0.000828
118.741783	70.843132	0.000739
124.185677	70.762642	0.000634
129.607803	70.68251	0.000514
135.008423	70.602737	0.000386
140.387833	70.523315	0.000267
145.746292	70.444244	0.00019
151.084061	70.365509	0.000192
156.401398	70.287125	0.000238
161.698563	70.209068	0.000283
166.9758	70.13134	0.000311
172.233337	70.053947	0.000323
177.47142	69.976875	0.000327
182.690308	69.900124	0.000327
187.890182	69.823685	0.000327
193.071304	69.747559	0.000326
85.132881	69.549133	0.001108
90.247772	69.474113	0.001133
95.344887	69.399391	0.001134
198.233887	69.671745	0.000322
100.424416	69.324966	0.001114
105.486557	69.250832	0.001078
110.531517	69.176979	0.001025
115.559471	69.103416	0.000958
120.570618	69.030128	0.000871
125.565132	68.95713	0.000762
130.543198	68.884399	0.000627
135.505005	68.811943	0.000475
140.450699	68.739754	0.000324
145.380478	68.667839	0.000215
150.294495	68.596184	0.000199
155.192917	68.524796	0.000249
160.075928	68.453659	0.0003
164.943649	68.382782	0.00033
169.796265	68.312164	0.000339
174.633926	68.241791	0.000335
179.456772	68.171677	0.000327
184.264969	68.101799	0.000321
189.058655	68.032173	0.000318
193.837982	67.962784	0.000317
84.738426	67.762764	0.001235
89.463036	67.694298	0.001271
94.17395	67.626068	0.001284
198.603073	67.893639	0.000314
98.871307	67.558067	0.001281
103.555237	67.490295	0.001265
108.225868	67.422745	0.001238
112.883324	67.355415	0.001201
117.527725	67.288307	0.001146
122.159195	67.221428	0.001062
126.777863	67.154755	0.000938
131.383835	67.088303	0.000773
135.977234	67.022064	0.000581
140.558167	66.956032	0.00039
145.126755	66.890213	0.000244
149.683105	66.824608	0.000211
154.227325	66.759201	0.000266
158.759521	66.694	0.000324
163.279816	66.629005	0.000355
167.7883	66.564209	0.00036
172.28508	66.499611	0.000346
176.770248	66.435211	0.000325
181.243927	66.37101	0.000308
185.706207	66.307007	0.000297
190.157166	66.243187	0.000295
194.596939	66.179565	0.000296
84.404152	65.97506	0.001362
88.797485	65.912231	0.001409
93.180092	65.849586	0.001437
199.025574	66.116135	0.000296
97.552063	65.787125	0.001451
101.91349	65.724838	0.001459
106.26445	65.662735	0.001462
110.605042	65.600815	0.001463
114.935333	65.539062	0.001451
119.255409	65.477493	0.001407
123.565361	65.416092	0.001308
127.865265	65.354866	0.001147
132.155197	65.293816	0.000931
136.435242	65.232933	0.000685
140.705475	65.172211	0.000444
144.965973	65.111664	0.000268
149.216812	65.051285	0.000237
153.458069	64.991074	0.000304
157.689804	64.931023	0.000366
161.912109	64.871132	0.000394
166.125046	64.811401	0.000392
170.32869	64.751839	0.000366
174.523117	64.692429	0.000329
178.708374	64.633179	0.000294
182.884552	64.574089	0.00027
187.051697	64.51516	0.000259
191.2099	64.456375	0.000259
195.359222	64.397751	0.000264
84.117599	64.186188	0.001487
88.226608	64.128258	0.001545
92.327095	64.07048	0.001588
96.419113	64.012848	0.001622
199.499725	64.339279	0.000268
100.502724	63.955364	0.001655
104.57798	63.898026	0.001692
108.644958	63.840832	0.001736
112.703705	63.783779	0.001777
116.75428	63.726868	0.001783
120.796738	63.670097	0.001725
124.831139	63.613472	0.001585
128.857544	63.556984	0.001361
132.875992	63.500633	0.00107
136.886551	63.44442	0.000753
140.889282	63.388348	0.000463
144.884216	63.332405	0.000285
148.871414	63.276604	0.000297
152.850937	63.220936	0.000379
156.822845	63.165398	0.000435
160.787155	63.109997	0.000452
164.743958	63.054726	0.000435
168.693268	62.999584	0.000395
172.635162	62.944576	0.000341
176.569672	62.889694	0.000287
180.496841	62.834946	0.000244
184.416748	62.780319	0.000219
188.329407	62.725826	0.000212
192.234894	62.671455	0.000216
196.133224	62.61721	0.000225
200.02446	62.563091	0.000234
83.869553	62.396275	0.001608
87.732201	62.342659	0.001678
91.587975	62.289165	0.001736
95.436928	62.235794	0.00179
99.279091	62.182537	0.001849
103.114525	62.129406	0.001921
106.943253	62.076389	0.002013
110.765327	62.023491	0.00211
114.580788	61.970707	0.002178
118.389671	61.918045	0.002177
122.192017	61.865494	0.002076
125.987877	61.813061	0.00186
129.777267	61.760738	0.001541
133.560257	61.708534	0.001161
137.336868	61.656441	0.000773
141.107132	61.604462	0.000452
144.871094	61.552593	0.00033
148.628799	61.500835	0.000411
152.38028	61.449192	0.000501
156.125565	61.397655	0.000536
159.8647	61.34623	0.000525
163.597717	61.29491	0.000484
167.324661	61.243702	0.000425
171.045563	61.1926	0.000357
174.760437	61.141605	0.000288
178.469345	61.090721	0.000229
182.172318	61.03994	0.00019
185.869385	60.989262	0.000172
189.560562	60.93869	0.000167
193.245926	60.888226	0.000172
196.925461	60.837864	0.000184
83.653023	60.605408	0.001723
87.300423	60.555622	0.001805
90.94223	60.505936	0.001878
94.578476	60.456348	0.001951
98.209198	60.40686	0.002035
101.834412	60.357475	0.002142
105.454163	60.308182	0.002282
109.068474	60.258991	0.00244
112.677376	60.209896	0.002577
116.280891	60.1609	0.002645
119.879066	60.112	0.002602
123.471916	60.06319	0.002419
127.059471	60.014481	0.002108
130.641754	59.965866	0.001704
134.218811	59.917347	0.00125
137.790665	59.868919	0.000801
141.35733	59.820587	0.000463
144.918839	59.772346	0.000424
148.475235	59.724201	0.000562
152.02652	59.676147	0.000651
155.572739	59.628185	0.000654
159.113907	59.580311	0.000598
162.650055	59.532532	0.000519
166.181229	59.48484	0.000438
169.707413	59.437241	0.00036
173.228668	59.389732	0.000287
176.74501	59.342312	0.000227
180.256454	59.294979	0.000191
183.763031	59.247734	0.000176
187.264786	59.200581	0.000166
190.761703	59.153511	0.000154
194.253845	59.106529	0.000147
197.741211	59.059635	0.00015
83.462616	58.813652	0.00183
86.920616	58.767296	0.001924
90.374016	58.72102	0.002011
93.822845	58.674831	0.002102
97.267128	58.628723	0.00221
100.706879	58.582699	0.00235
104.14212	58.536758	0.002535
107.572884	58.490898	0.002754
110.999184	58.445118	0.002963
114.421043	58.399422	0.003112
117.838493	58.353809	0.003146
121.251534	58.308273	0.003027
124.660202	58.262817	0.002773
128.064514	58.217445	0.002414
131.464493	58.17215	0.00197
134.860168	58.126934	0.001462
138.251541	58.081799	0.000935
141.638641	58.036743	0.000529
145.0215	57.991764	0.000515
148.400116	57.946861	0.000702
151.774521	57.902039	0.000795
155.144745	57.857292	0.000759
158.510788	57.812622	0.000645
161.872681	57.768032	0.000514
165.230438	57.723515	0.000407
168.584076	57.679073	0.000333
171.933624	57.634708	0.000277
175.279099	57.59042	0.00024
178.620514	57.546207	0.000229
181.957886	57.502068	0.000238
185.291245	57.458004	0.000242
188.62059	57.414013	0.000225
191.945969	57.370098	0.000191
195.267365	57.326256	0.000158
198.584824	57.282486	0.000137
83.294113	57.021057	0.001929
86.584412	56.977791	0.002033
89.870895	56.934597	0.002133
93.153587	56.891476	0.00224
96.43251	56.848423	0.002368
99.707672	56.805443	0.002537
102.979095	56.762531	0.002763
106.246788	56.719688	0.003038
109.51078	56.676914	0.00332
112.77108	56.634212	0.003556
116.027702	56.591576	0.003682
119.28067	56.549011	0.003659
122.529991	56.506512	0.003517
125.775681	56.464081	0.003287
129.017761	56.421719	0.002974
132.256241	56.379425	0.002549
135.49115	56.337196	0.001978
138.722488	56.295036	0.001295
141.950272	56.252941	0.000678
145.174515	56.210911	0.000565
148.395248	56.168949	0.000807
151.612473	56.127056	0.000912
154.826202	56.085224	0.000831
158.036469	56.043461	0.000643
161.243256	56.001762	0.000451
164.446609	55.960129	0.000332
167.64653	55.91856	0.000294
170.843033	55.877052	0.000291
174.036118	55.835613	0.000297
177.22583	55.794235	0.000315
180.412155	55.752922	0.000342
183.595123	55.711674	0.000363
186.77475	55.670486	0.000356
189.951035	55.629364	0.000317
193.124008	55.588306	0.000259
196.293671	55.547306	0.0002
199.460037	55.506374	0.000153
83.144173	55.227657	0.002016
86.285156	55.187202	0.00213
89.422966	55.146812	0.002241
92.55761	55.10648	0.002361
95.689095	55.066208	0.002507
98.817451	55.025993	0.002698
101.94268	54.985844	0.002957
105.064789	54.945751	0.003282
108.1838	54.905716	0.003633
111.299721	54.865742	0.003957
114.412567	54.825825	0.004185
117.522346	54.785969	0.004281
120.629074	54.74617	0.004294
123.732758	54.706429	0.004274
126.83342	54.666748	0.004228
129.931061	54.627121	0.004073
133.025696	54.587555	0.003662
136.117325	54.548046	0.002916
139.205994	54.508595	0.001915
142.291672	54.469196	0.000936
145.374405	54.429859	0.000633
148.454178	54.390575	0.000942
151.531021	54.351353	0.001036
154.604935	54.312183	0.000872
157.675949	54.273067	0.000586
160.744049	54.234013	0.00036
163.80925	54.195011	0.000349
166.871582	54.156063	0.000421
169.93103	54.117172	0.000456
172.98764	54.078339	0.000462
176.041382	54.039558	0.000471
179.0923	54.000832	0.000493
182.140381	53.962162	0.000515
185.185654	53.923546	0.000518
188.228119	53.884983	0.000483
191.267776	53.846474	0.000415
194.304657	53.808022	0.000333
197.33876	53.769619	0.000253
83.010094	53.433479	0.002091
86.017509	53.395599	0.002214
89.022255	53.357769	0.002334
92.024353	53.319992	0.002465
95.023796	53.282265	0.002623
98.020607	53.244587	0.002831
101.014786	53.206966	0.003114
104.006348	53.169392	0.003478
106.9953	53.13187	0.003889
109.981659	53.094398	0.004295
112.965424	53.05698	0.004628
115.946602	53.019608	0.004852
118.925209	52.982288	0.00504
121.90126	52.945019	0.005277
124.874756	52.907799	0.005608
127.845703	52.870632	0.005912
130.814117	52.833511	0.005927
133.779999	52.79644	0.005413
136.743378	52.759418	0.004287
139.704239	52.722446	0.002726
142.662598	52.685528	0.00122
145.618469	52.648651	0.000826
148.571854	52.611828	0.001224
151.522766	52.57505	0.001226
154.471222	52.538326	0.000894
157.417206	52.501644	0.000499
160.360748	52.465015	0.000446
163.301849	52.428432	0.000674
166.240524	52.391899	0.000822
169.176773	52.355412	0.000842
172.110611	52.318974	0.000788
175.042038	52.282581	0.00073
177.971069	52.246235	0.000706
180.89772	52.209938	0.000706
183.821976	52.173691	0.000704
186.743866	52.137486	0.000674
189.663391	52.10133	0.000603
192.580551	52.06522	0.000505
195.495361	52.02916	0.000401
198.407837	51.993141	0.000306
82.889687	51.638554	0.002152
85.777115	51.603035	0.002283
88.662292	51.567562	0.002411
91.545227	51.532135	0.002549
94.425926	51.49675	0.002715
97.304405	51.461414	0.002933
100.180656	51.426117	0.003229
103.054703	51.390869	0.00362
105.926537	51.355659	0.004077
108.796173	51.320499	0.004555
111.66362	51.285381	0.004986
114.528885	51.250305	0.005333
117.391975	51.215275	0.005688
120.252892	51.180286	0.006184
123.111649	51.145344	0.006933
125.968246	51.110443	0.007827
128.822693	51.075584	0.008546
131.675003	51.040771	0.00869
134.525177	51.005997	0.007927
137.37323	50.971268	0.006156
140.219147	50.936584	0.003695
143.062973	50.901939	0.001464
145.904663	50.86734	0.001304
148.744278	50.832779	0.001737
151.581787	50.798264	0.001474
154.417206	50.76379	0.000862
157.250549	50.729359	0.000543
160.081818	50.694965	0.000901
162.911011	50.660618	0.001272
165.738159	50.626312	0.001454
168.563248	50.592045	0.001433
171.386276	50.557823	0.001289
174.207275	50.52364	0.001119
177.02623	50.489498	0.001003
179.84317	50.455399	0.000948
182.658081	50.421337	0.000921
185.470978	50.387321	0.000885
188.28186	50.353344	0.000813
191.090744	50.319405	0.000702
193.897629	50.285511	0.000577
196.702515	50.251656	0.000456
199.505417	50.217838	0.000353
82.781151	49.842896	0.002199
85.560394	49.809563	0.002336
88.33773	49.776272	0.00247
91.113167	49.743015	0.002613
93.886703	49.709801	0.002783
96.658356	49.676624	0.003003
99.428123	49.643486	0.003303
102.196014	49.610386	0.003706
104.962036	49.577324	0.004194
107.726189	49.544304	0.004726
110.488487	49.511318	0.005242
113.248924	49.478371	0.005695
116.007507	49.445465	0.006185
118.764252	49.412594	0.006893
121.519165	49.379761	0.008012
124.272232	49.346966	0.00952
127.023483	49.314209	0.011122
129.772903	49.28149	0.012365
132.520508	49.248806	0.012735
135.266312	49.216164	0.011684
138.0103	49.183556	0.008924
140.752487	49.150986	0.004983
143.492889	49.118454	0.001796
146.231491	49.085957	0.002223
148.968307	49.053497	0.002409
151.703339	49.021076	0.001592
154.436615	48.988693	0.000786
157.168106	48.956345	0.001135
159.897842	48.92403	0.001757
162.625809	48.891754	0.002159
165.352036	48.859516	0.002309
168.076508	48.827312	0.002219
170.799225	48.795147	0.001957
173.520218	48.76302	0.001647
176.239471	48.730923	0.001396
178.957001	48.698864	0.001251
181.672806	48.666843	0.001174
184.386902	48.634857	0.001116
187.099274	48.602905	0.001037
189.809937	48.570992	0.000917
192.51889	48.539112	0.000773
195.226151	48.507267	0.000627
197.931717	48.47546	0.000496
82.683006	48.04652	0.002232
85.364395	48.015217	0.002373
88.044159	47.983952	0.002511
90.722305	47.952717	0.002656
93.398834	47.92152	0.002826
96.073761	47.890354	0.003043
98.747086	47.859222	0.003336
101.418816	47.828125	0.003737
104.088943	47.797058	0.004238
106.757484	47.766029	0.004805
109.424446	47.735031	0.005385
112.089821	47.704067	0.005923
114.753624	47.673138	0.006506
117.415848	47.642239	0.007343
120.076508	47.611374	0.008709
122.735603	47.580544	0.010714
125.393143	47.549747	0.013174
128.049118	47.518982	0.015736
130.703552	47.488251	0.017953
133.35643	47.45755	0.019077
136.007782	47.426884	0.01808
138.657578	47.396252	0.013993
141.305847	47.36565	0.007342
143.952591	47.335083	0.002572
146.597809	47.304546	0.003546
149.241501	47.274044	0.002851
151.883667	47.243572	0.001344
154.524338	47.213131	0.001646
157.163483	47.182724	0.002571
159.801132	47.152351	0.00315
162.437286	47.122009	0.003405
165.07193	47.091698	0.003406
167.705093	47.06142	0.003183
170.336761	47.031174	0.002769
172.966934	47.000957	0.002293
175.595642	46.970776	0.001882
178.22287	46.94062	0.001614
180.848618	46.910503	0.001465
183.4729	46.880413	0.001369
186.095718	46.850357	0.001273
188.717072	46.820332	0.001142
191.336975	46.790337	0.00098
193.955414	46.760372	0.000811
196.572403	46.730438	0.000654
199.187958	46.700539	0.000524
82.594009	46.249443	0.002249
85.18663	46.220036	0.002393
87.777878	46.190659	0.002534
90.367737	46.161316	0.002679
92.956223	46.131996	0.002846
95.543335	46.102711	0.003055
98.129082	46.073456	0.003334
100.713463	46.044228	0.003718
103.296486	46.01503	0.004213
105.878151	45.985863	0.004793
108.458458	45.956722	0.005413
111.037415	45.927612	0.006015
113.615021	45.898533	0.006646
116.191292	45.869484	0.007526
118.766212	45.840462	0.008972
121.339798	45.81147	0.011245
123.912056	45.782505	0.014317
126.482979	45.753571	0.018023
129.052582	45.724667	0.022225
131.62085	45.695793	0.026596
134.187805	45.666943	0.030387
136.753433	45.638126	0.031335
139.317749	45.609337	0.02532
141.880768	45.580574	0.012159
144.442474	45.551842	0.004104
147.002869	45.52314	0.004886
149.561966	45.494465	0.002443
152.119766	45.46582	0.003039
154.676285	45.437202	0.004562
157.231491	45.408611	0.005151
159.785431	45.380051	0.005225
162.338074	45.351517	0.005056
164.889435	45.323013	0.004742
167.439514	45.294537	0.004289
169.988327	45.266087	0.003685
172.535873	45.237667	0.003019
175.082138	45.209274	0.002434
177.627151	45.180908	0.002024
180.170883	45.152573	0.001786
182.713364	45.124264	0.001639
185.254593	45.095982	0.001518
187.794571	45.067726	0.001372
190.333298	45.039501	0.001192
192.870773	45.011303	0.001
195.407013	44.983131	0.000819
197.942001	44.95499	0.000663
82.513107	44.451679	0.002251
85.025032	44.424049	0.002397
87.535774	44.396446	0.002539
90.045341	44.36887	0.002683
92.553726	44.341316	0.002844
95.060936	44.313793	0.003041
97.566978	44.286297	0.0033
100.071854	44.258823	0.003655
102.575569	44.231377	0.004128
105.078117	44.20396	0.0047
107.579498	44.176563	0.005334
110.079735	44.149197	0.005975
112.578812	44.121857	0.006624
115.076736	44.09454	0.007474
117.573509	44.067249	0.008844
120.069145	44.039986	0.011115
122.563629	44.012749	0.014413
125.056976	43.985535	0.018751
127.549187	43.958351	0.024308
130.040268	43.93119	0.0315
132.530197	43.904053	0.041154
135.019012	43.876942	0.053307
137.506699	43.849857	0.062296
139.993256	43.8228	0.053594
142.478699	43.795765	0.021519
144.963013	43.768757	0.007242
147.446213	43.741776	0.004919
149.928299	43.714817	0.006809
152.409286	43.687885	0.009635
154.889145	43.660976	0.009918
157.367905	43.634094	0.009013
159.845566	43.607235	0.007962
162.322128	43.580402	0.00705
164.797577	43.553596	0.006252
167.271942	43.526814	0.005477
169.745209	43.500057	0.004639
172.217377	43.473324	0.003768
174.688477	43.446617	0.003006
177.158478	43.419933	0.002453
179.627396	43.393276	0.002121
182.09523	43.366642	0.001919
184.561981	43.340031	0.001764
187.027664	43.313446	0.0016
189.492279	43.286888	0.0014
191.955811	43.260349	0.001187
194.418274	43.233841	0.000982
196.879684	43.207352	0.000804
199.340012	43.180889	0.000663
82.439423	42.653236	0.002239
84.877831	42.627281	0.002385
87.315224	42.601345	0.002528
89.75161	42.575436	0.002669
92.186989	42.549549	0.002822
94.621361	42.523682	0.003005
97.054733	42.497841	0.00324
99.487099	42.472023	0.00356
101.918472	42.446228	0.003994
104.348846	42.42046	0.004537
106.778221	42.394711	0.00516
109.206612	42.368984	0.005816
111.63401	42.343281	0.006466
114.060417	42.317604	0.007243
116.48584	42.291946	0.008435
118.910278	42.266312	0.010459
121.33374	42.240704	0.013595
123.756218	42.215115	0.017959
126.177719	42.189548	0.02385
128.598251	42.164005	0.032133
131.017807	42.138489	0.044902
133.436386	42.112991	0.066528
135.854004	42.087517	0.101418
138.27066	42.062065	0.145618
140.68634	42.036636	0.147171
143.101074	42.01123	0.040807
145.514832	41.985844	0.011336
147.927643	41.960484	0.020515
150.339493	41.935143	0.024338
152.750381	41.909828	0.021402
155.160324	41.884533	0.01736
157.569321	41.859261	0.013711
159.977371	41.834011	0.011025
162.384476	41.808784	0.00916
164.790634	41.783577	0.007784
167.195847	41.758392	0.006641
169.600128	41.733234	0.005546
172.003464	41.708092	0.004471
174.405869	41.682976	0.003545
176.807343	41.657883	0.002866
179.207886	41.632809	0.002449
181.607483	41.607758	0.002193
184.00618	41.582726	0.002004
186.403931	41.55772	0.001817
188.800766	41.532734	0.001598
191.196671	41.507771	0.001363
193.591675	41.482826	0.001138
195.985748	41.457909	0.00094
198.378906	41.43301	0.00078
82.372192	40.854137	0.002214
84.743523	40.829758	0.002358
87.113983	40.805401	0.002499
89.483574	40.781063	0.002638
91.852303	40.756748	0.002783
94.220169	40.732452	0.00295
96.587173	40.708179	0.00316
98.953323	40.683926	0.00344
101.318611	40.659691	0.003823
103.683044	40.635479	0.004321
106.046623	40.611286	0.004909
108.409355	40.587112	0.005552
110.771233	40.562962	0.006196
113.132263	40.538834	0.006889
115.492455	40.514721	0.007865
117.851791	40.490631	0.009494
120.210289	40.46656	0.012169
122.567947	40.442513	0.016072
124.924767	40.418484	0.021442
127.280746	40.394474	0.029086
129.63588	40.370487	0.041018
131.990189	40.346519	0.06274
134.343674	40.322571	0.106158
136.69632	40.298641	0.19953
139.048126	40.274734	0.417533
141.399124	40.250847	0.857318
143.749283	40.226978	0.280472
146.098618	40.203129	0.095467
148.447144	40.179302	0.079246
150.79483	40.155495	0.05223
153.141708	40.131706	0.035172
155.487762	40.107941	0.024838
157.833008	40.08419	0.018081
160.177444	40.060463	0.013783
162.521057	40.036755	0.011033
164.863861	40.013065	0.009131
167.205856	39.989395	0.007647
169.547043	39.965748	0.006311
171.887436	39.942116	0.005054
174.227005	39.918507	0.003997
176.565781	39.894917	0.003225
178.903763	39.871346	0.002745
181.240936	39.847794	0.002447
183.577316	39.824265	0.002228
185.912888	39.800751	0.002017
188.247681	39.77726	0.001776
190.581665	39.753784	0.001522
192.914871	39.730331	0.001278
195.247284	39.706898	0.001064
197.578903	39.683483	0.000889
199.909744	39.660088	0.000762
82.310783	39.05439	0.002176
84.620819	39.031509	0.002316
86.930115	39.008648	0.002456
89.238663	38.985802	0.002591
91.546478	38.962978	0.002728
93.853546	38.94017	0.00288
96.159874	38.917381	0.003064
98.465469	38.894611	0.003304
100.770332	38.871861	0.00363
103.074455	38.849125	0.004068
105.377846	38.826412	0.004605
107.680504	38.803715	0.005209
109.982437	38.781036	0.005836
112.283638	38.758373	0.006459
114.584114	38.735733	0.00723
116.883865	38.713108	0.008436
119.182892	38.690502	0.010487
121.481194	38.667915	0.013639
123.77877	38.645344	0.018046
126.07563	38.622795	0.024154
128.37178	38.600262	0.033221
130.667206	38.577744	0.048746
132.961914	38.555248	0.079809
135.255905	38.532768	0.149171
137.549179	38.510307	0.341915
139.841751	38.487865	1.259102
142.133606	38.465439	10.781233
144.424759	38.443031	2.636101
146.715195	38.420643	0.297968
149.004929	38.39827	0.133612
151.293961	38.375916	0.071431
153.582291	38.35358	0.043891
155.869919	38.331261	0.02944
158.156845	38.30896	0.020808
160.443069	38.286678	0.0156
162.728592	38.264412	0.01233
165.013412	38.242165	0.010094
167.297546	38.219933	0.008369
169.580978	38.197723	0.006844
171.863724	38.175526	0.005456
174.145782	38.153351	0.004317
176.427139	38.131191	0.003499
178.707809	38.109047	0.00299
180.987808	38.086922	0.002667
183.267105	38.064816	0.002425
185.545715	38.042725	0.00219
187.823639	38.020653	0.001928
190.100891	37.9986	0.001655
192.377457	37.976562	0.001397
194.653336	37.95454	0.00117
196.928543	37.932537	0.000985
199.203079	37.910553	0.00085
82.254631	37.254013	0.002126
84.508621	37.232555	0.002262
86.761978	37.211117	0.002398
89.014694	37.18969	0.00253
91.266769	37.168285	0.00266
93.518219	37.146893	0.002797
95.769028	37.125519	0.002956
98.019211	37.10416	0.003158
100.268761	37.082821	0.003428
102.517677	37.061493	0.003796
104.765968	37.040184	0.004266
107.013626	37.018894	0.004813
109.260666	36.997616	0.0054
111.507072	36.976357	0.005978
113.752861	36.955116	0.006587
115.998016	36.933887	0.007436
118.242561	36.912678	0.008844
120.486481	36.891483	0.011146
122.729774	36.870304	0.014466
124.972458	36.84914	0.018933
127.214516	36.827995	0.025082
129.455963	36.806866	0.03431
131.696793	36.785751	0.050511
133.937012	36.764656	0.082354
136.17662	36.743572	0.151197
138.415604	36.722507	0.342602
140.653992	36.701458	1.416815
142.891754	36.680424	4.933681
145.128922	36.659409	0.525719
147.365463	36.638409	0.244006
149.60141	36.61742	0.12173
151.836761	36.596451	0.068876
154.071503	36.5755	0.043796
156.305634	36.554562	0.029759
158.539154	36.533638	0.021313
160.772095	36.512733	0.016182
163.004425	36.491844	0.012878
165.23616	36.47097	0.010559
167.467285	36.450111	0.008723
169.69783	36.429268	0.007085
171.927765	36.40844	0.005636
174.157104	36.38763	0.004481
176.385864	36.366837	0.003675
178.614029	36.346054	0.003173
180.841583	36.325291	0.002843
183.068573	36.304543	0.002584
185.294952	36.28381	0.002328
187.520752	36.263092	0.002045
189.745972	36.242393	0.001758
191.970596	36.221706	0.001489
194.194641	36.201035	0.001254
196.418091	36.180382	0.001065
198.640961	36.15974	0.000927
82.203255	35.453018	0.002066
84.405968	35.432922	0.002196
86.608131	35.412838	0.002327
88.809746	35.392769	0.002455
91.010818	35.372715	0.002579
93.211349	35.352676	0.002703
95.411331	35.332653	0.00284
97.610779	35.312645	0.003008
99.809677	35.292652	0.003226
102.008041	35.272671	0.003522
104.205864	35.252705	0.003915
106.403145	35.232754	0.004391
108.599892	35.212818	0.004919
110.796097	35.192898	0.005454
112.991776	35.172993	0.005962
115.186913	35.153099	0.006549
117.381516	35.133224	0.007435
119.575592	35.113361	0.008924
121.769127	35.09351	0.011206
123.962135	35.073677	0.014286
126.154617	35.05386	0.018207
128.346558	35.034054	0.023319
130.537979	35.014263	0.030521
132.728882	34.994488	0.04194
134.91925	34.974728	0.059888
137.109085	34.954979	0.083548
139.298401	34.935246	0.093924
141.487198	34.915527	0.097961
143.675461	34.895824	0.127956
145.863205	34.876137	0.17462
148.05043	34.856461	0.127686
150.237137	34.8368	0.082236
152.423325	34.817154	0.054371
154.608994	34.79752	0.037532
156.794144	34.777901	0.026791
158.978775	34.758297	0.020016
161.162888	34.738708	0.015673
163.346497	34.719131	0.012715
165.529587	34.699574	0.010517
167.712158	34.680023	0.008681
169.894211	34.660492	0.007015
172.07576	34.640972	0.005591
174.256805	34.621468	0.004495
176.437332	34.601978	0.003757
178.617355	34.5825	0.003291
180.79686	34.563038	0.002969
182.975876	34.543591	0.0027
185.154373	34.524158	0.002422
187.332367	34.504738	0.002122
189.509842	34.485332	0.001824
191.686829	34.465939	0.00155
193.863312	34.44656	0.001314
196.039291	34.427197	0.001127
198.214767	34.407845	0.000992
82.15625	33.651428	0.001997
84.312027	33.632629	0.002121
86.467339	33.613846	0.002246
88.622185	33.595078	0.002368
90.776558	33.576321	0.002486
92.930473	33.557575	0.0026
95.083923	33.538845	0.002718
97.236908	33.520126	0.002856
99.389427	33.501423	0.003028
101.541481	33.482735	0.003258
103.693077	33.464054	0.003569
105.844208	33.445389	0.003965
107.994881	33.426739	0.00442
110.145096	33.4081	0.004899
112.294853	33.389477	0.005352
114.444153	33.370861	0.005777
116.592987	33.352264	0.006307
118.741371	33.333679	0.007147
120.889297	33.315105	0.008531
123.036774	33.296543	0.010496
125.183792	33.277996	0.012925
127.330353	33.259464	0.0157
129.476471	33.240944	0.018785
131.622131	33.222435	0.022176
133.767334	33.203938	0.025616
135.912094	33.185455	0.026514
138.056396	33.166988	0.018133
140.200256	33.148533	0.012303
142.343658	33.130089	0.014169
144.486618	33.111656	0.053541
146.629135	33.093239	0.073271
148.771194	33.074837	0.066219
150.912827	33.056442	0.052053
153.054001	33.038063	0.039356
155.194733	33.019699	0.029508
157.335022	33.001343	0.022529
159.474869	32.983006	0.01778
161.614273	32.964676	0.014462
163.753235	32.946362	0.012012
165.891754	32.928059	0.010032
168.029831	32.909767	0.008263
170.16748	32.891491	0.006669
172.304672	32.873226	0.005357
174.441437	32.854977	0.00439
176.577774	32.836739	0.003761
178.713669	32.818512	0.003349
180.849121	32.800297	0.003043
182.984146	32.782097	0.002766
185.118729	32.763908	0.002467
187.252884	32.745731	0.002155
189.386597	32.72757	0.001853
191.519882	32.709419	0.00158
193.65274	32.69128	0.00135
195.785172	32.673157	0.001171
197.91716	32.655045	0.001044
200.048721	32.636944	0.000955
82.113243	31.849258	0.001921
84.226082	31.831711	0.002038
86.338516	31.814175	0.002155
88.450562	31.79665	0.002271
90.562202	31.779137	0.002383
92.673447	31.761637	0.002489
94.784294	31.744148	0.002592
96.894745	31.726671	0.002704
99.004799	31.709208	0.002838
101.114464	31.691753	0.003012
103.223724	31.674313	0.003245
105.332596	31.656883	0.003555
107.441078	31.639465	0.00393
109.549164	31.622061	0.004339
111.65686	31.604666	0.004742
113.76416	31.587284	0.005089
115.871071	31.569914	0.005412
117.977592	31.552555	0.005835
120.083725	31.535208	0.006525
122.189461	31.517872	0.007617
124.294815	31.500547	0.009028
126.39978	31.483236	0.010535
128.504364	31.465937	0.011861
130.608551	31.448647	0.012679
132.712357	31.43137	0.012483
134.815781	31.414104	0.010503
136.918808	31.396851	0.006106
139.021469	31.379608	0.005871
141.123734	31.362379	0.006934
143.225616	31.34516	0.011
145.327118	31.327951	0.028132
147.428238	31.310757	0.037712
149.528976	31.293571	0.038065
151.629318	31.2764	0.033552
153.729309	31.259239	0.02773
155.828903	31.242088	0.022507
157.928116	31.224951	0.018429
160.026947	31.207825	0.015328
162.125412	31.190708	0.012927
164.223495	31.173605	0.010955
166.321198	31.156513	0.009194
168.418533	31.139433	0.007549
170.515488	31.122362	0.006122
172.612076	31.105305	0.004998
174.708267	31.088259	0.004218
176.804108	31.071224	0.003711
178.899567	31.054199	0.003356
180.994644	31.037188	0.003065
183.089355	31.020187	0.002775
185.183701	31.003197	0.00246
187.277679	30.986219	0.002142
189.371277	30.969252	0.001844
191.464508	30.952295	0.00158
193.557358	30.935352	0.001363
195.649857	30.918419	0.001199
197.741974	30.901497	0.001084
199.833725	30.884586	0.001003
82.073914	30.04653	0.001838
84.147491	30.030184	0.001947
86.220726	30.013849	0.002058
88.293617	29.997524	0.002167
90.366173	29.981211	0.002272
92.438393	29.964907	0.00237
94.510277	29.948614	0.002462
96.581818	29.932333	0.002554
98.653023	29.916061	0.002657
100.723892	29.899801	0.002785
102.794418	29.883553	0.002952
104.864616	29.867313	0.003178
106.934479	29.851084	0.003468
109.004005	29.834866	0.0038
111.073204	29.818659	0.004141
113.142059	29.802462	0.004447
115.210587	29.786276	0.004676
117.278778	29.7701	0.004873
119.346642	29.753935	0.005138
121.414177	29.73778	0.005588
123.481377	29.721636	0.006267
125.548241	29.705502	0.007024
127.614784	29.689379	0.00759
129.680984	29.673265	0.007648
131.746872	29.657164	0.006881
133.812424	29.641071	0.005034
135.87764	29.62499	0.00267
137.942535	29.608919	0.003584
140.007111	29.592859	0.004876
142.07135	29.576809	0.003005
144.135254	29.560768	0.009027
146.198853	29.544739	0.017563
148.262115	29.528721	0.022728
150.325058	29.512712	0.02386
152.387665	29.496714	0.022378
154.449951	29.480726	0.019884
156.511917	29.46475	0.017321
158.573563	29.448782	0.015021
160.634888	29.432825	0.013037
162.695892	29.41688	0.011293
164.756561	29.400944	0.009671
166.816925	29.385017	0.008098
168.876953	29.369102	0.006665
170.936676	29.353197	0.005479
172.996063	29.337303	0.004604
175.055145	29.321417	0.004022
177.113907	29.305544	0.003624
179.172333	29.289679	0.003316
181.230453	29.273825	0.003031
183.288269	29.257982	0.002724
185.345749	29.242147	0.002401
187.402924	29.226326	0.002087
189.459778	29.210512	0.001801
191.516312	29.19471	0.001555
193.57254	29.178917	0.001359
195.628448	29.163134	0.001215
197.684052	29.147362	0.001114
199.739319	29.131599	0.001043
82.038002	28.243263	0.001751
84.075706	28.228077	0.001852
86.113136	28.212902	0.001954
88.150269	28.197737	0.002056
90.187111	28.182579	0.002154
92.223679	28.167433	0.002246
94.259949	28.152296	0.002329
96.295937	28.137167	0.002406
98.331635	28.122049	0.002485
100.36705	28.106941	0.002576
102.402184	28.091841	0.002691
104.437035	28.076752	0.002844
106.471596	28.061672	0.00305
108.505875	28.0466	0.003302
110.539871	28.03154	0.003575
112.573578	28.016489	0.003832
114.60701	28.001446	0.004029
116.64016	27.986414	0.004135
118.673019	27.97139	0.00419
120.705605	27.956377	0.004268
122.737907	27.941372	0.004434
124.769936	27.926378	0.00468
126.801674	27.911392	0.004848
128.83313	27.896416	0.004704
130.864319	27.881451	0.004032
132.895218	27.866493	0.00276
134.925842	27.851545	0.001465
136.956192	27.836607	0.002314
138.986267	27.821678	0.003341
141.016052	27.806759	0.002532
143.045563	27.791849	0.002693
145.074814	27.776947	0.007416
147.103775	27.762056	0.012053
149.132446	27.747173	0.014991
151.160858	27.732302	0.01607
153.188995	27.717438	0.015837
155.216858	27.702583	0.014892
157.244446	27.687738	0.013649
159.271759	27.672903	0.012326
161.298798	27.658077	0.010992
163.325562	27.643259	0.009634
165.352051	27.628452	0.008235
167.378265	27.613653	0.006901
169.404205	27.598864	0.005749
171.429886	27.584084	0.004858
173.455292	27.569313	0.004245
175.480423	27.554552	0.003825
177.50528	27.539801	0.003509
179.529877	27.525057	0.003229
181.554199	27.510323	0.002935
183.578247	27.495598	0.002616
185.602036	27.480883	0.002297
187.625549	27.466177	0.001997
189.648788	27.451479	0.001731
191.671768	27.436792	0.001511
193.694473	27.422113	0.001343
195.716919	27.407444	0.001223
197.739105	27.392782	0.001138
199.761002	27.378132	0.001076
82.005249	26.439484	0.00166
84.010254	26.425421	0.001753
86.015015	26.411367	0.001847
88.019539	26.397322	0.001941
90.023819	26.383286	0.002031
92.027855	26.369259	0.002116
94.031647	26.355238	0.002192
96.035194	26.341228	0.002259
98.038506	26.327227	0.00232
100.04158	26.313232	0.002384
102.044411	26.299248	0.002459
104.046997	26.285271	0.002556
106.049347	26.271303	0.002686
108.05146	26.257345	0.002859
110.053329	26.243393	0.00306
112.054962	26.229452	0.003261
114.056358	26.215517	0.003427
116.05751	26.201593	0.003515
118.058434	26.187675	0.003501
120.059113	26.173767	0.003417
122.059555	26.159868	0.00331
124.059761	26.145977	0.003215
126.059731	26.132093	0.003109
128.059464	26.118219	0.002874
130.05896	26.104353	0.002378
132.058212	26.090496	0.001579
134.057251	26.076647	0.000923
136.05603	26.062807	0.001545
138.054596	26.048975	0.002271
140.052917	26.035151	0.002093
142.050995	26.021336	0.001204
144.048859	26.007528	0.003017
146.046478	25.993731	0.006123
148.043869	25.97994	0.008901
150.041016	25.96616	0.010805
152.037933	25.952385	0.011764
154.034622	25.938622	0.011962
156.031082	25.924864	0.011643
158.027313	25.911116	0.010998
160.0233	25.897377	0.010138
162.019073	25.883646	0.009111
164.014603	25.869923	0.007957
166.009903	25.856207	0.006802
168.004974	25.842501	0.005767
169.999817	25.828802	0.004937
171.994431	25.815113	0.00435
173.988815	25.801432	0.00394
175.982971	25.787758	0.003632
177.976898	25.774094	0.003363
179.970596	25.760437	0.003085
181.964066	25.746788	0.002777
183.957306	25.733149	0.002461
185.950317	25.719517	0.002157
187.943115	25.705893	0.001881
189.935669	25.692278	0.001646
191.928009	25.678671	0.001459
193.92012	25.665071	0.001323
195.912003	25.651482	0.001226
197.903656	25.637897	0.001156
199.895096	25.624325	0.001104
81.975456	24.635214	0.001567
83.950699	24.62224	0.001652
85.925743	24.609276	0.001738
87.900589	24.596319	0.001823
89.875229	24.583368	0.001905
91.849663	24.570427	0.001983
93.823898	24.557493	0.002053
95.797928	24.544567	0.002113
97.771751	24.531649	0.002162
99.745377	24.518738	0.002206
101.718803	24.505833	0.002251
103.692024	24.492937	0.002306
105.665047	24.480049	0.00238
107.637871	24.467169	0.00248
109.610489	24.454296	0.00261
111.582916	24.441431	0.002752
113.55513	24.428574	0.002876
115.527153	24.415724	0.002952
117.498978	24.402882	0.002941
119.470596	24.390047	0.002823
121.442017	24.37722	0.002623
123.413246	24.364401	0.002372
125.38427	24.351589	0.002091
127.355095	24.338785	0.001775
129.325729	24.325989	0.001376
131.296158	24.3132	0.000897
133.266388	24.300419	0.000675
135.236435	24.287643	0.001114
137.206268	24.274878	0.001568
139.175903	24.262119	0.001561
141.145355	24.249369	0.000982
143.114609	24.236624	0.00133
145.083664	24.223888	0.003216
147.052521	24.211161	0.005316
149.021179	24.198439	0.007139
150.989655	24.185724	0.008454
152.957932	24.173019	0.009215
154.92601	24.16032	0.009485
156.89389	24.147629	0.009357
158.861572	24.134947	0.008913
160.829071	24.122271	0.008209
162.796371	24.109602	0.007327
164.763489	24.096941	0.0064
166.730392	24.084288	0.00554
168.697113	24.07164	0.004835
170.663651	24.059002	0.004324
172.62999	24.046371	0.003959
174.59613	24.033747	0.003678
176.562088	24.021132	0.003429
178.527847	24.008522	0.00317
180.493408	23.99592	0.002878
182.458786	23.983326	0.002572
184.423981	23.970739	0.002271
186.388977	23.95816	0.001994
188.353775	23.945589	0.001752
190.318405	23.933025	0.001556
192.282822	23.920467	0.00141
194.247055	23.907919	0.001304
196.211105	23.895376	0.001227
198.174957	23.882841	0.001171
200.138626	23.870314	0.001128
81.948425	22.830481	0.001473
83.896675	22.818567	0.00155
85.844757	22.806662	0.001628
87.792671	22.794762	0.001704
89.740417	22.782869	0.001779
91.687996	22.770985	0.001849
93.635406	22.759106	0.001912
95.582642	22.747234	0.001966
97.529716	22.735369	0.002008
99.476624	22.723511	0.002039
101.423355	22.71166	0.002064
103.369926	22.699816	0.002089
105.31633	22.687979	0.002121
107.262558	22.676147	0.002166
109.208626	22.664324	0.002231
111.154533	22.652508	0.002312
113.100266	22.640697	0.002392
115.04583	22.628895	0.002443
116.991234	22.617098	0.002437
118.93647	22.605309	0.002346
120.881538	22.593525	0.002153
122.826447	22.581749	0.001876
124.771187	22.569981	0.001546
126.715759	22.558218	0.001188
128.660172	22.546463	0.000834
130.604416	22.534714	0.000563
132.548492	22.522972	0.000602
134.492416	22.511236	0.000905
136.436172	22.499508	0.001157
138.379761	22.487785	0.00115
140.323181	22.47607	0.000796
142.266449	22.464363	0.000725
144.209549	22.452662	0.001844
146.152481	22.440968	0.003325
148.095261	22.429279	0.004795
150.037872	22.417599	0.006044
151.980316	22.405924	0.006956
153.922607	22.394255	0.007492
155.864731	22.382595	0.007665
157.806686	22.370941	0.007507
159.748489	22.359293	0.007071
161.690125	22.347652	0.006455
163.631607	22.336018	0.005771
165.572922	22.32439	0.005118
167.514084	22.312769	0.004579
169.455078	22.301155	0.00418
171.39592	22.289547	0.003884
173.336594	22.277946	0.003647
175.277115	22.266354	0.003428
177.217468	22.254765	0.003191
179.157654	22.243185	0.002918
181.097702	22.231609	0.002626
183.037582	22.220043	0.002336
184.977295	22.208483	0.002065
186.916855	22.196928	0.001825
188.856262	22.185381	0.001627
190.795502	22.17384	0.001476
192.734589	22.162306	0.001367
194.673508	22.150778	0.001287
196.612274	22.139256	0.001229
198.550888	22.127741	0.001184
81.923996	21.025311	0.001379
83.847855	21.014431	0.001448
85.771568	21.003557	0.001517
87.695145	20.992689	0.001586
89.618584	20.981827	0.001652
91.541885	20.970972	0.001715
93.465042	20.960121	0.001771
95.388062	20.949278	0.001819
97.310944	20.938442	0.001856
99.233688	20.92761	0.001879
101.156296	20.916786	0.001892
103.078766	20.905968	0.001897
105.001099	20.895155	0.001901
106.923294	20.884348	0.001908
108.845352	20.873547	0.001923
110.767265	20.862753	0.001948
112.689049	20.851965	0.00198
114.610695	20.841183	0.002001
116.532204	20.830406	0.001987
118.453575	20.819635	0.001917
120.374809	20.808872	0.001769
122.295906	20.798115	0.001535
124.216866	20.787363	0.001232
126.137695	20.776617	0.000896
128.05838	20.765877	0.000586
129.978943	20.755142	0.000442
131.899353	20.744415	0.000574
133.819641	20.733694	0.000792
135.739792	20.722979	0.000931
137.659805	20.712269	0.000896
139.579681	20.701565	0.000643
141.499435	20.690868	0.000479
143.419037	20.680176	0.001154
145.338516	20.669491	0.002191
147.257858	20.658812	0.003306
149.177063	20.648138	0.004343
151.096146	20.63747	0.005189
153.015076	20.62681	0.005773
154.933884	20.616154	0.006066
156.852554	20.605505	0.006074
158.771103	20.594862	0.005849
160.689499	20.584223	0.005468
162.607773	20.573593	0.005018
164.525925	20.562967	0.00458
166.443924	20.552347	0.00422
168.361801	20.541733	0.003946
170.279541	20.531126	0.003732
172.197159	20.520525	0.003547
174.114639	20.50993	0.003362
176.031982	20.499338	0.003148
177.949203	20.488756	0.002896
179.866287	20.478178	0.002623
181.783234	20.467606	0.00235
183.700058	20.457039	0.002091
185.616745	20.44648	0.001861
187.53331	20.435925	0.001669
189.449738	20.425377	0.001521
191.366043	20.414835	0.001412
193.282211	20.404299	0.001333
195.198242	20.393768	0.001275
197.114151	20.383244	0.00123
199.029938	20.372725	0.001193
81.902031	19.219734	0.001287
83.80394	19.209864	0.001347
85.705742	19.199997	0.001409
87.60743	19.190138	0.001469
89.509003	19.180283	0.001528
91.410469	19.170433	0.001583
93.311813	19.160589	0.001632
95.213051	19.150751	0.001674
97.114174	19.140919	0.001706
99.015182	19.131092	0.001726
100.916084	19.121269	0.001731
102.816864	19.111452	0.001725
104.717545	19.101641	0.001711
106.618103	19.091835	0.001692
108.518555	19.082035	0.001674
110.418892	19.072241	0.001658
112.319115	19.06245	0.001645
114.219231	19.052668	0.001632
116.11924	19.042889	0.001601
118.019127	19.033115	0.001536
119.918907	19.023348	0.001421
121.818581	19.013584	0.001244
123.71814	19.003828	0.001004
125.617592	18.994076	0.000723
127.51693	18.984329	0.000462
129.416153	18.974588	0.000371
131.315277	18.964853	0.000514
133.214279	18.955122	0.000693
135.113174	18.945398	0.000791
137.011963	18.935678	0.000754
138.910645	18.925964	0.000561
140.809219	18.916254	0.000364
142.707672	18.906551	0.000741
144.606018	18.896852	0.001467
146.504257	18.887161	0.00229
148.40239	18.877474	0.003096
150.300415	18.86779	0.003792
152.198318	18.858114	0.004315
154.09613	18.848442	0.004629
155.99382	18.838776	0.004738
157.891418	18.829115	0.004674
159.788895	18.81946	0.004489
161.686264	18.809811	0.004248
163.583527	18.800165	0.004012
165.480682	18.790525	0.003817
167.377716	18.780891	0.00366
169.274658	18.771261	0.003525
171.171494	18.761639	0.003392
173.068222	18.75202	0.00324
174.964828	18.742407	0.003048
176.861343	18.7328	0.002817
178.757736	18.723196	0.002567
180.654037	18.713598	0.002314
182.550217	18.704006	0.002074
184.446304	18.69442	0.00186
186.342285	18.684839	0.00168
188.238144	18.675262	0.001541
190.133911	18.665691	0.001439
192.029556	18.656126	0.001364
193.92511	18.646566	0.001309
195.820557	18.637011	0.001267
197.715897	18.62746	0.001231
199.611115	18.617916	0.001198
81.882393	17.41378	0.001196
83.764694	17.404898	0.001249
85.646912	17.396019	0.001302
87.52903	17.387146	0.001355
89.411064	17.378277	0.001407
91.292999	17.369413	0.001454
93.17485	17.360556	0.001497
95.05661	17.351702	0.001533
96.938278	17.342852	0.00156
98.819855	17.334007	0.001576
100.701347	17.325167	0.001578
102.582748	17.316332	0.001566
104.464058	17.307503	0.001542
106.345276	17.298677	0.001509
108.226402	17.289856	0.00147
110.107445	17.28104	0.001427
111.988396	17.27223	0.001383
113.869255	17.263424	0.001337
115.750031	17.254622	0.001285
117.630707	17.245825	0.001215
119.511307	17.237034	0.001116
121.391808	17.228247	0.000977
123.272224	17.219463	0.000795
125.15255	17.210686	0.000581
127.032791	17.201914	0.000378
128.912949	17.193144	0.000311
130.792999	17.184381	0.000437
132.672974	17.175623	0.000594
134.552856	17.166868	0.000686
136.432663	17.158119	0.000673
138.312363	17.149374	0.000541
140.191986	17.140635	0.000347
142.071518	17.131899	0.000456
143.950974	17.123169	0.000934
145.830322	17.114443	0.001523
147.709595	17.105722	0.002123
149.588776	17.097006	0.002668
151.467865	17.088295	0.003108
153.346878	17.079588	0.003415
155.2258	17.070887	0.003588
157.10463	17.062189	0.003643
158.983383	17.053495	0.003617
160.862045	17.044807	0.003552
162.740616	17.036123	0.003482
164.619095	17.027445	0.003417
166.497498	17.018772	0.003354
168.375809	17.010101	0.003285
170.254044	17.001438	0.003195
172.132187	16.992777	0.003069
174.010239	16.984121	0.002897
175.888214	16.975471	0.002688
177.766098	16.966825	0.002462
179.64389	16.958183	0.002234
181.521591	16.949547	0.002018
183.399231	16.940916	0.001824
185.276764	16.932287	0.001663
187.154221	16.923666	0.00154
189.031586	16.915047	0.001448
190.908875	16.906433	0.001381
192.786072	16.897825	0.001331
194.663177	16.889221	0.001292
196.540207	16.880621	0.00126
198.41716	16.872026	0.001229
81.864983	15.607481	0.001108
83.729897	15.599567	0.001153
85.594742	15.591659	0.001199
87.459511	15.583754	0.001245
89.324211	15.575852	0.001289
91.188835	15.567956	0.00133
93.053398	15.560064	0.001366
94.917885	15.552176	0.001396
96.782295	15.544291	0.001418
98.646645	15.536412	0.001431
100.510918	15.528537	0.001431
102.375114	15.520665	0.001417
104.23925	15.512798	0.001389
106.10331	15.504935	0.001349
107.9673	15.497076	0.001298
109.831223	15.489222	0.00124
111.695068	15.481371	0.001177
113.558853	15.473525	0.001109
115.422562	15.465683	0.001037
117.286201	15.457845	0.000957
119.149773	15.450011	0.000863
121.013268	15.442182	0.000746
122.876701	15.434356	0.000605
124.740059	15.426535	0.000446
126.603348	15.418717	0.000302
128.466568	15.410905	0.000268
130.329727	15.403096	0.000375
132.19281	15.395291	0.000511
134.055817	15.38749	0.000603
135.918762	15.379694	0.000618
137.781631	15.371902	0.000543
139.64444	15.364114	0.000395
141.507172	15.35633	0.000317
143.369843	15.34855	0.000548
145.232437	15.340775	0.000946
147.094971	15.333002	0.001383
148.957428	15.325235	0.001805
150.819809	15.317472	0.002172
152.682129	15.309712	0.002466
154.544388	15.301957	0.002679
156.40657	15.294207	0.002823
158.268692	15.286459	0.002918
160.130737	15.278717	0.002981
161.992722	15.270978	0.003023
163.85463	15.263244	0.003046
165.716476	15.255513	0.00305
167.578247	15.247787	0.003027
169.439957	15.240065	0.002966
171.301605	15.232346	0.002857
173.163162	15.224632	0.002703
175.024673	15.216922	0.002518
176.886108	15.209216	0.002319
178.747482	15.201514	0.002118
180.60878	15.193816	0.001929
182.470016	15.186123	0.001761
184.331177	15.178433	0.001623
186.192276	15.170748	0.001519
188.053314	15.163066	0.001441
189.914276	15.155389	0.001384
191.775177	15.147716	0.001342
193.636002	15.140046	0.001308
195.496765	15.132381	0.001279
197.357468	15.12472	0.001251
199.218094	15.117063	0.001219
81.849709	13.800868	0.001023
83.699356	13.793908	0.001061
85.54895	13.786952	0.0011
87.398491	13.78	0.001139
89.247978	13.77305	0.001176
91.097412	13.766105	0.00121
92.946793	13.759163	0.00124
94.796112	13.752225	0.001265
96.645386	13.745291	0.001282
98.494598	13.738359	0.001291
100.343758	13.731432	0.001289
102.192863	13.724508	0.001275
104.041916	13.717588	0.001247
105.890915	13.710672	0.001204
107.739853	13.703759	0.00115
109.588745	13.696851	0.001085
111.437584	13.689945	0.001012
113.286362	13.683043	0.000933
115.135086	13.676145	0.000849
116.983765	13.66925	0.000759
118.832382	13.662359	0.000664
120.680946	13.655472	0.00056
122.529465	13.648587	0.000447
124.377922	13.641707	0.00033
126.226326	13.63483	0.000241
128.074677	13.627957	0.000245
129.922974	13.621088	0.000339
131.771225	13.614222	0.00045
133.619415	13.60736	0.000535
135.46756	13.600501	0.000567
137.315643	13.593646	0.000533
139.163681	13.586794	0.000438
141.011658	13.579947	0.000325
142.859573	13.573102	0.000346
144.707458	13.566261	0.000569
146.555267	13.559423	0.000877
148.403046	13.55259	0.001203
150.250763	13.54576	0.001514
152.098419	13.538934	0.001793
153.94603	13.53211	0.002033
155.793594	13.525291	0.002234
157.641098	13.518476	0.0024
159.488541	13.511662	0.002535
161.335938	13.504854	0.00264
163.183289	13.498049	0.002715
165.030594	13.491247	0.002756
166.877838	13.484449	0.002756
168.725021	13.477654	0.002708
170.572159	13.470864	0.002611
172.41925	13.464076	0.002477
174.266281	13.457293	0.002317
176.113266	13.450512	0.002146
177.96019	13.443735	0.001976
179.807068	13.436962	0.001816
181.6539	13.430193	0.001677
183.500671	13.423427	0.001567
185.347397	13.416664	0.001483
187.194077	13.409904	0.001422
189.040695	13.403149	0.001376
190.887253	13.396397	0.001342
192.73378	13.389648	0.001315
194.580246	13.382903	0.00129
196.426651	13.376162	0.001264
198.273026	13.369424	0.001234
200.119339	13.362689	0.001198
81.836479	11.993977	0.000942
83.672913	11.987956	0.000974
85.5093	11.981938	0.001005
87.345657	11.975924	0.001037
89.181969	11.969913	0.001068
91.018242	11.963904	0.001096
92.854477	11.957899	0.00112
94.690666	11.951898	0.00114
96.526817	11.945898	0.001153
98.362923	11.939902	0.001158
100.198997	11.933909	0.001154
102.035027	11.92792	0.001139
103.871017	11.921934	0.001112
105.706963	11.915951	0.001071
107.54287	11.90997	0.001017
109.378738	11.903993	0.000951
111.214569	11.898019	0.000875
113.050362	11.892048	0.000792
114.886108	11.88608	0.000704
116.721817	11.880115	0.000611
118.557487	11.874153	0.000516
120.393112	11.868194	0.00042
122.228706	11.862238	0.000326
124.064255	11.856286	0.000245
125.899765	11.850336	0.000206
127.735229	11.84439	0.00024
129.570663	11.838447	0.00032
131.406052	11.832506	0.000407
133.241409	11.826569	0.000476
135.076721	11.820635	0.000509
