117.300003 32.900002 0.005350 0.001050 0. 0. 0. AHBB
108.389999 35.169998 0.001600 0.001200 0. 0. 0. SNXY
120.110001 43.860001 0.010300 -0.002550 0. 0. 0. NMAL
123.730003 50.580002 0.005750 -0.004050 0. 0. 0. NMER
107.320000 34.060001 0.001500 -0.000700 0. 0. 0. SNTB
105.239998 37.590000 0.002100 -0.000500 0. 0. 0. NXZW
105.910004 34.480000 0.001700 -0.001400 0. 0. 0. GSTS
105.879997 30.980000 0.000600 -0.001500 0. 0. 0. SCNC
114.019997 39.380001 0.005400 0.000650 0. 0. 0. SXLQ
140.087006 36.105999 0.553150 0.049850 0. 0. 0. TSKB
117.919998 41.020000 0.009350 -0.001200 0. 0. 0. HECD
119.470001 34.720001 0.008200 0.002550 0. 0. 0. JSLY
108.769997 32.790001 0.002700 0.000000 0. 0. 0. SNAK
109.800003 27.879999 0.000200 -0.002700 0. 0. 0. HNMY
105.669998 38.810001 0.002300 -0.000800 0. 0. 0. NMAZ
126.139999 48.669998 0.009300 -0.005700 0. 0. 0. HLWD
101.774002 36.601002 0.001000 0.000000 0. 0. 0. XNIN
117.989998 36.810001 0.008450 0.000300 0. 0. 0. SDZB
108.989998 34.180000 0.002150 -0.000650 0. 0. 0. XIAA
109.459999 36.619999 0.004300 0.001900 0. 0. 0. SNYA
144.869995 13.590000 0.000350 0.000450 0. 0. 0. GUAM
116.599998 23.420000 -0.000500 -0.002400 0. 0. 0. GDST
129.500000 42.869999 0.031350 -0.012900 0. 0. 0. JLYJ
118.300003 39.740002 0.009700 -0.000450 0. 0. 0. HETS
119.769997 25.500000 0.001000 -0.003000 0. 0. 0. FJPT
110.970001 30.830000 0.000800 -0.001200 0. 0. 0. HBZG
107.050003 47.869999 0.002550 0.000450 0. 0. 0. ULAB
113.099998 34.520000 0.004150 0.000400 0. 0. 0. ZHNZ
108.070000 41.299999 0.002100 -0.001300 0. 0. 0. NMWJ
134.279999 48.369999 0.009400 -0.010600 0. 0. 0. HLFY
114.309998 38.250000 0.005450 0.000300 0. 0. 0. HELQ
119.269997 29.469999 0.003900 -0.001500 0. 0. 0. ZJJD
115.980003 42.230000 0.007800 -0.001650 0. 0. 0. NMZL
111.250000 40.259998 0.004600 0.000050 0. 0. 0. NMTK
105.849998 32.439999 0.002000 -0.000700 0. 0. 0. SCGY
120.989998 24.799999 -0.000200 -0.002100 0. 0. 0. TCMS
139.559998 35.680000 0.239000 0.056900 0. 0. 0. MTKA
105.650002 36.549999 0.002100 -0.000100 0. 0. 0. NXHY
106.839996 39.660000 0.002400 -0.000900 0. 0. 0. NMWH
105.559998 30.510000 -0.000300 -0.002900 0. 0. 0. SCSN
116.930000 38.459999 0.007750 -0.000300 0. 0. 0. HECX
117.989998 27.620001 0.001000 -0.003600 0. 0. 0. FJWY
121.739998 39.090000 0.012500 -0.000900 0. 0. 0. LNJZ
111.599998 38.799999 0.003900 -0.000300 0. 0. 0. SXKL
120.989998 24.799999 0.001500 -0.002900 0. 0. 0. TNML
116.989998 30.620001 0.002800 -0.002200 0. 0. 0. AHAQ
121.160004 24.950001 0.002300 -0.002700 0. 0. 0. TWTF
109.529999 18.240000 -0.001000 -0.002700 0. 0. 0. HISY
114.160004 40.130001 0.006400 -0.000750 0. 0. 0. HEYY
100.200996 40.984001 0.001000 0.001000 0. 0. 0. DXIN
117.400002 39.700001 0.008200 -0.000550 0. 0. 0. TJBD
104.316002 52.219002 0.001000 0.000000 0. 0. 0. IRKT
117.120003 36.209999 0.009100 -0.000150 0. 0. 0. TAIN
120.760002 27.930000 0.003050 -0.001150 0. 0. 0. ZJWZ
114.709999 37.400002 0.005550 0.000350 0. 0. 0. HELY
117.690002 39.080002 0.008450 -0.000950 0. 0. 0. TJBH
138.362000 36.132999 0.218450 0.054000 0. 0. 0. USUD
130.240005 47.349998 0.013450 -0.008000 0. 0. 0. HLHG
116.959999 45.509998 0.007600 -0.002150 0. 0. 0. NMDW
113.589996 24.850000 0.002000 -0.001800 0. 0. 0. GDSG
113.180000 36.220001 0.004200 0.000600 0. 0. 0. SXCZ
111.940002 43.630001 0.004500 -0.002500 0. 0. 0. NMEL
125.440002 43.790001 0.017000 -0.005900 0. 0. 0. CHUN
110.250000 19.990000 0.000200 -0.002200 0. 0. 0. HIHK
117.160004 40.689999 0.008800 -0.001250 0. 0. 0. BJGB
108.489998 30.770000 0.001800 -0.001600 0. 0. 0. CQWZ
116.220001 40.250000 0.007550 -0.000250 0. 0. 0. BJSH
117.529999 40.080002 0.008850 -0.001350 0. 0. 0. JIXN
111.900002 36.250000 0.004250 0.000100 0. 0. 0. SXGX
106.690002 33.130001 0.000900 -0.000400 0. 0. 0. SNMX
106.589996 35.549999 0.000900 -0.000900 0. 0. 0. GSPL
117.099998 39.380001 0.008600 -0.002100 0. 0. 0. TJWQ
121.440002 37.480000 0.012650 0.000850 0. 0. 0. SDYT
130.600006 31.823999 0.012250 0.001250 0. 0. 0. AIRA
105.760002 35.529999 0.001500 -0.001500 0. 0. 0. GSJN
105.410004 28.870001 0.000600 -0.001200 0. 0. 0. LUZH
135.046005 48.521000 0.009400 -0.010300 0. 0. 0. KHAJ
122.599998 40.680000 0.014200 -0.003650 0. 0. 0. LNYK
108.040001 24.690001 0.000800 -0.002900 0. 0. 0. GXHC
120.019997 33.380001 0.007350 0.000150 0. 0. 0. JSYC
102.796997 25.030001 0.001000 0.001000 0. 0. 0. KUNM
114.029999 32.849998 0.002900 -0.000700 0. 0. 0. HAQS
114.900002 40.830002 0.006500 -0.000500 0. 0. 0. HEZJ
140.089996 36.110001 0.558800 0.048200 0. 0. 0. TSK2
119.419998 31.350000 0.005250 0.000150 0. 0. 0. JSLS
114.357002 30.532000 0.003150 0.000900 0. 0. 0. WUHN
113.339996 23.180000 0.000150 -0.002250 0. 0. 0. GUAN
109.209999 21.650000 -0.002200 -0.001800 0. 0. 0. GXBH
144.800003 13.430000 -0.000700 -0.004700 0. 0. 0. GUUG
127.054001 37.276001 0.021650 0.000700 0. 0. 0. SUWN
122.029999 46.040001 0.009800 -0.002050 0. 0. 0. NMWL
112.889999 37.630001 0.005300 -0.000100 0. 0. 0. SXYC
114.519997 35.660000 0.004600 0.000950 0. 0. 0. HAHB
120.300003 36.080002 0.010050 -0.000500 0. 0. 0. SDQD
142.199997 27.070000 -0.000300 -0.003650 0. 0. 0. CCJ2
113.570000 22.280001 0.000900 -0.002100 0. 0. 0. GDZH
121.199997 31.100000 0.005250 0.000300 0. 0. 0. SHAO
110.080002 34.480000 0.002600 -0.001900 0. 0. 0. SNHY
119.739998 49.270000 0.006100 -0.002550 0. 0. 0. HLAR
128.110001 42.410000 0.027450 -0.008950 0. 0. 0. JLCB
121.989998 30.070000 0.004300 0.000400 0. 0. 0. ZJZS
106.209999 34.750000 0.002100 -0.001300 0. 0. 0. GSQS
123.580002 41.830002 0.016400 -0.003350 0. 0. 0. LNSY
127.374001 36.398998 0.021250 0.000750 0. 0. 0. DAEJ
115.970001 40.369999 0.007400 -0.000750 0. 0. 0. BJYQ
141.845001 43.528999 0.016250 -0.025600 0. 0. 0. STK2
153.979996 24.290001 -0.007450 0.004800 0. 0. 0. MCIL
122.629997 43.299999 0.012750 -0.003350 0. 0. 0. NMAG
112.449997 35.160000 0.004000 0.000050 0. 0. 0. HAJY
116.349998 35.430000 0.006400 0.000100 0. 0. 0. SDJX
109.489998 30.280001 0.001000 -0.003200 0. 0. 0. HBES
97.377998 37.381001 0.001000 0.000000 0. 0. 0. DLHA
158.649994 53.020000 0.000200 0.001000 0. 0. 0. PETS
107.059998 41.080002 0.002700 -0.000800 0. 0. 0. NMWT
107.440002 37.779999 0.002700 -0.000200 0. 0. 0. YANC
122.419998 37.169998 0.013300 0.000500 0. 0. 0. SDRC
112.040001 32.000000 0.003100 -0.001200 0. 0. 0. HBXF
118.290001 35.000000 0.007500 0.000600 0. 0. 0. SDLY
139.488007 35.709999 0.239000 0.058000 0. 0. 0. KGNI
111.230003 23.480000 0.000100 -0.003700 0. 0. 0. GXWZ
125.444000 43.791000 0.016900 -0.005900 0. 0. 0. CHAN
108.150002 22.570000 0.002200 -0.002300 0. 0. 0. GXNN
120.019997 26.879999 0.002500 -0.001700 0. 0. 0. FJXP
109.849998 19.030001 -0.000400 -0.001600 0. 0. 0. QION
115.839996 40.880001 0.007350 -0.000500 0. 0. 0. HECC
115.891998 39.609001 0.006650 -0.001350 0. 0. 0. BJFS
116.239998 29.730000 0.002300 -0.001800 0. 0. 0. JXHK
107.730003 27.980000 0.000600 -0.003000 0. 0. 0. GZFG
111.230003 35.110001 0.002600 -0.001500 0. 0. 0. SXXX
113.389999 40.119999 0.005400 -0.000950 0. 0. 0. SXDT
115.059998 26.750000 0.001000 -0.003400 0. 0. 0. JXJA
126.620003 45.700001 0.013900 -0.007250 0. 0. 0. HRBN
121.080002 14.640000 0.000300 -0.002400 0. 0. 0. PIMO
142.720001 47.029999 0.001600 -0.001550 0. 0. 0. YSSK
120.889999 31.950001 0.005850 0.000200 0. 0. 0. JSNT
140.658005 35.955002 0.716000 -0.035000 0. 0. 0. KSMV
124.330002 40.029999 0.017100 -0.002450 0. 0. 0. LNDD
112.169998 31.120001 0.002900 -0.002000 0. 0. 0. HBJM
111.371002 36.084000 0.004000 0.001000 0. 0. 0. SXLF
130.910004 44.430000 0.027300 -0.015100 0. 0. 0. SUIY
106.669998 26.469999 0.000500 -0.002800 0. 0. 0. GZGY
106.739998 31.840000 0.001000 -0.001100 0. 0. 0. SCBZ
112.430000 37.709999 0.005450 0.000450 0. 0. 0. SXTY
119.459999 36.750000 0.009750 0.000600 0. 0. 0. SDCY
145.742996 15.230000 0.001000 0.000000 0. 0. 0. CNMR
118.080002 24.450001 0.001150 -0.001750 0. 0. 0. XIAM
112.339996 16.830000 0.002200 -0.007600 0. 0. 0. YONG
106.269997 38.490002 0.001500 -0.001200 0. 0. 0. NXYC
110.300003 21.150000 0.001000 -0.003000 0. 0. 0. GDZJ
