144.891861 40.125145 0.000000
144.821524 39.953504 0.000523
144.751568 39.781800 0.002702
144.681991 39.610033 0.003628
144.612787 39.438205 0.004275
144.543953 39.266316 0.344637
144.475484 39.094367 3.178027
144.407375 38.922358 11.509989
144.339622 38.750291 23.640436
144.272223 38.578167 37.019925
144.205171 38.405985 48.778809
144.138463 38.233747 56.606337
144.072096 38.061453 59.119121
144.006064 37.889104 56.023624
143.940365 37.716701 48.055562
143.874995 37.544245 36.778379
143.809949 37.371735 24.292543
143.745223 37.199173 12.898227
143.680815 37.026560 4.604462
143.616720 36.853896 0.658871
143.552934 36.681181 0.010754
143.489455 36.508417 0.005815
143.426278 36.335604 0.005721
143.363400 36.162742 0.005090
143.300817 35.989833 0.004425
143.238526 35.816877 0.003900
143.176524 35.643874 0.003482
143.114806 35.470826 0.003139
143.053371 35.297732 0.002855
142.992213 35.124594 0.002617
142.931331 34.951411 0.002417
142.870721 34.778186 0.002248
142.810379 34.604917 0.001776
142.750303 34.431606 0.000350
142.690489 34.258253 0.000000
144.670136 40.178595 0.000000
144.600280 40.006797 0.000517
144.530803 39.834938 0.002675
144.461701 39.663019 0.003667
144.392970 39.491039 0.005440
144.324605 39.319000 0.673850
144.256601 39.146902 4.989056
144.188955 38.974747 14.536571
144.121663 38.802534 27.548014
144.054719 38.630265 41.369091
143.988121 38.457941 53.197291
143.921864 38.285561 60.825255
143.855944 38.113128 63.001033
143.790357 37.940640 59.552765
143.725099 37.768100 51.289134
143.660167 37.595508 39.757596
143.595556 37.422864 26.957574
143.531263 37.250169 15.046193
143.467284 37.077424 6.000563
143.403616 36.904630 1.040958
143.340254 36.731786 0.043993
143.277195 36.558894 0.005873
143.214436 36.385955 0.005784
143.151973 36.212969 0.005209
143.089802 36.039936 0.004545
143.027920 35.866857 0.004011
142.966324 35.693734 0.003581
142.905010 35.520566 0.003222
142.843975 35.347353 0.002919
142.783216 35.174098 0.002661
142.722729 35.000800 0.002439
142.662511 34.827459 0.002251
142.602559 34.654077 0.001766
142.542870 34.480654 0.000348
142.483440 34.307191 0.000000
144.448033 40.231633 0.000000
144.378663 40.059682 0.000449
144.309670 39.887670 0.002333
144.241048 39.715599 0.003288
144.172793 39.543470 0.015540
144.104901 39.371283 1.029576
144.037367 39.199039 6.732615
143.970188 39.026738 17.340934
143.903360 38.854382 31.011420
143.836877 38.681971 45.039674
143.770736 38.509505 56.728870
143.704934 38.336986 64.002757
143.639465 38.164415 65.767392
143.574326 37.991791 62.006752
143.509514 37.819116 53.629356
143.445024 37.646389 42.152556
143.380852 37.473613 29.398933
143.316995 37.300787 17.284029
143.253449 37.127913 7.648033
143.190211 36.954990 1.780610
143.127276 36.782019 0.157002
143.064641 36.609002 0.005480
143.002303 36.435938 0.005279
142.940259 36.262829 0.004817
142.878503 36.089675 0.004230
142.817034 35.916476 0.003739
142.755848 35.743233 0.003336
142.694941 35.569947 0.002993
142.634310 35.396619 0.002693
142.573951 35.223248 0.002429
142.513863 35.049836 0.002198
142.454040 34.876383 0.002000
142.394481 34.702889 0.001551
142.335182 34.529356 0.000305
142.276139 34.355784 0.000000
144.225557 40.284258 0.000000
144.156678 40.112154 0.000385
144.088171 39.939992 0.002013
144.020033 39.767772 0.002958
143.952259 39.595495 0.054284
143.884845 39.423162 1.422178
143.817786 39.250773 8.031721
143.751078 39.078330 19.152381
143.684717 38.905832 32.901473
143.618699 38.733280 46.639471
143.553020 38.560676 57.818689
143.487675 38.388020 64.512659
143.422662 38.215312 65.803280
143.357975 38.042554 61.873489
143.293612 37.869745 53.783333
143.229567 37.696887 43.005231
143.165838 37.523981 31.055094
143.102421 37.351026 19.414320
143.039312 37.178024 9.602642
142.976507 37.004974 2.950472
142.914003 36.831879 0.366475
142.851796 36.658738 0.005994
142.789883 36.485552 0.004866
142.728260 36.312322 0.004525
142.666923 36.139048 0.004026
142.605870 35.965730 0.003569
142.545097 35.792371 0.003186
142.484600 35.618969 0.002848
142.424376 35.445526 0.002537
142.364422 35.272042 0.002252
142.304735 35.098518 0.001996
142.245311 34.924954 0.001775
142.186148 34.751351 0.001350
142.127241 34.577710 0.000264
142.068589 34.404031 0.000000
144.002710 40.336466 0.000000
143.934326 40.164213 0.000299
143.866311 39.991902 0.001595
143.798662 39.819535 0.002497
143.731373 39.647113 0.086185
143.664440 39.474636 1.612925
143.597859 39.302104 8.287323
143.531627 39.129519 18.942986
143.465737 38.956882 31.829482
143.400188 38.784192 44.559566
143.334974 38.611451 54.773890
143.270092 38.438660 60.676563
143.205538 38.265818 61.501115
143.141307 38.092927 57.658157
143.077396 37.919988 50.452858
143.013801 37.747000 41.329945
142.950519 37.573965 31.327698
142.887545 37.400883 21.216298
142.824876 37.227755 11.923916
142.762509 37.054581 4.698755
142.700439 36.881363 0.787666
142.638663 36.708100 0.029231
142.577178 36.534794 0.004263
142.515980 36.361445 0.003996
142.455065 36.188053 0.003633
142.394431 36.014619 0.003249
142.334074 35.841144 0.002911
142.273990 35.667628 0.002598
142.214177 35.494073 0.002288
142.154631 35.320478 0.001982
142.095348 35.146843 0.001702
142.036326 34.973171 0.001461
141.977562 34.799460 0.001077
141.919052 34.625713 0.000209
141.860793 34.451928 0.000000
143.779496 40.388256 0.000000
143.711612 40.215854 0.000229
143.644093 40.043397 0.001242
143.576936 39.870886 0.002077
143.510136 39.698320 0.062139
143.443689 39.525701 1.316976
143.377591 39.353029 6.929355
143.311838 39.180305 15.721807
143.246424 39.007530 26.485350
143.181348 38.834704 37.340636
143.116603 38.661829 46.127345
143.052187 38.488904 51.120447
142.988095 38.315930 51.602838
142.924324 38.142909 48.172875
142.860870 37.969840 42.534156
142.797728 37.796724 36.203586
142.734896 37.623563 29.552154
142.672369 37.450356 22.319814
142.610144 37.277104 14.554294
142.548218 37.103808 7.196193
142.486585 36.930469 1.879223
142.425244 36.757086 0.186946
142.364191 36.583662 0.004139
142.303421 36.410195 0.003565
142.242932 36.236688 0.003294
142.182721 36.063140 0.003025
142.122783 35.889552 0.002830
142.063116 35.715924 0.002624
142.003716 35.542258 0.002279
141.944580 35.368553 0.001865
141.885706 35.194811 0.001524
141.827089 35.021031 0.001252
141.768726 34.847215 0.000885
141.710615 34.673363 0.000169
141.652752 34.499476 0.000000
143.558303 40.439081 0.000000
143.490917 40.266536 0.000161
143.423894 40.093936 0.000896
143.357228 39.921283 0.001690
143.290916 39.748578 0.053984
143.224954 39.575820 0.917968
143.159337 39.403011 4.533784
143.094062 39.230152 10.196468
143.029123 39.057243 17.740873
142.964518 38.884284 26.058635
142.900242 38.711277 33.135757
142.836290 38.538223 37.275759
142.772660 38.365121 37.646503
142.709348 38.191972 34.795967
142.646349 38.018777 31.041388
142.583659 37.845537 28.239653
142.521276 37.672253 25.934558
142.459195 37.498924 22.658843
142.397412 37.325552 17.395475
142.335925 37.152137 10.452413
142.274729 36.978680 3.950418
142.213821 36.805181 0.622225
142.153198 36.631641 0.028457
142.092856 36.458061 0.007626
142.032791 36.284441 0.004366
141.973001 36.110781 0.003752
141.913481 35.937083 0.004854
141.854230 35.763347 0.006593
141.795242 35.589573 0.004290
141.736516 35.415762 0.002203
141.678048 35.241915 0.001420
141.619834 35.068032 0.001070
141.561872 34.894113 0.000708
141.504159 34.720160 0.000133
141.446692 34.546172 0.000000
143.339095 40.488961 0.000000
143.272206 40.316274 0.000102
143.205676 40.143536 0.000596
143.139501 39.970745 0.012301
143.073677 39.797903 0.237202
143.008198 39.625011 1.186404
142.943061 39.452068 2.487448
142.878263 39.279077 4.322275
142.813798 39.106037 8.085708
142.749663 38.932949 13.569257
142.685853 38.759815 18.697344
142.622366 38.586633 22.104221
142.559196 38.413406 22.752249
142.496341 38.240134 20.416128
142.433796 38.066817 18.158473
142.371557 37.893456 18.610241
142.309622 37.720051 20.396093
142.247985 37.546604 21.104227
142.186644 37.373115 18.924543
142.125595 37.199584 13.073808
142.064834 37.026012 5.881059
142.004359 36.852400 1.568495
141.944164 36.678748 0.822612
141.884248 36.505058 0.766659
141.824606 36.331328 0.487130
141.765236 36.157560 0.394178
141.706133 35.983755 0.582584
141.647296 35.809913 0.741889
141.588719 35.636035 0.630605
141.530401 35.462121 0.149518
141.472338 35.288171 0.008164
141.414527 35.114187 0.001324
141.356965 34.940169 0.000662
141.299648 34.766118 0.000115
141.242574 34.592033 0.000000
143.119498 40.538442 0.000000
143.053110 40.365618 0.000069
142.987078 40.192741 0.000436
142.921398 40.019815 0.104830
142.856064 39.846839 1.000933
142.791073 39.673814 2.786209
142.726421 39.500740 2.093605
142.662103 39.327618 1.070897
142.598116 39.154450 1.731294
142.534455 38.981235 4.521589
142.471116 38.807974 7.360288
142.408096 38.634668 10.059098
142.345391 38.461318 11.940640
142.282996 38.287924 10.434232
142.220909 38.114486 8.716215
142.159125 37.941006 10.531979
142.097640 37.767484 13.725195
142.036452 37.593920 16.547563
141.975556 37.420316 17.195387
141.914948 37.246671 13.236823
141.854626 37.072987 6.601790
141.794586 36.899263 3.391959
141.734824 36.725502 4.434788
141.675337 36.551702 4.703852
141.616121 36.377865 3.229171
141.557174 36.203991 2.688688
141.498492 36.030081 3.486312
141.440071 35.856135 3.956513
141.381909 35.682154 3.117977
141.324002 35.508139 0.870464
141.266347 35.334089 0.078513
141.208941 35.160006 0.003810
141.151781 34.985890 0.000940
141.094864 34.811742 0.000134
141.038187 34.637562 0.000000
142.899561 40.587514 0.000000
142.833680 40.414552 0.000047
142.768150 40.241541 0.000302
142.702968 40.068481 0.252492
142.638129 39.895372 1.708854
142.573630 39.722216 3.506329
142.509466 39.549013 2.795182
142.445633 39.375764 1.838307
142.382127 39.202469 1.863763
142.318943 39.029128 3.476105
142.256079 38.855744 3.915012
142.193530 38.682315 5.570646
142.131293 38.508844 9.735474
142.069363 38.335330 10.220807
142.007737 38.161774 8.262184
141.946410 37.988177 8.068478
141.885380 37.814538 7.761128
141.824643 37.640860 8.653745
141.764195 37.467143 10.794635
141.704033 37.293386 9.370418
141.644153 37.119591 4.443692
141.584551 36.945758 3.923285
141.525225 36.771888 8.092977
141.466170 36.597982 8.798351
141.407384 36.424039 6.031772
141.348863 36.250061 5.105944
141.290604 36.076048 5.831273
141.232603 35.902000 5.125019
141.174858 35.727918 3.159255
141.117366 35.553804 1.280436
141.060122 35.379656 0.209773
141.003124 35.205476 0.007276
140.946370 35.031264 0.000979
140.889855 34.857021 0.000115
140.833577 34.682748 0.000000
142.682998 40.635361 0.000000
142.617618 40.462267 0.000029
142.552586 40.289125 0.000168
142.487898 40.115935 0.060584
142.423550 39.942699 0.390932
142.359537 39.769416 0.764744
142.295857 39.596088 1.306416
142.232504 39.422714 3.880893
142.169475 39.249297 5.402782
142.106765 39.075836 6.999595
142.044371 38.902331 6.095109
141.982289 38.728784 5.528500
141.920514 38.555196 10.146823
141.859045 38.381566 13.464773
141.797875 38.207895 12.082458
141.737002 38.034185 8.573871
141.676423 37.860435 2.692735
141.616133 37.686646 1.448458
141.556129 37.512819 1.949702
141.496407 37.338954 1.768007
141.436964 37.165052 0.813730
141.377797 36.991114 1.866843
141.318902 36.817139 6.845554
141.260276 36.643130 6.595612
141.201915 36.469085 2.604552
141.143816 36.295006 1.893864
141.085976 36.120894 3.181540
141.028391 35.946748 1.923882
140.971059 35.772569 0.735372
140.913977 35.598358 0.284905
140.857140 35.424116 0.051285
140.800546 35.249843 0.001920
140.744193 35.075539 0.000303
140.688076 34.901204 0.000039
140.632194 34.726841 0.000000
142.471017 40.681736 0.000000
142.406130 40.508516 0.000020
142.341588 40.335248 0.000107
142.277386 40.161934 0.000181
142.213522 39.988574 0.000346
142.149989 39.815170 0.002022
142.086785 39.641721 0.313749
142.023905 39.468228 1.451024
141.961345 39.294693 1.621225
141.899101 39.121115 2.260087
141.837170 38.947495 1.935458
141.775547 38.773835 2.301210
141.714230 38.600133 3.596512
141.653213 38.426392 3.800236
141.592493 38.252612 3.076682
141.532067 38.078792 3.095972
141.471931 37.904935 2.730468
141.412081 37.731040 1.858026
141.352514 37.557108 0.636969
141.293226 37.383139 0.582101
141.234214 37.209135 1.210404
141.175474 37.035095 0.969797
141.117004 36.861021 1.476439
141.058799 36.686912 1.394259
141.000856 36.512770 0.583283
140.943173 36.338594 0.353209
140.885745 36.164386 0.894387
140.828570 35.990146 0.852347
140.771645 35.815874 0.172056
140.714965 35.641572 0.001206
140.658529 35.467239 0.000312
140.602334 35.292876 0.000133
140.546375 35.118483 0.000068
140.490650 34.944062 0.000012
140.435157 34.769612 0.000000
142.261220 40.727191 0.000000
142.196825 40.553846 0.000017
142.132771 40.380456 0.000087
142.069054 40.207021 0.000127
142.005670 40.033541 0.000194
141.942615 39.860018 0.000550
141.879885 39.686452 0.525587
141.817475 39.512844 2.114301
141.755383 39.339194 0.627998
141.693603 39.165503 0.228963
141.632133 38.991771 1.070733
141.570968 38.818000 4.297321
141.510104 38.644189 5.703399
141.449538 38.470340 3.180207
141.389266 38.296453 1.303898
141.329284 38.122528 4.964294
141.269589 37.948566 9.517031
141.210177 37.774567 7.426569
141.151045 37.600533 2.545862
141.092189 37.426464 2.325698
141.033606 37.252360 4.838033
140.975292 37.078222 2.768809
140.917243 36.904051 0.557093
140.859458 36.729846 0.681040
140.801932 36.555609 1.031812
140.744662 36.381340 0.645593
140.687644 36.207039 1.279293
140.630877 36.032708 1.336405
140.574356 35.858346 0.275585
140.518078 35.683954 0.000578
140.462040 35.509533 0.000143
140.406240 35.335084 0.000072
140.350674 35.160606 0.000042
140.295340 34.986100 0.000008
140.240233 34.811566 0.000000
