# site es ns us
G100  0.102300  0.031800  -0.014300
G103  0.230600  -0.272200  0.003000
G104  0.490600  -0.296000  0.035600
G105  0.906300  -0.227000  0.017500
G107  0.054300  0.002800  -0.044600
G108  0.077500  0.019400  -0.031000
G109  0.406200  -0.037000  0.021100
G110  0.408700  -0.001700  0.012200
G145  2.999000  -1.402900  -0.297100
G162  0.907100  -0.219400  0.024800
G163  0.447100  0.051300  -0.014300
I001  0.420800  0.060300  -0.039900
I002  0.645500  0.027200  -0.116400
I003  0.464600  0.056800  -0.043500
I004  0.829100  -0.039300  -0.240800
I005  0.311800  0.055400  -0.011200
I006  0.625200  0.026000  -0.152700
I007  0.369700  0.058900  -0.044600
I008  0.383000  0.064200  -0.059500
I009  0.686900  -0.001100  -0.264300
I010  0.551100  0.039500  -0.155000
I011  0.275300  0.055000  -0.023400
I012  0.396800  0.060200  -0.073900
I013  0.313300  0.059500  -0.046200
I014  0.399500  0.057100  -0.096600
I015  0.407200  0.051300  -0.118200
I016  0.281500  0.056100  -0.053900
I018  0.320800  0.059300  -0.080300
I019  0.212800  0.055800  -0.058700
I020  0.317900  0.056300  -0.086800
I021  0.432800  0.028800  -0.132800
I022  0.411500  -0.024300  -0.141700
I023  0.246200  0.053200  -0.063200
I024  0.280900  0.044300  -0.089500
I025  0.200700  0.046200  -0.068800
I026  0.183100  0.045800  -0.040000
I027  0.194800  0.039100  -0.069100
I028  0.154400  0.041000  -0.011300
I029  0.141600  0.040700  -0.026300
I030  0.150300  0.034800  -0.066300
I031  0.119800  0.036000  -0.024200
I032  0.141500  0.042000  -0.040400
I033  0.138400  0.022900  -0.050600
I034  0.109100  0.028100  -0.016000
I035  0.102700  0.028600  -0.011100
I036  0.108000  0.026600  -0.047000
I037  0.108000  0.022500  -0.055500
I038  0.096000  0.034000  -0.027000
I041  0.058500  0.001100  -0.051400
I042  0.072100  0.024400  -0.019500
I043  0.075500  0.021500  -0.024700
I044  0.060300  0.004300  -0.042300
I046  0.060600  0.021500  -0.008900
I063  0.192400  0.048700  -0.011900
I064  0.147200  0.040100  -0.017100
I065  0.157600  0.045700  -0.010000
I066  0.127100  0.031500  -0.012200
I067  0.098500  0.023600  -0.027000
I068  0.090900  0.030100  -0.009500
I069  0.106300  0.029200  0.021100
I070  0.127300  0.036300  -0.020600
I071  0.097300  0.033300  -0.024000
I072  0.098200  0.030600  -0.006000
I073  0.095200  0.029300  -0.012200
I074  0.074100  0.022900  -0.008300
I075  0.081700  0.029500  -0.018300
I076  0.080500  0.023600  -0.007200
I077  0.067700  0.018500  -0.026900
I078  0.073300  0.021300  -0.007000
I079  0.062700  0.018400  0.000000
I105  0.066200  0.019900  -0.017800
J022  0.084200  -0.124400  -0.000400
J023  0.138100  -0.154500  0.009000
J024  0.128500  -0.182900  0.003600
J026  0.262600  -0.258600  0.014800
J027  0.625400  -0.639000  -0.069100
J029  2.388600  -1.261400  -0.205000
J030  0.491300  -0.301800  0.032500
J031  0.872900  -0.447700  0.044000
J032  0.966300  -0.342500  0.012800
J033  1.509200  -0.522600  -0.033500
J035  1.807300  -0.402000  -0.079600
J037  3.050500  -0.779200  -0.301600
J038  2.675900  -0.388200  -0.317000
J040  0.998200  -0.066100  -0.012200
J041  1.891700  -0.335400  -0.494000
J042  1.137500  -0.118100  -0.331900
J043  0.508100  0.050200  -0.052500
J044  0.378700  0.038700  0.000300
J045  0.269900  0.043300  -0.007600
J048  0.127500  0.036300  -0.012200
J049  0.921700  -0.162200  0.018900
J050  0.614000  -0.069400  0.027500
J051  0.431300  -0.010000  0.018900
J149  0.118100  -0.143500  0.006600
J150  0.121800  -0.167300  0.008900
J151  0.199100  -0.225800  0.008200
J152  0.189000  -0.250700  0.000100
J153  0.308600  -0.365900  0.003200
J154  0.311400  -0.255100  0.025900
J155  0.359600  -0.337600  0.007700
J156  0.351100  -0.418100  -0.019400
J157  0.489100  -0.499700  -0.003100
J158  0.399700  -0.461700  -0.032600
J159  0.494200  -0.530500  -0.008200
J160  0.719500  -0.692400  -0.034300
J161  0.761700  -0.705000  -0.019200
J163  0.910800  -0.777300  -0.011400
J164  1.029400  -0.929600  -0.143900
J165  1.030700  -0.794600  -0.012600
J166  1.271700  -0.950800  -0.024300
J167  2.074500  -1.592400  -0.466200
J169  2.133300  -1.413300  -0.242600
J170  2.759100  -1.802500  -0.526900
J173  2.480900  -1.033000  -0.134900
J174  2.206800  -0.845100  -0.106600
J175  4.074200  -1.639000  -0.708300
J176  3.450600  -1.182000  -0.374300
J177  2.660900  -0.732300  -0.190000
J179  2.678700  -0.463200  -0.232200
J180  1.853000  -0.244200  -0.108300
J181  0.447600  -0.386300  0.017200
J182  0.441900  -0.351700  0.015400
J183  0.518500  -0.469900  0.011800
J184  0.430400  -0.323300  0.024400
J186  0.585700  -0.389600  0.018200
J187  0.842600  -0.564600  -0.004600
J188  0.783500  -0.465400  0.009300
J189  0.918400  -0.540200  0.012300
J190  1.201000  -0.668400  -0.017700
J191  0.892200  -0.393100  0.026700
J192  1.077800  -0.499900  0.009700
J193  1.566400  -0.754500  -0.088900
J194  0.708300  -0.286400  0.033800
J195  1.140000  -0.370400  0.000400
J196  1.090500  -0.298100  -0.009100
J197  1.071700  -0.168700  -0.016500
J198  1.395700  -0.190800  -0.047300
J199  1.375000  -0.244700  -0.029400
J200  1.788900  -0.173200  -0.115000
J201  2.117500  -0.251100  -0.257600
J202  1.225500  -0.060900  -0.080600
J204  0.795900  -0.036200  -0.017100
J205  1.781400  -0.201000  -0.262800
J206  0.675200  -0.007600  -0.014300
J207  0.729300  -0.007000  -0.018600
J209  0.953200  -0.019200  -0.064400
J210  1.207400  -0.053800  -0.093000
J211  1.498400  -0.155600  -0.255600
J212  1.194400  -0.084600  -0.188000
J213  0.950200  -0.035900  -0.140200
J214  1.485900  -0.206500  -0.457200
J215  0.654900  0.030600  -0.116600
J216  0.887100  -0.046500  -0.246000
J217  0.897000  0.001000  -0.080400
J218  0.574100  0.047100  -0.042400
J219  0.668000  0.032000  -0.078000
J220  0.477700  0.041100  -0.022700
J221  0.280700  0.047200  -0.004600
J222  0.411500  0.060800  -0.017900
J223  0.241600  0.051600  -0.007500
J224  0.326600  0.058400  -0.055100
J225  0.183400  0.024400  -0.097200
J226  0.072000  -0.000500  -0.074700
J227  0.047900  0.000600  -0.044200
J228  0.210400  0.056000  -0.051400
J229  0.106800  0.032800  -0.013200
J230  0.095500  0.027900  -0.025600
J231  0.741500  -0.169900  0.027900
J232  0.472300  -0.084200  0.031200
J233  0.460000  -0.054100  0.028900
J234  0.809700  -0.090000  0.012200
J235  0.403800  -0.036900  0.016200
J236  0.822600  -0.058500  -0.003400
J237  0.516900  -0.035700  0.017800
J238  0.632700  -0.042800  0.017300
J239  0.573900  -0.016400  0.019100
J240  0.484100  0.002500  0.015100
J241  0.356200  0.005300  0.015500
J242  0.503800  0.013500  -0.008900
J243  0.310400  0.005700  0.000900
J244  0.390900  0.012800  0.006700
J246  0.435700  0.027800  -0.001900
J247  0.283900  0.021400  -0.004600
J263  0.149800  0.033600  -0.004100
J264  0.161600  0.042900  -0.016900
J265  0.322100  0.021500  -0.020100
J267  0.264400  0.028700  0.017800
J268  0.228900  0.033100  0.010600
J269  0.262700  0.047600  0.001500
J271  0.197200  0.032000  -0.004500
J272  0.205900  0.041000  0.001700
J275  0.100100  0.025800  -0.000100
J529  0.074800  -0.111300  -0.007100
J530  0.101400  -0.123200  -0.001100
J533  0.108100  -0.160900  0.004900
J534  0.176200  -0.199600  0.003600
J535  0.171500  -0.209400  -0.001900
J537  0.232700  -0.286400  -0.006200
J538  0.287100  -0.293800  -0.001400
J539  0.280400  -0.346800  -0.005800
J540  0.318100  -0.301600  0.005000
J541  0.323400  -0.338100  -0.017600
J542  0.231000  -0.240500  0.007500
J543  0.753300  -0.677400  -0.020200
J544  1.334100  -0.813300  -0.039500
J547  1.539100  -1.208800  -0.185600
J549  3.800100  -1.158900  -0.523500
J550  5.059500  -1.527400  -1.157800
J551  0.528200  -0.318900  0.023400
J552  0.621700  -0.391300  0.016900
J553  0.939300  -0.638500  -0.010800
J554  1.285400  -0.651500  -0.020600
J555  1.001400  -0.393100  0.003100
J556  1.724100  -0.459500  -0.063700
J557  1.620700  -0.276900  -0.067300
J559  1.392900  -0.067200  -0.113100
J560  1.611000  -0.139200  -0.078900
J561  1.226600  -0.041400  -0.079600
J563  0.723200  0.013700  -0.032700
J564  0.881500  -0.116800  0.012400
J565  0.436400  -0.049800  0.024100
J566  0.480300  -0.022800  0.023000
J567  0.411700  -0.001700  0.008000
J568  0.560700  -0.001600  -0.003400
J569  0.312600  0.017700  -0.014000
J571  0.642600  -0.050400  0.017600
J581  1.186000  -0.109700  -0.256700
J582  0.582900  0.046000  -0.105400
J583  0.466900  0.060900  -0.068200
J584  0.513600  0.049200  -0.105800
J585  1.037300  -0.022700  -0.107200
J586  0.794400  0.018300  -0.056700
J587  0.720500  0.026800  -0.048300
J588  0.882700  -0.007800  -0.113900
J589  0.519100  0.053800  -0.035500
J590  0.802700  -0.008100  -0.133700
J591  0.307700  0.040200  -0.006300
J592  0.291000  0.050000  -0.004400
J593  0.257100  0.045800  -0.019800
J606  0.146600  0.041300  -0.005900
J607  0.132000  0.040500  -0.007100
J610  0.236700  0.045100  -0.000900
J612  0.166200  0.036100  -0.013100
J613  0.188700  0.046500  -0.020800
J621  0.087600  0.025100  -0.007500
J626  0.064200  0.017500  -0.015300
J627  0.512300  0.052000  -0.087500
J752  0.376700  0.051300  -0.010400
J753  0.265300  0.058700  -0.021700
J754  0.224500  0.052400  -0.028100
J755  0.227500  0.050900  -0.023400
J756  0.092200  0.013100  -0.074600
J758  0.174500  0.044500  -0.027100
J759  0.079600  0.017200  -0.032700
J794  0.083200  -0.114700  0.002400
J795  0.977100  -0.852100  -0.055500
J796  1.910800  -1.031300  -0.100800
J797  2.229200  -0.332100  -0.159700
J798  0.627400  -0.547500  0.002600
J799  1.364100  -0.329000  -0.034400
J800  1.711300  -0.306400  -0.502800
J801  0.620000  0.012700  -0.033100
J802  0.411400  0.036500  -0.000200
J803  1.513600  -0.310600  -0.036400
J804  0.132600  0.039500  -0.023500
J805  0.731900  -0.068900  0.008100
J806  0.550700  -0.050300  0.020200
J807  0.502300  -0.017200  0.021800
J809  0.130100  0.035900  -0.009100
J810  0.566200  -0.026600  0.024400
J813  0.071200  0.023300  -0.017900
J815  0.070700  0.024600  -0.013200
J817  0.073400  0.017700  -0.006900
J818  0.062500  0.018900  -0.014800
J844  0.247400  -0.282700  0.004500
J845  1.400100  -0.087600  -0.101400
J892  0.084400  -0.129700  0.001000
J893  0.099800  -0.131600  0.004400
J894  0.112000  -0.162500  -0.004100
J895  0.154800  -0.203000  0.006200
J896  0.146000  -0.208600  0.000100
J897  0.187900  -0.199800  0.002000
J898  0.271900  -0.241800  0.017300
J899  0.329100  -0.375500  -0.004900
J901  0.364200  -0.423300  -0.007300
J902  0.399600  -0.420200  0.000700
J903  0.507700  -0.546500  -0.016100
J904  0.610100  -0.591800  0.002700
J905  0.826500  -0.767600  -0.069000
J908  1.129000  -0.777600  -0.007400
J909  1.586400  -1.104200  -0.083600
J910  2.144000  -1.282700  -0.174300
J911  2.918400  -1.497900  -0.327700
J912  2.435100  -1.187500  -0.195600
J913  1.992700  -0.898800  -0.092200
J914  3.492700  -1.448000  -0.451000
J915  2.757600  -1.029200  -0.199700
J916  3.286000  -1.245200  -0.316000
J917  2.218800  -0.705900  -0.123600
J918  4.018900  -1.351800  -0.611100
J919  3.012000  -0.656800  -0.278700
J920  2.309500  -0.305600  -0.209400
J921  0.389000  -0.301100  0.024000
J922  0.501600  -0.401200  0.012100
J923  0.488200  -0.342500  0.030100
J924  0.683900  -0.502600  0.018400
J925  0.799200  -0.439500  0.031500
J926  1.048100  -0.639000  0.005700
J927  1.049700  -0.534100  0.017400
J928  1.551100  -0.820600  -0.063900
J929  1.363800  -0.610000  -0.034700
J930  1.235700  -0.487400  -0.020200
J931  1.723100  -0.587600  -0.092900
J932  0.949600  -0.282000  0.029000
J933  1.456900  -0.424900  -0.029300
J934  1.840400  -0.344000  -0.119100
J935  1.142800  -0.135300  -0.034300
J936  1.804800  -0.187500  -0.086700
J937  1.176200  -0.087100  -0.044800
J938  1.870500  -0.181400  -0.157000
J939  0.997400  -0.043200  -0.034200
J940  1.585300  -0.071000  -0.195300
J941  0.853400  -0.012800  -0.037900
J942  1.238600  -0.047800  -0.088300
J943  1.451800  -0.121900  -0.154700
J944  1.723300  -0.235000  -0.323500
J945  1.258700  -0.090100  -0.162300
J946  1.518400  -0.200900  -0.366800
J947  0.910300  -0.039200  -0.197400
J948  0.995500  -0.011000  -0.056900
J949  0.613300  0.039900  -0.027600
J950  0.576500  0.045400  -0.038200
J951  0.600200  0.037900  -0.071100
J952  0.455000  0.036900  -0.007100
J954  0.344800  0.040400  0.002500
J955  0.330900  0.050600  -0.004000
J956  0.345300  0.056800  -0.026600
J957  0.241600  0.045600  -0.004700
J958  0.209700  0.047000  -0.025300
J959  0.067500  0.013500  -0.043900
J960  0.123600  0.033400  -0.016900
J961  0.636600  -0.022800  0.014800
J962  0.421400  0.009500  0.013200
J963  0.596700  0.005200  -0.020600
J964  0.363000  0.016400  -0.002500
J965  1.023600  -0.044600  -0.167100
J979  0.169300  0.045200  -0.011500
J980  0.178200  0.045700  -0.011200
J981  0.109600  0.034800  -0.018400
J982  0.361300  0.024900  -0.007600
J983  0.247800  0.026900  0.000100
J984  0.229600  0.033400  -0.001000
J985  0.215300  0.040900  -0.000300
J987  0.141000  0.031100  -0.008600
S106  0.056400  0.019900  -0.028300
S110  0.513700  0.052000  -0.091700
Z102  0.091000  0.020100  -0.012200
