# Table S1 Coseismic displacements at the GPS sites. First column shows the ID number. The second and third columns show the location of the reference GPS site, while the fourth and fifth columns show the location of the observation GPS site. EW is east-west, NS is north-south, and UD is up-down components in m. Error is described in Methods. 
# ID  Latitude(ref)  Longitude(ref)  Latitude  Longitude  EW (m)  NS (m)  UD (m)  
5  32.6694  128.8431  36.2008  138.0592  0.183  0.0339  0.0026  
6  32.6694  128.8431  40.8344  140.8105  0.2474  -0.2827  0.0045  
7  32.6694  128.8431  37.3618  140.3244  1.4001  -0.0876  -0.1014  
9  32.6694  128.8431  35.4527  138.762  0.1133  0.0346  -0.0147  
10  32.6694  128.8431  35.3837  138.7116  0.1021  0.0327  -0.0024  
57  32.6694  128.8431  41.7406  140.9293  0.0844  -0.1297  0.001  
58  32.6694  128.8431  41.7113  140.535  0.0998  -0.1316  0.0044  
59  32.6694  128.8431  41.4662  141.0945  0.112  -0.1625  -0.0041  
60  32.6694  128.8431  41.1997  140.9838  0.1548  -0.203  0.0062  
61  32.6694  128.8431  41.1609  141.3857  0.146  -0.2086  0.0001  
62  32.6694  128.8431  41.1217  140.2935  0.1879  -0.1998  0.002  
63  32.6694  128.8431  40.7306  140.011  0.2719  -0.2418  0.0173  
64  32.6694  128.8431  40.58  141.106  0.3291  -0.3755  -0.0049  
65  32.6694  128.8431  40.5088  141.332  0.3642  -0.4233  -0.0073  
66  32.6694  128.8431  40.4476  140.9416  0.3996  -0.4202  0.0007  
67  32.6694  128.8431  40.271  141.4849  0.5077  -0.5465  -0.0161  
68  32.6694  128.8431  40.1067  141.0465  0.6101  -0.5918  0.0027  
69  32.6694  128.8431  39.971  141.6622  0.8265  -0.7676  -0.069  
70  32.6694  128.8431  39.5545  140.8363  1.129  -0.7776  -0.0074  
71  32.6694  128.8431  39.4647  141.293  1.5864  -1.1042  -0.0836  
72  32.6694  128.8431  39.2354  141.3117  2.144  -1.2827  -0.1743  
73  32.6694  128.8431  39.0121  141.4008  2.9184  -1.4979  -0.3277  
74  32.6694  128.8431  38.9955  141.1485  2.4351  -1.1875  -0.1956  
75  32.6694  128.8431  38.934  140.8332  1.9927  -0.8988  -0.0922  
76  32.6694  128.8431  38.7432  141.3179  3.4927  -1.448  -0.451  
77  32.6694  128.8431  38.6861  141.0043  2.7576  -1.0292  -0.1997  
78  32.6694  128.8431  38.6606  141.1607  3.286  -1.2452  -0.316  
79  32.6694  128.8431  38.5718  140.7277  2.2188  -0.7059  -0.1236  
80  32.6694  128.8431  38.5098  141.3044  4.0189  -1.3518  -0.6111  
81  32.6694  128.8431  38.1771  140.9437  3.012  -0.6568  -0.2787  
82  32.6694  128.8431  37.8246  140.7277  2.3095  -0.3056  -0.2094  
83  32.6694  128.8431  40.3394  140.0276  0.389  -0.3011  0.024  
84  32.6694  128.8431  40.1833  140.4082  0.5016  -0.4012  0.0121  
85  32.6694  128.8431  40.0997  140.0055  0.4882  -0.3425  0.0301  
86  32.6694  128.8431  39.9214  140.5359  0.6839  -0.5026  0.0184  
87  32.6694  128.8431  39.5276  140.0539  0.7992  -0.4395  0.0315  
88  32.6694  128.8431  39.5081  140.5961  1.0481  -0.639  0.0057  
89  32.6694  128.8431  39.2967  140.2789  1.0497  -0.5341  0.0174  
90  32.6694  128.8431  39.1462  140.715  1.5511  -0.8206  -0.0639  
91  32.6694  128.8431  39.0544  140.4473  1.3638  -0.61  -0.0347  
92  32.6694  128.8431  38.9381  140.1835  1.2357  -0.4874  -0.0202  
93  32.6694  128.8431  38.7522  140.4973  1.7231  -0.5876  -0.0929  
94  32.6694  128.8431  38.7012  139.6745  0.9496  -0.282  0.029  
95  32.6694  128.8431  38.6284  140.2205  1.4569  -0.4249  -0.0293  
96  32.6694  128.8431  38.1704  140.3939  1.8404  -0.344  -0.1191  
97  32.6694  128.8431  37.9206  139.8794  1.1428  -0.1353  -0.0343  
98  32.6694  128.8431  37.8335  140.4468  1.8048  -0.1875  -0.0867  
99  32.6694  128.8431  37.6693  139.9727  1.1762  -0.0871  -0.0448  
100  32.6694  128.8431  37.5911  140.5717  1.8705  -0.1814  -0.157  
101  32.6694  128.8431  37.4613  139.8355  0.9974  -0.0432  -0.0342  
102  32.6694  128.8431  37.4449  140.464  1.5853  -0.071  -0.1953  
103  32.6694  128.8431  37.3262  139.6864  0.8534  -0.0128  -0.0379  
104  32.6694  128.8431  37.293  140.2127  1.2386  -0.0478  -0.0883  
105  32.6694  128.8431  37.2106  140.451  1.4518  -0.1219  -0.1547  
106  32.6694  128.8431  37.1831  140.716  1.7233  -0.235  -0.3235  
107  32.6694  128.8431  37.0236  140.3763  1.2587  -0.0901  -0.1623  
108  32.6694  128.8431  36.9326  140.6901  1.5184  -0.2009  -0.3668  
109  32.6694  128.8431  36.4759  140.3857  0.9103  -0.0392  -0.1974  
110  32.6694  128.8431  37.1247  140.0354  0.9955  -0.011  -0.0569  
111  32.6694  128.8431  36.8723  139.5053  0.6133  0.0399  -0.0276  
112  32.6694  128.8431  36.5376  139.7528  0.5765  0.0454  -0.0382  
113  32.6694  128.8431  36.4566  139.9025  0.6002  0.0379  -0.0711  
114  32.6694  128.8431  36.8374  139.0608  0.455  0.0369  -0.0071  
115  32.6694  128.8431  36.5914  138.8479  0.3448  0.0404  0.0025  
116  32.6694  128.8431  36.3954  139.0167  0.3309  0.0506  -0.004  
117  32.6694  128.8431  36.2677  139.2546  0.3453  0.0568  -0.0266  



118  32.6694  128.8431  36.2003  138.703  0.2416  0.0456  -0.0047  
119  32.6694  128.8431  35.9299  138.9261  0.2097  0.047  -0.0253  
120  32.6694  128.8431  35.1438  139.9685  0.0675  0.0135  -0.0439  
121  32.6694  128.8431  35.3915  139.3661  0.1236  0.0334  -0.0169  
122  32.6694  128.8431  37.5403  139.1114  0.6366  -0.0228  0.0148  
123  32.6694  128.8431  37.2121  138.6346  0.4214  0.0095  0.0132  
124  32.6694  128.8431  37.1576  139.2471  0.5967  0.0052  -0.0206  
125  32.6694  128.8431  37.1071  138.4574  0.363  0.0164  -0.0025  
126  32.6694  128.8431  36.779  140.2965  1.0236  -0.0446  -0.1671  
140  32.6694  128.8431  35.9049  138.4442  0.1693  0.0452  -0.0115  
141  32.6694  128.8431  35.7539  138.95  0.1782  0.0457  -0.0112  
142  32.6694  128.8431  35.4677  138.6069  0.1096  0.0348  -0.0184  
143  32.6694  128.8431  36.8567  138.6242  0.3613  0.0249  -0.0076  
144  32.6694  128.8431  36.7067  138.0967  0.2478  0.0269  0.0001  
145  32.6694  128.8431  36.5236  138.1209  0.2296  0.0334  -0.001  
146  32.6694  128.8431  36.261  138.366  0.2153  0.0409  -0.0003  
148  32.6694  128.8431  35.8784  138.0957  0.141  0.0311  -0.0086  
254  32.6694  128.8431  35.3608  138.7273  0.1023  0.0318  -0.0143  
257  32.6694  128.8431  36.1056  140.0871  0.5138  0.0514  -0.0861  
266  32.6694  128.8431  40.8975  140.8592  0.2306  -0.2722  0.003  
267  32.6694  128.8431  39.9421  139.7035  0.4906  -0.296  0.0356  
268  32.6694  128.8431  38.5633  139.546  0.9063  -0.227  0.0175  
269  32.6694  128.8431  35.1294  140.2494  0.0543  0.0028  -0.0446  
270  32.6694  128.8431  35.1602  139.6155  0.0775  0.0194  -0.031  
271  32.6694  128.8431  37.8148  138.2812  0.4062  -0.037  0.0211  
272  32.6694  128.8431  37.3565  138.5085  0.4087  -0.0017  0.0122  
299  32.6694  128.8431  35.3221  138.1858  0.091  0.0201  -0.0122  
330  32.6694  128.8431  36.38  138.4779  0.2503  0.0438  -0.0037  
349  32.6694  128.8431  38.9019  141.2832  2.999  -1.4029  -0.2971  
353  32.6694  128.8431  36.4448  138.4884  0.2611  0.0412  0.0087  
354  32.6694  128.8431  36.4239  138.5764  0.2723  0.0455  -0.0085  
363  32.6694  128.8431  36.1041  140.0873  0.508  0.0517  -0.0894  
373  32.6694  128.8431  38.5112  139.5338  0.9071  -0.2194  0.0248  
374  32.6694  128.8431  36.6023  139.2762  0.4471  0.0513  -0.0143  
379  32.6694  128.8431  40.7945  141.3992  0.2351  -0.3048  -0.0073  
380  32.6694  128.8431  36.7086  140.7195  1.3406  -0.1903  -0.4141  



387  32.6694  128.8431  35.758  139.6445  0.2496  0.056  -0.0505  
389  32.6694  128.8431  41.834  141.1422  0.0719  -0.1149  -0.0066  
391  32.6694  128.8431  40.5752  140.295  0.3298  -0.299  0.0203  
392  32.6694  128.8431  40.9212  140.9902  0.2181  -0.2692  0.0024  
398  32.6694  128.8431  35.0069  139.082  0.0564  0.0199  -0.0283  
400  32.6694  128.8431  36.1061  140.0872  0.5156  0.0529  -0.0964  
401  32.6694  128.8431  36.2952  139.5423  0.4208  0.0603  -0.0399  
402  32.6694  128.8431  36.2633  140.1743  0.6455  0.0272  -0.1164  
403  32.6694  128.8431  36.2037  139.8105  0.4646  0.0568  -0.0435  
404  32.6694  128.8431  36.1813  140.5445  0.8291  -0.0393  -0.2408  
405  32.6694  128.8431  36.121  139.3452  0.3118  0.0554  -0.0112  
406  32.6694  128.8431  36.0969  140.3432  0.6252  0.026  -0.1527  
407  32.6694  128.8431  36.0872  139.6367  0.3697  0.0589  -0.0446  
408  32.6694  128.8431  36.0109  139.7999  0.383  0.0642  -0.0595  
409  32.6694  128.8431  35.9554  140.6592  0.6869  -0.0011  -0.2643  
410  32.6694  128.8431  35.9704  140.403  0.5511  0.0395  -0.155  
411  32.6694  128.8431  35.9255  139.4643  0.2753  0.055  -0.0234  
412  32.6694  128.8431  35.9403  139.9927  0.3968  0.0602  -0.0739  
413  32.6694  128.8431  35.9375  139.6519  0.3133  0.0595  -0.0462  
414  32.6694  128.8431  35.8736  140.1455  0.3995  0.0571  -0.0966  
415  32.6694  128.8431  35.8033  140.407  0.4072  0.0513  -0.1182  
416  32.6694  128.8431  35.7802  139.8128  0.2815  0.0561  -0.0539  
417  32.6694  128.8431  35.7865  140.0248  0.3208  0.0593  -0.0803  
418  32.6694  128.8431  35.7104  139.4883  0.2128  0.0558  -0.0587  
419  32.6694  128.8431  35.7174  140.3151  0.3179  0.0563  -0.0868  
420  32.6694  128.8431  35.7773  140.6468  0.4328  0.0288  -0.1328  
421  32.6694  128.8431  35.7264  140.8372  0.4115  -0.0243  -0.1417  
422  32.6694  128.8431  35.6755  139.9024  0.2462  0.0532  -0.0632  
423  32.6694  128.8431  35.6424  140.4483  0.2809  0.0443  -0.0895  
424  32.6694  128.8431  35.5441  140.1866  0.2007  0.0462  -0.0688  
425  32.6694  128.8431  35.5634  139.6733  0.1831  0.0458  -0.04  
426  32.6694  128.8431  35.5301  140.3182  0.1948  0.0391  -0.0691  
427  32.6694  128.8431  35.5214  139.4678  0.1544  0.041  -0.0113  
428  32.6694  128.8431  35.4826  139.3226  0.1416  0.0407  -0.0263  
429  32.6694  128.8431  35.4478  140.0513  0.1503  0.0348  -0.0663  
430  32.6694  128.8431  35.4153  139.0452  0.1198  0.036  -0.0242  



431  32.6694  128.8431  35.4365  139.6538  0.1415  0.042  -0.0404  
432  32.6694  128.8431  35.4211  140.3374  0.1384  0.0229  -0.0506  
433  32.6694  128.8431  35.3267  139.4661  0.1091  0.0281  -0.016  
434  32.6694  128.8431  35.3049  139.2627  0.1027  0.0286  -0.0111  
435  32.6694  128.8431  35.3117  139.8255  0.108  0.0266  -0.047  
436  32.6694  128.8431  35.3331  140.1468  0.108  0.0225  -0.0555  
437  32.6694  128.8431  35.3216  138.8817  0.096  0.034  -0.027  
438  32.6694  128.8431  35.1659  140.268  0.0585  0.0011  -0.0514  
439  32.6694  128.8431  35.1486  139.1104  0.0721  0.0244  -0.0195  
440  32.6694  128.8431  35.11  138.9019  0.0755  0.0215  -0.0247  
441  32.6694  128.8431  35.1119  140.0793  0.0603  0.0043  -0.0423  
442  32.6694  128.8431  35.0148  138.9979  0.0606  0.0215  -0.0089  
457  32.6694  128.8431  35.7238  139.2681  0.1924  0.0487  -0.0119  
458  32.6694  128.8431  35.6234  138.9759  0.1472  0.0401  -0.0171  
459  32.6694  128.8431  35.6103  139.1572  0.1576  0.0457  -0.01  
460  32.6694  128.8431  35.4285  139.2049  0.1271  0.0315  -0.0122  
461  32.6694  128.8431  35.2671  139.6648  0.0985  0.0236  -0.027  
462  32.6694  128.8431  35.2455  139.0493  0.0909  0.0301  -0.0095  
463  32.6694  128.8431  35.4436  138.4452  0.1063  0.0292  0.0211  
464  32.6694  128.8431  35.4966  138.814  0.1273  0.0363  -0.0206  
465  32.6694  128.8431  35.3621  138.5634  0.0973  0.0333  -0.024  
466  32.6694  128.8431  35.3055  138.7707  0.0982  0.0306  -0.006  
467  32.6694  128.8431  35.2895  138.4457  0.0952  0.0293  -0.0122  
468  32.6694  128.8431  35.201  138.2535  0.0741  0.0229  -0.0083  
469  32.6694  128.8431  35.2032  138.617  0.0817  0.0295  -0.0183  
470  32.6694  128.8431  35.1736  138.7215  0.0805  0.0236  -0.0072  
471  32.6694  128.8431  35.0674  138.5247  0.0677  0.0185  -0.0269  
472  32.6694  128.8431  35.1035  138.3687  0.0733  0.0213  -0.007  
473  32.6694  128.8431  35.1039  138.1349  0.0627  0.0184  0  
493  32.6694  128.8431  35.0446  139.0959  0.0608  0.0185  -0.0161  
494  32.6694  128.8431  35.0406  139.171  0.0662  0.0199  -0.0178  
516  32.6694  128.8431  41.8261  140.7478  0.0842  -0.1244  -0.0004  
517  32.6694  128.8431  41.4664  140.0406  0.1381  -0.1545  0.009  
518  32.6694  128.8431  41.3008  141.2133  0.1285  -0.1829  0.0036  
519  32.6694  128.8431  40.779  140.273  0.2626  -0.2586  0.0148  
520  32.6694  128.8431  40.1335  141.7891  0.6254  -0.639  -0.0691  



521  32.6694  128.8431  39.1106  141.2039  2.3886  -1.2614  -0.205  
522  32.6694  128.8431  39.9679  139.7762  0.4913  -0.3018  0.0325  
523  32.6694  128.8431  39.3987  140.0482  0.8729  -0.4477  0.044  
524  32.6694  128.8431  38.8946  139.8089  0.9663  -0.3425  0.0128  
525  32.6694  128.8431  38.7586  140.3187  1.5092  -0.5226  -0.0335  
526  32.6694  128.8431  38.331  140.3661  1.8073  -0.402  -0.0796  
527  32.6694  128.8431  38.3175  140.9542  3.0505  -0.7792  -0.3016  
528  32.6694  128.8431  37.8007  140.9081  2.6759  -0.3882  -0.317  
529  32.6694  128.8431  37.6437  139.7915  0.9982  -0.0661  -0.0122  
530  32.6694  128.8431  37.0907  140.9025  1.8917  -0.3354  -0.494  
531  32.6694  128.8431  36.5399  140.6118  1.1375  -0.1181  -0.3319  
532  32.6694  128.8431  36.4019  139.7264  0.5081  0.0502  -0.0525  
533  32.6694  128.8431  36.697  138.9063  0.3787  0.0387  0.0003  
534  32.6694  128.8431  36.259  138.8654  0.2699  0.0433  -0.0076  
537  32.6694  128.8431  35.5903  138.5833  0.1275  0.0363  -0.0122  
538  32.6694  128.8431  38.2307  139.5096  0.9217  -0.1622  0.0189  
539  32.6694  128.8431  37.8965  138.9889  0.614  -0.0694  0.0275  
540  32.6694  128.8431  37.3977  138.5744  0.4313  -0.01  0.0189  
634  32.6694  128.8431  41.599  140.3159  0.1181  -0.1435  0.0066  
635  32.6694  128.8431  41.4553  140.8805  0.1218  -0.1673  0.0089  
636  32.6694  128.8431  41.0432  140.6359  0.1991  -0.2258  0.0082  
637  32.6694  128.8431  40.9682  141.368  0.189  -0.2507  0.0001  
638  32.6694  128.8431  40.6251  141.1978  0.3086  -0.3659  0.0032  
639  32.6694  128.8431  40.5776  139.9281  0.3114  -0.2551  0.0259  
640  32.6694  128.8431  40.5237  140.5781  0.3596  -0.3376  0.0077  
641  32.6694  128.8431  40.5154  141.5113  0.3511  -0.4181  -0.0194  
642  32.6694  128.8431  40.2911  141.0765  0.4891  -0.4997  -0.0031  
643  32.6694  128.8431  40.4052  141.7131  0.3997  -0.4617  -0.0326  
644  32.6694  128.8431  40.2912  141.2937  0.4942  -0.5305  -0.0082  
645  32.6694  128.8431  40.0486  141.462  0.7195  -0.6924  -0.0343  
646  32.6694  128.8431  39.9806  141.2251  0.7617  -0.705  -0.0192  
647  32.6694  128.8431  39.8513  141.1649  0.9108  -0.7773  -0.0114  
648  32.6694  128.8431  39.8492  141.8039  1.0294  -0.9296  -0.1439  
649  32.6694  128.8431  39.7011  140.9645  1.0307  -0.7946  -0.0126  
650  32.6694  128.8431  39.5966  141.1721  1.2717  -0.9508  -0.0243  
651  32.6694  128.8431  39.4582  141.9553  2.0745  -1.5924  -0.4662  



652  32.6694  128.8431  39.3381  141.5342  2.1333  -1.4133  -0.2426  
653  32.6694  128.8431  39.2535  141.798  2.7591  -1.8025  -0.5269  
654  32.6694  128.8431  38.8153  140.9906  2.4809  -1.033  -0.1349  
655  32.6694  128.8431  38.7489  140.8016  2.2068  -0.8451  -0.1066  
656  32.6694  128.8431  38.6827  141.4494  4.0742  -1.639  -0.7083  
657  32.6694  128.8431  38.5395  141.1475  3.4506  -1.182  -0.3743  
658  32.6694  128.8431  38.4118  140.8514  2.6609  -0.7323  -0.19  
659  32.6694  128.8431  38.0297  140.844  2.6787  -0.4632  -0.2322  
660  32.6694  128.8431  37.9899  140.4426  1.853  -0.2442  -0.1083  
661  32.6694  128.8431  40.325  140.5773  0.4476  -0.3863  0.0172  
662  32.6694  128.8431  40.2712  140.2637  0.4419  -0.3517  0.0154  
663  32.6694  128.8431  40.2154  140.7873  0.5185  -0.4699  0.0118  
664  32.6694  128.8431  40.2473  140.0487  0.4304  -0.3233  0.0244  
665  32.6694  128.8431  39.9361  140.1324  0.5857  -0.3896  0.0182  
666  32.6694  128.8431  39.7492  140.597  0.8426  -0.5646  -0.0046  
667  32.6694  128.8431  39.6583  140.2342  0.7835  -0.4654  0.0093  
668  32.6694  128.8431  39.5493  140.3866  0.9184  -0.5402  0.0123  
669  32.6694  128.8431  39.327  140.5598  1.201  -0.6684  -0.0177  
670  32.6694  128.8431  39.2061  139.9077  0.8922  -0.3931  0.0267  
671  32.6694  128.8431  39.1642  140.162  1.0778  -0.4999  0.0097  
672  32.6694  128.8431  39.0519  140.6296  1.5664  -0.7545  -0.0889  
673  32.6694  128.8431  39.1856  139.5477  0.7083  -0.2864  0.0338  
674  32.6694  128.8431  38.7597  139.9574  1.14  -0.3704  0.0004  
675  32.6694  128.8431  38.594  139.8318  1.0905  -0.2981  -0.0091  
676  32.6694  128.8431  38.1462  139.7423  1.0717  -0.1687  -0.0165  
677  32.6694  128.8431  37.9636  140.0935  1.3957  -0.1908  -0.0473  
678  32.6694  128.8431  38.1975  140.0776  1.375  -0.2447  -0.0294  
679  32.6694  128.8431  37.6833  140.4665  1.7889  -0.1732  -0.115  
680  32.6694  128.8431  37.5605  140.7551  2.1175  -0.2511  -0.2576  
681  32.6694  128.8431  37.5669  140.0727  1.2255  -0.0609  -0.0806  
682  32.6694  128.8431  37.4735  139.5286  0.7959  -0.0362  -0.0171  
683  32.6694  128.8431  37.3255  140.6621  1.7814  -0.201  -0.2628  
684  32.6694  128.8431  37.3028  139.3644  0.6752  -0.0076  -0.0143  
685  32.6694  128.8431  37.2815  139.5038  0.7293  -0.007  -0.0186  
686  32.6694  128.8431  37.2611  139.8714  0.9532  -0.0192  -0.0644  
687  32.6694  128.8431  37.1263  140.2599  1.2074  -0.0538  -0.093  



688  32.6694  128.8431  37.0893  140.5616  1.4984  -0.1556  -0.2556  
689  32.6694  128.8431  36.8621  140.4133  1.1944  -0.0846  -0.188  
690  32.6694  128.8431  36.6506  140.2934  0.9502  -0.0359  -0.1402  
691  32.6694  128.8431  36.8003  140.7539  1.4859  -0.2065  -0.4572  
692  32.6694  128.8431  36.3649  140.0779  0.6549  0.0306  -0.1166  
693  32.6694  128.8431  36.3444  140.4763  0.8871  -0.0465  -0.246  
694  32.6694  128.8431  36.8542  140.0393  0.897  0.001  -0.0804  
695  32.6694  128.8431  36.666  139.6192  0.5741  0.0471  -0.0424  
696  32.6694  128.8431  36.599  139.9235  0.668  0.032  -0.078  
697  32.6694  128.8431  36.7697  139.2249  0.4777  0.0411  -0.0227  
698  32.6694  128.8431  36.508  138.5527  0.2807  0.0472  -0.0046  
699  32.6694  128.8431  36.4216  139.3304  0.4115  0.0608  -0.0179  
700  32.6694  128.8431  35.9869  139.0757  0.2416  0.0516  -0.0075  
701  32.6694  128.8431  35.896  139.796  0.3266  0.0584  -0.0551  
702  32.6694  128.8431  35.6572  140.0481  0.1834  0.0244  -0.0972  
703  32.6694  128.8431  35.2432  140.3849  0.072  -0.0005  -0.0747  
704  32.6694  128.8431  35.0028  139.9749  0.0479  0.0006  -0.0442  
705  32.6694  128.8431  35.6637  139.6307  0.2104  0.056  -0.0514  
706  32.6694  128.8431  35.3362  139.1626  0.1068  0.0328  -0.0132  
707  32.6694  128.8431  35.2686  139.1424  0.0955  0.0279  -0.0256  
708  32.6694  128.8431  38.4654  139.2534  0.7415  -0.1699  0.0279  
709  32.6694  128.8431  38.3194  138.5131  0.4723  -0.0842  0.0312  
710  32.6694  128.8431  38.0633  138.4717  0.46  -0.0541  0.0289  
711  32.6694  128.8431  37.9294  139.3515  0.8097  -0.09  0.0122  
712  32.6694  128.8431  37.8159  138.2731  0.4038  -0.0369  0.0162  
713  32.6694  128.8431  37.6859  139.4779  0.8226  -0.0585  -0.0034  
714  32.6694  128.8431  37.6675  138.7805  0.5169  -0.0357  0.0178  
715  32.6694  128.8431  37.6623  139.0591  0.6327  -0.0428  0.0173  
716  32.6694  128.8431  37.4677  138.998  0.5739  -0.0164  0.0191  
717  32.6694  128.8431  37.3113  138.79  0.4841  0.0025  0.0151  
718  32.6694  128.8431  37.2311  138.3336  0.3562  0.0053  0.0155  
719  32.6694  128.8431  37.166  138.9337  0.5038  0.0135  -0.0089  
720  32.6694  128.8431  37.1608  138.1002  0.3104  0.0057  0.0009  
721  32.6694  128.8431  37.0791  138.6087  0.3909  0.0128  0.0067  
723  32.6694  128.8431  36.9935  138.8308  0.4357  0.0278  -0.0019  
724  32.6694  128.8431  36.8654  138.1987  0.2839  0.0214  -0.0046  



739  32.6694  128.8431  35.856  138.3164  0.1498  0.0336  -0.0041  
740  32.6694  128.8431  35.7469  138.6951  0.1616  0.0429  -0.0169  
741  32.6694  128.8431  36.8017  138.4362  0.3221  0.0215  -0.0201  
743  32.6694  128.8431  36.6652  138.2475  0.2644  0.0287  0.0178  
744  32.6694  128.8431  36.3862  138.3225  0.2289  0.0331  0.0106  
745  32.6694  128.8431  36.346  138.6378  0.2627  0.0476  0.0015  
747  32.6694  128.8431  36.2085  138.2165  0.1972  0.032  -0.0045  
748  32.6694  128.8431  36.1306  138.461  0.2059  0.041  0.0017  
751  32.6694  128.8431  35.5561  138.0383  0.1001  0.0258  -0.0001  
995  32.6694  128.8431  41.9767  140.7154  0.0748  -0.1113  -0.0071  
996  32.6694  128.8431  41.803  140.0712  0.1014  -0.1232  -0.0011  
999  32.6694  128.8431  41.4047  141.4476  0.1081  -0.1609  0.0049  
1000  32.6694  128.8431  41.1851  140.4908  0.1762  -0.1996  0.0036  
1001  32.6694  128.8431  41.1456  140.822  0.1715  -0.2094  -0.0019  
1002  32.6694  128.8431  40.8624  141.1318  0.2327  -0.2864  -0.0062  
1003  32.6694  128.8431  40.7063  140.5892  0.2871  -0.2938  -0.0014  
1004  32.6694  128.8431  40.6764  141.3762  0.2804  -0.3468  -0.0058  
1005  32.6694  128.8431  40.6243  140.4785  0.3181  -0.3016  0.005  
1006  32.6694  128.8431  40.6436  140.8033  0.3234  -0.3381  -0.0176  
1007  32.6694  128.8431  40.9102  140.4516  0.231  -0.2405  0.0075  
1008  32.6694  128.8431  39.9531  141.0663  0.7533  -0.6774  -0.0202  
1009  32.6694  128.8431  39.3513  140.7692  1.3341  -0.8133  -0.0395  
1010  32.6694  128.8431  39.5961  141.6753  1.5391  -1.2088  -0.1856  
1011  32.6694  128.8431  38.4251  141.2129  3.8001  -1.1589  -0.5235  
1012  32.6694  128.8431  38.3012  141.5007  5.0595  -1.5274  -1.1578  
1013  32.6694  128.8431  39.8911  139.8489  0.5282  -0.3189  0.0234  
1014  32.6694  128.8431  39.8258  140.0447  0.6217  -0.3913  0.0169  
1015  32.6694  128.8431  39.7027  140.7329  0.9393  -0.6385  -0.0108  
1016  32.6694  128.8431  39.1991  140.5067  1.2854  -0.6515  -0.0206  
1017  32.6694  128.8431  39.016  139.9275  1.0014  -0.3931  0.0031  
1018  32.6694  128.8431  38.4968  140.3651  1.7241  -0.4595  -0.0637  
1019  32.6694  128.8431  38.1481  140.2711  1.6207  -0.2769  -0.0673  
1020  32.6694  128.8431  37.6159  140.2056  1.3929  -0.0672  -0.1131  
1021  32.6694  128.8431  37.6207  140.3729  1.611  -0.1392  -0.0789  
1022  32.6694  128.8431  37.4245  140.1359  1.2266  -0.0414  -0.0796  
1023  32.6694  128.8431  37.0973  139.5862  0.7232  0.0137  -0.0327  



1024  32.6694  128.8431  38.0562  139.4617  0.8815  -0.1168  0.0124  
1025  32.6694  128.8431  38.0237  138.3699  0.4364  -0.0498  0.0241  
1026  32.6694  128.8431  37.5358  138.7069  0.4803  -0.0228  0.023  
1027  32.6694  128.8431  37.3485  138.5164  0.4117  -0.0017  0.008  
1028  32.6694  128.8431  37.3199  139.0203  0.5607  -0.0016  -0.0034  
1029  32.6694  128.8431  37.0567  138.2426  0.3126  0.0177  -0.014  
1031  32.6694  128.8431  37.7521  139.0739  0.6426  -0.0504  0.0176  
1041  32.6694  128.8431  36.743  140.4976  1.186  -0.1097  -0.2567  
1042  32.6694  128.8431  36.3007  139.9878  0.5829  0.046  -0.1054  
1043  32.6694  128.8431  36.1148  139.9315  0.4669  0.0609  -0.0682  
1044  32.6694  128.8431  36.0313  140.2024  0.5136  0.0492  -0.1058  
1045  32.6694  128.8431  36.9523  140.1648  1.0373  -0.0227  -0.1072  
1046  32.6694  128.8431  36.9796  139.8057  0.7944  0.0183  -0.0567  
1047  32.6694  128.8431  36.7764  139.8543  0.7205  0.0268  -0.0483  
1048  32.6694  128.8431  36.6925  140.1577  0.8827  -0.0078  -0.1139  
1049  32.6694  128.8431  36.6242  139.4906  0.5191  0.0538  -0.0355  
1050  32.6694  128.8431  36.5422  140.1793  0.8027  -0.0081  -0.1337  
1051  32.6694  128.8431  36.6163  138.5915  0.3077  0.0402  -0.0063  
1052  32.6694  128.8431  36.2347  139.0666  0.291  0.05  -0.0044  
1053  32.6694  128.8431  36.1427  138.9124  0.2571  0.0458  -0.0198  
1066  32.6694  128.8431  35.6495  138.6904  0.1466  0.0413  -0.0059  
1067  32.6694  128.8431  35.5119  139.0258  0.132  0.0405  -0.0071  
1070  32.6694  128.8431  36.2847  138.4993  0.2367  0.0451  -0.0009  
1072  32.6694  128.8431  36.0262  138.2145  0.1662  0.0361  -0.0131  
1073  32.6694  128.8431  35.9742  138.583  0.1887  0.0465  -0.0208  
1081  32.6694  128.8431  35.2044  138.9283  0.0876  0.0251  -0.0075  
1086  32.6694  128.8431  35.0472  138.9069  0.0642  0.0175  -0.0153  
1087  32.6694  128.8431  36.1036  140.0863  0.5123  0.052  -0.0875  
1207  32.6694  128.8431  36.5393  139.0567  0.3767  0.0513  -0.0104  
1208  32.6694  128.8431  36.0037  139.2693  0.2653  0.0587  -0.0217  
1209  32.6694  128.8431  35.8841  139.1822  0.2245  0.0524  -0.0281  
1210  32.6694  128.8431  35.8008  139.366  0.2275  0.0509  -0.0234  
1211  32.6694  128.8431  35.2884  140.2492  0.0922  0.0131  -0.0746  
1212  32.6694  128.8431  35.6164  139.3699  0.1745  0.0445  -0.0271  
1213  32.6694  128.8431  35.1609  139.6138  0.0796  0.0172  -0.0327  
1232  32.6694  128.8431  35.2707  138.6277  0.0917  0.0265  -0.0158  
1233  32.6694  128.8431  35.3197  138.5886  0.0959  0.0293  -0.0352  
1249  32.6694  128.8431  41.9348  140.3712  0.0832  -0.1147  0.0024  
1250  32.6694  128.8431  39.849  141.4526  0.9771  -0.8521  -0.0555  
1251  32.6694  128.8431  39.127  140.9885  1.9108  -1.0313  -0.1008  
1252  32.6694  128.8431  37.9844  140.6456  2.2292  -0.3321  -0.1597  
1253  32.6694  128.8431  40.045  140.8229  0.6274  -0.5475  0.0026  
1254  32.6694  128.8431  38.4343  140.0946  1.3641  -0.329  -0.0344  
1255  32.6694  128.8431  37.0185  140.8416  1.7113  -0.3064  -0.5028  
1256  32.6694  128.8431  37.0369  139.4022  0.62  0.0127  -0.0331  
1257  32.6694  128.8431  36.7781  138.9448  0.4114  0.0365  -0.0002  
1258  32.6694  128.8431  38.289  140.1999  1.5136  -0.3106  -0.0364  
1259  32.6694  128.8431  35.4193  139.5219  0.1326  0.0395  -0.0235  
1260  32.6694  128.8431  37.8282  139.226  0.7319  -0.0689  0.0081  
1261  32.6694  128.8431  37.777  138.8804  0.5507  -0.0503  0.0202  
1262  32.6694  128.8431  37.4987  138.7795  0.5023  -0.0172  0.0218  
1263  32.6694  128.8431  35.6737  138.4568  0.1301  0.0359  -0.0091  
1264  32.6694  128.8431  37.5897  138.9203  0.5662  -0.0266  0.0244  
1267  32.6694  128.8431  35.1142  138.9739  0.0712  0.0233  -0.0179  
1269  32.6694  128.8431  35.1172  138.61  0.0707  0.0246  -0.0132  
1270  32.6694  128.8431  35.067  138.21  0.0734  0.0177  -0.0069  
1271  32.6694  128.8431  35.0449  138.0817  0.0625  0.0189  -0.0148  
1292  32.6694  128.8431  36.4591  138.0524  0.214  0.0347  -0.0068  
1293  32.6694  128.8431  36.1057  140.0875  0.5137  0.052  -0.0917  

