# lon lat e n site
139.547653 39.185562 0.859105 019B
174.076263 52.714619 0.000669 AC60
116.989998 30.620001 0.005201 AHAQ
117.300003 32.900002 0.006320 AHBB
130.600006 31.823999 0.014099 AIRA
100.612396 14.079448 0.001315 AITB
126.135002 36.674000 0.021551 ANHN
102.234985 51.769707 0.003452 BADG
128.975998 36.164001 0.029609 BHAO
115.891998 39.609001 0.007988 BJFS
117.160004 40.689999 0.008933 BJGB
116.220001 40.250000 0.008255 BJSH
115.970001 40.369999 0.008116 BJYQ
127.730003 36.487999 0.025974 BOEN
127.714996 37.993999 0.029299 CCHN
142.199997 27.070000 0.001534 CCJ2
125.444000 43.791000 0.019820 CHAN
127.710999 37.868999 0.029062 CHCN
127.154999 36.877998 0.024998 CHEN
126.529999 33.514000 0.015223 CHJU
127.415001 38.164001 0.028359 CHLW
128.477997 35.533001 0.025479 CHNG
129.056000 36.436001 0.030971 CHSG
125.440002 43.790001 0.019813 CHUN
128.692993 35.236000 0.025060 CHWN
126.801003 36.459000 0.022977 CHYG
127.460999 36.626999 0.025424 CNJU
145.742996 15.230000 0.001041 CNMR
108.489998 30.770000 0.003933 CQWZ
100.533936 13.735914 0.001289 CUSV
127.374001 36.398998 0.024572 DAEJ
126.602997 34.098000 0.016773 DANG
103.005463 21.427616 0.001950 DIEB
97.377998 37.381001 0.003110 DLHA
131.869995 37.238998 0.055620 DOKD
127.060997 37.902000 0.026619 DOND
106.794861 20.694448 0.001883 DOSN
100.200996 40.984001 0.003639 DXIN
125.968002 36.125000 0.020067 EOCH
119.769997 25.500000 0.003176 FJPT
117.989998 27.620001 0.004031 FJWY
120.019997 26.879999 0.003718 FJXP
142.080902 37.166111 4.737330 FUKU
135.928299 33.877003 0.039713 G000
135.087646 35.419525 0.073263 G001
135.340698 35.333458 0.074500 G002
135.634216 35.155182 0.073073 G003
135.219940 34.326462 0.047270 G004
134.376114 34.760426 0.050552 G006
136.041901 34.710644 0.063038 G007
136.173141 34.493874 0.057031 G008
136.002640 34.292927 0.050272 G009
135.854797 34.241966 0.048292 G010
135.554001 33.940796 0.040281 G011
135.882095 33.668758 0.035226 G012
135.533844 33.658344 0.034661 G013
134.195267 35.529858 0.063681 G014
133.495132 35.506935 0.055226 G015
133.869751 35.493202 0.059096 G016
134.155945 35.340591 0.059541 G017
132.921997 35.491909 0.049449 G018
133.192093 35.310692 0.049472 G019
132.902695 35.309727 0.047002 G020
132.669006 35.233078 0.044258 G021
132.385559 35.031902 0.040116 G022
132.685165 34.856747 0.040098 G023
132.109467 34.777946 0.036033 G024
131.810318 34.624344 0.033222 G025
133.680756 35.282959 0.053577 G026
133.912689 35.105026 0.052813 G027
133.800446 34.738079 0.045902 G028
133.972595 34.590286 0.044724 G029
132.902100 35.035213 0.043616 G030
132.908112 34.633671 0.038862 G031
133.341293 34.612202 0.041109 G032
133.140182 34.515621 0.038732 G033
132.691956 34.184635 0.032926 G035
132.531631 34.069233 0.031175 G036
131.735321 34.195274 0.029432 G037
132.052734 34.090061 0.029673 G038
131.113037 34.020523 0.026229 G039
132.119965 33.845917 0.027856 G040
134.457306 33.993687 0.037609 G041
134.211166 33.934563 0.035800 G042
134.175980 34.478535 0.044169 G044
133.899384 34.325920 0.040218 G045
133.350693 33.974171 0.033171 G046
133.047394 33.884090 0.031110 G047
132.798523 33.642731 0.027966 G048
132.743683 33.305054 0.024819 G049
132.633636 33.096088 0.022918 G050
133.531021 33.625805 0.029732 G051
133.154495 33.607021 0.028549 G052
134.099319 33.497108 0.029562 G053
133.089539 33.416664 0.026520 G054
134.205536 33.394894 0.028497 G055
132.972137 33.193138 0.024258 G056
132.831467 32.961067 0.022122 G058
132.555435 32.738613 0.020157 G059
130.722427 33.929722 0.024622 G060
130.971115 33.867008 0.024875 G061
130.296906 33.683071 0.022287 G062
130.675674 33.579769 0.022521 G063
130.995422 33.564732 0.023100 G064
130.079269 33.503036 0.020964 G065
130.097214 33.292004 0.019994 G066
129.862946 33.073387 0.018651 G067
129.958954 32.768307 0.017469 G068
130.621765 33.060135 0.019678 G069
130.872650 32.995934 0.019703 G070
130.748367 32.709232 0.018099 G071
130.827347 32.396080 0.016687 G073
130.179886 32.367409 0.016022 G074
130.656494 32.343513 0.016312 G075
130.986389 32.292397 0.016326 G076
131.521149 33.514332 0.023899 G077
131.291672 33.383755 0.022597 G078
131.748413 33.096195 0.021565 G079
132.039047 32.936356 0.020928 G080
131.441528 32.898895 0.019926 G081
131.629227 32.852222 0.019884 G082
131.364700 32.527931 0.017790 G083
131.583023 32.316231 0.016843 G084
131.347488 32.111889 0.015692 G085
131.254456 32.001804 0.015135 G086
130.976959 31.877796 0.014475 G087
131.470062 31.785973 0.014229 G088
130.735672 31.743780 0.013835 G089
130.998306 31.564604 0.013200 G090
130.340057 31.450253 0.012616 G091
130.540588 31.377237 0.012408 G092
130.867111 31.242748 0.011973 G093
127.993683 26.386345 0.003126 G094
127.760361 26.312714 0.003093 G095
127.677628 26.194576 0.003000 G096
153.978653 24.290094 0.009564 G098
137.550842 36.114304 0.181618 G099
138.727310 35.360771 0.146996 G100
140.858307 43.209526 0.063266 G101
139.489197 42.078789 0.155614 G102
140.859207 40.897495 0.389019 G103
139.703461 39.942116 0.638870 G104
139.545959 38.563339 1.004560 G105
140.249451 35.129383 0.105060 G107
139.615540 35.160152 0.128102 G108
138.281250 37.814758 0.454105 G109
138.508514 37.356544 0.457946 G110
136.900330 37.405727 0.229923 G111
136.148849 36.254585 0.127885 G112
139.132965 34.895485 0.090371 G113
138.764206 34.806900 0.083066 G114
138.327408 34.870670 0.088277 G115
136.823837 34.903965 0.077899 G116
135.191544 34.144146 0.043262 G117
134.315933 35.593685 0.066543 G118
131.604645 34.627590 0.032341 G119
133.243500 33.333500 0.026032 G120
129.849289 33.473080 0.020406 G121
134.178116 33.266125 0.026902 G122
130.191071 32.017410 0.014637 G123
127.824677 26.179472 0.002965 G124
132.982178 32.869484 0.021565 G125
132.810654 32.762100 0.020567 G126
137.814484 35.777534 0.162164 G127
136.728745 35.405132 0.101533 G128
136.431931 34.603333 0.062317 G129
135.589935 33.747604 0.036443 G130
133.940872 33.722511 0.032021 G131
133.043228 33.545834 0.027660 G132
132.488770 33.039463 0.022270 G133
132.922653 33.391029 0.025931 G134
133.699570 35.490398 0.057149 G135
137.636871 34.702118 0.073896 G136
131.384033 33.078835 0.020904 G137
137.595978 36.576969 0.229308 G138
136.540482 34.285072 0.052076 G139
136.081070 20.425549 0.000913 G140
132.961685 33.103912 0.023472 G141
132.675827 32.927689 0.021671 G142
136.295578 34.930733 0.073276 G143
138.794662 34.970566 0.099266 G144
141.283188 38.901936 3.522050 G145
135.426102 34.085499 0.042950 G146
131.835007 34.043789 0.028574 G147
136.728226 34.490002 0.059886 G148
136.693192 34.296612 0.052908 G149
140.898788 42.557934 0.096227 G150
132.650330 34.492138 0.035935 G151
133.924103 33.622295 0.030711 G152
134.114166 33.774574 0.033219 G153
135.305313 33.769405 0.036318 G154
135.970596 33.660805 0.035120 G155
136.024353 33.820427 0.038582 G156
132.339813 34.397049 0.033539 G157
136.772705 37.000721 0.198111 G158
141.054657 39.362015 2.056961 G159
137.723373 34.672314 0.072550 G160
137.442459 34.680382 0.071790 G161
139.533829 38.511196 1.001778 G162
139.276184 36.602337 0.504322 G163
132.268814 34.575432 0.034918 G164
141.685333 45.407822 0.014336 G201
144.285797 44.019413 0.006347 G202
144.371399 42.975571 0.009062 G203
140.724533 41.781658 0.178362 G204
141.753250 39.019775 4.573542 G205
139.824921 34.918789 0.081705 G206
137.224579 36.762173 0.215393 G207
135.773193 33.475948 0.031505 G208
132.066208 34.897312 0.036914 G209
129.866196 32.735119 0.017223 G210
131.409302 31.576969 0.013313 G211
127.665207 26.213327 0.003018 G212
142.194611 27.093943 0.001542 G213
126.042999 34.460999 0.016659 GASA
113.589996 24.850000 0.002996 GDSG
116.599998 23.420000 0.002668 GDST
113.570000 22.280001 0.002320 GDZH
110.300003 21.150000 0.001990 GDZJ
127.321999 34.007999 0.017787 GEOM
131.015564 30.556448 0.009684 GMSD
127.943001 35.667999 0.024269 GOCH
127.787003 36.816002 0.027037 GSAN
105.760002 35.529999 0.004289 GSJN
106.589996 35.549999 0.004486 GSPL
106.209999 34.750000 0.004267 GSQS
105.910004 34.480000 0.004156 GSTS
144.869995 13.590000 0.000597 GUAM
113.339996 23.180000 0.002535 GUAN
144.800003 13.430000 0.000568 GUUG
109.209999 21.650000 0.002053 GXBH
108.040001 24.690001 0.002547 GXHC
108.150002 22.570000 0.002176 GXNN
111.230003 23.480000 0.002500 GXWZ
107.730003 27.980000 0.003187 GZFG
106.669998 26.469999 0.002772 GZGY
127.709000 35.161999 0.022050 HADG
114.519997 35.660000 0.006497 HAHB
112.449997 35.160000 0.005832 HAJY
114.029999 32.849998 0.005529 HAQS
109.489998 30.280001 0.003994 HBES
112.169998 31.120001 0.004695 HBJM
112.040001 32.000000 0.004923 HBXF
110.970001 30.830000 0.004403 HBZG
115.839996 40.880001 0.008074 HECC
117.919998 41.020000 0.009580 HECD
116.930000 38.459999 0.008406 HECX
114.309998 38.250000 0.007039 HELQ
114.709999 37.400002 0.007014 HELY
118.300003 39.740002 0.009821 HETS
114.160004 40.130001 0.007232 HEYY
114.900002 40.830002 0.007593 HEZJ
125.204002 34.710999 0.015720 HGDO
110.250000 19.990000 0.001797 HIHK
109.529999 18.240000 0.001555 HISY
114.335373 22.434282 0.002379 HKWS
119.739998 49.270000 0.007326 HLAR
134.279999 48.369999 0.015098 HLFY
130.240005 47.349998 0.018096 HLHG
126.139999 48.669998 0.011772 HLWD
109.800003 27.879999 0.003436 HNMY
129.567001 36.077999 0.031832 HOMI
128.194000 37.709000 0.030807 HONC
126.620003 45.700001 0.018351 HRBN
139.542297 36.295162 0.484389 I001
140.174271 36.263268 0.736382 I002
139.810532 36.203671 0.537719 I003
140.544479 36.181309 0.899872 I004
139.345169 36.120953 0.374526 I005
140.343155 36.096935 0.713007 I006
139.636719 36.087227 0.431427 I007
139.799927 36.010895 0.443745 I008
140.659241 35.955456 0.762627 I009
140.402954 35.970409 0.643263 I010
139.464279 35.925503 0.333771 I011
139.992722 35.940292 0.464697 I012
139.651855 35.937469 0.374730 I013
140.145493 35.873650 0.471185 I014
140.407013 35.803329 0.502878 I015
139.812805 35.780212 0.340184 I016
140.024750 35.786465 0.386206 I018
139.488266 35.710369 0.267082 I019
140.315140 35.717453 0.407932 I020
140.646820 35.777302 0.557680 I021
140.837234 35.726357 0.532291 I022
139.902359 35.675465 0.307123 I023
140.448303 35.642353 0.375821 I024
140.186569 35.544144 0.275135 I025
139.673355 35.563404 0.237629 I026
140.318237 35.530117 0.278150 I027
139.467834 35.521408 0.210085 I028
139.322571 35.482639 0.192076 I029
140.051331 35.447784 0.219325 I030
139.045181 35.415352 0.166132 I031
139.653748 35.436485 0.196612 I032
140.337372 35.421127 0.215211 I033
139.466064 35.326683 0.161941 I034
139.262695 35.304901 0.152385 I035
139.825516 35.311703 0.165583 I036
140.146790 35.333141 0.174821 I037
138.881653 35.321602 0.145523 I038
139.843567 35.143711 0.122653 I039
140.268021 35.165901 0.114062 I041
139.110443 35.148605 0.123623 I042
138.901855 35.110016 0.116296 I043
140.079269 35.111862 0.108909 I044
139.954346 35.254807 0.149650 I045
138.997925 35.014828 0.104878 I046
139.864075 34.954082 0.085912 I047
139.131165 34.939308 0.095528 I048
138.924820 34.916115 0.093493 I049
137.672333 34.835331 0.081973 I050
139.381393 34.784420 0.075011 I051
138.017532 34.785950 0.080723 I052
138.989822 34.751350 0.076636 I053
139.433212 34.686787 0.064153 I055
139.257904 34.371826 0.043860 I057
139.134460 34.200478 0.036832 I058
139.503845 34.121067 0.027304 I059
139.547150 34.059113 0.024434 I060
139.013687 34.921822 0.093926 I061
139.124359 34.878475 0.088507 I062
139.268127 35.723759 0.247717 I063
138.975861 35.623348 0.201966 I064
139.157227 35.610275 0.211165 I065
139.204865 35.428520 0.174876 I066
139.664841 35.267094 0.151858 I067
139.049332 35.245514 0.137587 I068
138.445251 35.443581 0.149266 I069
138.814041 35.496590 0.170752 I070
138.563431 35.362080 0.142489 I071
138.770676 35.305538 0.140380 I072
138.445694 35.289463 0.130660 I073
138.253510 35.200977 0.117344 I074
138.616989 35.203182 0.123975 I075
138.721542 35.173592 0.122077 I076
138.524704 35.067406 0.107664 I077
138.368698 35.103458 0.109485 I078
138.134903 35.103912 0.106431 I079
138.378296 34.990524 0.098902 I081
137.695236 35.079292 0.098466 I084
138.786057 34.776073 0.080213 I085
138.838425 34.610001 0.066139 I086
138.074860 34.939796 0.092234 I088
137.932144 34.843857 0.084253 I089
137.817947 34.941345 0.090123 I090
138.136917 34.757755 0.079164 I091
138.225601 34.738308 0.077958 I092
138.053543 34.715252 0.076100 I093
138.129288 34.642902 0.071488 I094
137.937439 34.670422 0.073023 I095
137.911270 34.755394 0.078274 I096
137.791794 34.792835 0.080083 I097
137.823425 34.671883 0.072836 I098
137.575485 34.937675 0.087544 I099
137.434006 34.864815 0.081835 I102
137.554337 34.808727 0.079538 I103
137.514938 34.718052 0.074176 I104
139.171036 35.040627 0.108471 I105
139.797241 33.119949 0.010579 I113
126.685997 37.419998 0.024535 INCH
128.171005 38.069000 0.031417 INJE
104.316177 52.219021 0.003679 IRKJ
104.316238 52.219025 0.003679 IRKM
104.316002 52.219002 0.003679 IRKT
141.750443 45.402992 0.013972 J001
143.224182 44.433685 0.009329 J002
141.756317 44.397949 0.022882 J003
144.675842 43.915691 0.006669 J004
144.449005 43.507858 0.007476 J005
142.482483 43.589657 0.024105 J007
141.510376 43.854012 0.034324 J008
145.129623 43.070080 0.009009 J009
144.431931 42.963261 0.009078 J010
143.459229 43.028625 0.014968 J011
142.401978 42.980515 0.036799 J012
141.030914 43.177853 0.061361 J013
141.730667 42.983253 0.053376 J014
143.331009 42.321594 0.025526 J015
142.364609 42.356903 0.058516 J016
139.857666 42.450733 0.121956 J017
140.942413 42.374214 0.108503 J018
143.156525 42.005856 0.038604 J019
139.519592 42.153545 0.148656 J020
140.107330 42.008076 0.160385 J021
140.747833 41.826073 0.171556 J022
140.040649 41.466377 0.235916 J023
141.213272 41.300774 0.252495 J024
140.272980 40.778984 0.410463 J026
141.789093 40.133450 1.054831 J027
141.939957 39.572384 2.485129 J028
141.203918 39.110626 2.832526 J029
139.776154 39.967903 0.648147 J030
140.048233 39.398697 1.049968 J031
139.808853 38.894604 1.123758 J032
140.318741 38.758595 1.732436 J033
140.366089 38.331028 1.978868 J035
141.441162 38.449196 5.100962 J036
140.954178 38.317486 3.338118 J037
140.908081 37.800671 2.909752 J038
139.791504 37.643696 1.115631 J040
140.902512 37.090714 2.026753 J041
140.611832 36.539928 1.242136 J042
139.726425 36.401848 0.592599 J043
138.906265 36.697025 0.431364 J044
138.865402 36.259033 0.325398 J045
137.851120 36.499767 0.243683 J046
137.943802 35.923580 0.184331 J047
138.583298 35.590336 0.174854 J048
139.509567 38.230690 0.994486 J049
138.988861 37.896469 0.681914 J050
138.574402 37.397678 0.479896 J051
137.487228 36.928959 0.251859 J052
136.889160 37.382374 0.227775 J053
136.649933 36.663410 0.171223 J054
136.172974 36.231174 0.127658 J055
136.105804 35.602562 0.097643 J056
135.233383 35.549904 0.079214 J057
137.347916 36.135994 0.172405 J058
137.248367 35.800484 0.141201 J059
136.900024 35.526073 0.112225 J060
137.467575 35.396767 0.117459 J061
136.158234 35.094727 0.077915 J062
137.041290 35.128109 0.092051 J063
136.502289 34.758999 0.068658 J064
136.851135 34.465389 0.059501 J065
136.198364 34.060658 0.044683 J066
135.500977 34.837997 0.062056 J067
135.851410 34.392300 0.052257 J068
135.221497 34.157684 0.043668 J069
135.764420 33.483360 0.031636 J070
134.550385 34.784813 0.052414 J071
133.058655 35.433876 0.049935 J074
132.208969 35.002811 0.038738 J075
131.610367 34.616493 0.032278 J076
133.527985 34.548798 0.041358 J077
132.575439 34.340355 0.034016 J078
130.913635 33.996555 0.025525 J079
134.023911 34.286026 0.040256 J080
134.626022 33.926857 0.037137 J081
134.122131 33.315895 0.027404 J082
133.578262 33.529148 0.028771 J083
133.241791 33.272900 0.025447 J084
132.966415 32.755737 0.020659 J085
132.281174 33.469009 0.025220 J086
130.476776 33.730721 0.022923 J087
131.691376 33.461544 0.023901 J088
130.967819 33.331085 0.021687 J089
131.876373 32.924587 0.020641 J090
129.850296 33.476070 0.020421 J091
130.645599 32.546410 0.017222 J093
131.632324 32.445446 0.017566 J094
131.469681 32.021755 0.015317 J095
130.190140 32.013245 0.014621 J096
130.466446 31.503769 0.012842 J097
130.299484 31.264591 0.011971 J098
131.087540 31.258533 0.012039 J099
127.768921 26.144814 0.002943 J100
142.169739 45.335827 0.011835 J101
141.038208 45.275967 0.019480 J102
142.537094 45.002399 0.011301 J103
141.741394 44.892460 0.017899 J104
142.265244 44.728497 0.015006 J105
141.330063 44.427048 0.026864 J106
142.625595 44.294567 0.015055 J107
144.029770 44.063873 0.006600 J108
145.186096 44.019184 0.006912 J109
142.151688 44.006779 0.023221 J110
143.333694 44.005619 0.010406 J111
143.926941 42.894516 0.010839 J112
144.986969 43.549397 0.007756 J113
143.787262 43.848896 0.008016 J114
145.131439 43.661823 0.007601 J115
144.774323 43.408688 0.007929 J116
141.431183 43.404678 0.046287 J117
145.114960 43.382526 0.008229 J118
145.801132 43.366852 0.007969 J119
140.597076 43.292583 0.064275 J120
143.562424 43.289471 0.012018 J121
144.325027 43.232933 0.008272 J122
143.298019 43.231995 0.015598 J123
144.126526 43.120609 0.008987 J124
144.843018 43.057594 0.008951 J125
140.499176 43.056828 0.075964 J126
140.543945 42.985252 0.078707 J127
141.290329 42.971378 0.064368 J128
140.883347 42.857887 0.078778 J129
140.603516 42.802719 0.087388 J130
140.233200 42.786434 0.094512 J131
141.863983 42.729443 0.059568 J132
142.295807 42.727238 0.046727 J133
143.103256 42.699268 0.025242 J134
141.074951 42.667877 0.084882 J135
141.602264 42.655529 0.070840 J136
140.825684 42.646290 0.092193 J137
143.461151 42.551647 0.019338 J138
141.361481 42.549801 0.084015 J139
140.354202 42.494362 0.112167 J140
142.060226 42.481281 0.064276 J141
142.567459 42.247726 0.055009 J142
140.250488 42.243679 0.134706 J143
142.935394 42.130936 0.043921 J144
140.003952 42.130848 0.148519 J145
140.568863 42.098606 0.143187 J146
140.805542 42.042969 0.143344 J147
140.315887 41.599026 0.213429 J149
140.880508 41.455299 0.229843 J150
140.635895 41.043221 0.337199 J151
141.367966 40.968243 0.349952 J152
141.197830 40.625069 0.526562 J153
139.928116 40.577644 0.448334 J154
140.578140 40.523655 0.542393 J155
141.511276 40.515358 0.604748 J156
141.076477 40.291077 0.767993 J157
141.713135 40.405201 0.699775 J158
141.293686 40.291149 0.800485 J159
141.461945 40.048599 1.138156 J160
141.225067 39.980576 1.158738 J161
141.950546 39.869370 1.610205 J162
141.164856 39.851246 1.317923 J163
141.803848 39.849174 1.615791 J164
140.964508 39.701092 1.407770 J165
141.172104 39.596573 1.749297 J166
141.955261 39.458160 2.953013 J167
141.534164 39.338055 2.796746 J169
141.798035 39.253517 3.576607 J170
141.739853 39.023781 4.502448 J171
141.572586 38.902859 4.412838 J172
140.990585 38.815342 2.959771 J173
140.801636 38.748936 2.614694 J174
141.449371 38.682697 4.654587 J175
141.147537 38.539482 3.804992 J176
140.851364 38.411758 3.027689 J177
140.642853 38.205742 2.537779 J178
140.843994 38.029659 2.948275 J179
140.442581 37.989929 2.069957 J180
140.577347 40.325047 0.653438 J181
140.263657 40.271156 0.623747 J182
140.787338 40.215439 0.773036 J183
140.048676 40.247295 0.592464 J184
140.401993 40.006878 0.816593 J185
140.132370 39.936054 0.770199 J186
140.597046 39.749161 1.112870 J187
140.234207 39.658310 0.988233 J188
140.386627 39.549294 1.163350 J189
140.559784 39.327003 1.523664 J190
139.907715 39.206062 1.063231 J191
140.161987 39.164211 1.284423 J192
140.629593 39.051903 1.926746 J193
139.547653 39.185562 0.859105 J194
139.957367 38.759720 1.302758 J195
139.831772 38.594036 1.230283 J196
139.742249 38.146175 1.176531 J197
140.093521 37.963608 1.527433 J198
140.077576 38.197544 1.544118 J199
140.466492 37.683308 1.935411 J200
140.755081 37.560555 2.311279 J201
140.072678 37.566948 1.353214 J202
141.006607 37.533691 2.821481 J203
139.528625 37.473461 0.876326 J204
140.662109 37.325470 1.918378 J205
139.364349 37.302799 0.740075 J206
139.503769 37.281490 0.805517 J207
139.871429 37.261070 1.036539 J209
140.259933 37.126293 1.308682 J210
140.561646 37.089294 1.599867 J211
140.413269 36.862091 1.293309 J212
140.293427 36.650566 1.054598 J213
140.753906 36.800308 1.609208 J214
140.077942 36.364914 0.743701 J215
140.476334 36.344368 0.978676 J216
140.039261 36.854233 0.975746 J217
139.619247 36.665985 0.651769 J218
139.923462 36.598946 0.776964 J219
139.224899 36.769691 0.536454 J220
138.552719 36.507996 0.327351 J221
139.330383 36.421627 0.465264 J222
139.075684 35.986893 0.292258 J223
139.795990 35.895969 0.389276 J224
140.048096 35.657207 0.319620 J225
140.384903 35.243244 0.132171 J226
139.974884 35.002792 0.090351 J227
139.630646 35.663696 0.267777 J228
139.162598 35.336208 0.155610 J229
139.142410 35.268600 0.143196 J230
139.253342 38.465393 0.832472 J231
138.513092 38.319347 0.539592 J232
138.471680 38.063278 0.518849 J233
139.351471 37.929382 0.865817 J234
138.273071 37.815903 0.452320 J235
139.477890 37.685905 0.899129 J236
138.780502 37.667522 0.576765 J237
139.059113 37.662296 0.679618 J238
138.998016 37.467720 0.621753 J239
138.789978 37.311314 0.525085 J240
138.333572 37.231121 0.403094 J241
138.933716 37.166035 0.540713 J242
138.100189 37.160789 0.352660 J243
138.608719 37.079132 0.438498 J244
137.873840 37.045174 0.306830 J245
138.830841 36.993458 0.476374 J246
138.198669 36.865402 0.330552 J247
136.996124 36.740620 0.197269 J248
137.195190 36.634335 0.203372 J249
137.439896 36.578705 0.216866 J250
136.920563 36.401878 0.169690 J251
136.919266 37.850494 0.250968 J252
137.270050 37.446026 0.267657 J253
136.388947 36.394455 0.143965 J255
136.633942 36.165291 0.141576 J256
136.278946 36.145618 0.127296 J257
136.504929 35.984909 0.126774 J258
135.989761 35.945004 0.109312 J259
136.197388 35.792782 0.108186 J260
135.907639 35.534409 0.090818 J261
135.608887 35.462715 0.082796 J262
138.316391 35.855980 0.198202 J263
138.695129 35.746876 0.206188 J264
138.436172 36.801708 0.358690 J265
137.872330 36.706470 0.269365 J266
138.247467 36.665154 0.309317 J267
138.322525 36.386177 0.277019 J268
138.637802 36.346012 0.309877 J269
137.902817 36.322372 0.227687 J270
138.216492 36.208466 0.240104 J271
138.460968 36.130638 0.251251 J272
137.983017 36.121109 0.209936 J273
137.696259 35.783619 0.157585 J274
138.038315 35.556129 0.148221 J275
137.815231 35.521091 0.137294 J276
137.925278 35.317142 0.121631 J277
137.587662 35.246998 0.108917 J278
137.147171 36.335510 0.177377 J279
136.952759 36.033047 0.146258 J280
137.534866 35.973457 0.167773 J281
136.863174 35.866940 0.132067 J282
136.975296 35.757782 0.128804 J283
137.424774 35.657188 0.136309 J284
136.488770 35.636154 0.108074 J285
136.611389 35.632896 0.110990 J286
137.174149 35.612087 0.125127 J287
136.687286 35.488323 0.105079 J288
137.124695 35.478699 0.114826 J289
136.549744 35.371708 0.096247 J291
137.110229 35.367371 0.107394 J292
137.405609 35.261967 0.106498 J293
136.593445 35.227905 0.090085 J294
137.980408 35.031517 0.098474 J295
138.515671 34.986496 0.099526 J296
138.922256 34.865589 0.088196 J297
136.929977 35.334759 0.101743 J298
136.828827 35.190105 0.092051 J299
137.253555 35.138752 0.095913 J300
137.313171 35.039463 0.090773 J301
137.059784 34.994991 0.085088 J302
137.299942 34.919746 0.083683 J303
136.867645 34.823357 0.074618 J304
137.119003 34.794872 0.075452 J305
137.277832 34.648663 0.069359 J306
137.068069 34.609238 0.066436 J307
136.636505 34.913803 0.076332 J309
136.183456 34.742874 0.065315 J310
136.550659 34.547047 0.061040 J311
136.334259 34.433140 0.055982 J312
136.820618 34.253441 0.051756 J314
136.085907 33.875137 0.039907 J315
136.010895 33.741272 0.036834 J316
136.197952 35.557331 0.097676 J317
136.053665 35.466286 0.090936 J318
135.913208 35.351254 0.083974 J319
136.062820 35.318974 0.085221 J320
136.235611 35.269440 0.086060 J321
135.870804 35.137039 0.075613 J322
136.145035 34.986385 0.073657 J323
135.906158 34.939602 0.069299 J324
136.054825 34.869328 0.068480 J326
135.173218 35.752354 0.084076 J327
134.932281 35.555683 0.074556 J328
135.164032 35.292336 0.070857 J329
135.366898 35.163788 0.069885 J331
135.564514 35.077583 0.069768 J332
135.665436 34.988571 0.068204 J333
135.864151 34.746971 0.062680 J334
135.685455 34.777840 0.062030 J335
135.518494 34.677906 0.057799 J336
135.481339 34.527309 0.053580 J337
135.627335 34.479107 0.053279 J338
135.586945 34.424809 0.051634 J339
135.364151 34.406452 0.049890 J340
134.582489 35.436749 0.066701 J341
134.818497 35.314899 0.066906 J342
135.181900 35.105286 0.066011 J343
134.585953 35.094456 0.059190 J344
134.972595 35.090786 0.063258 J345
134.403778 34.997593 0.055388 J346
134.767303 34.984684 0.058609 J347
135.325989 34.976788 0.064143 J348
135.176422 34.944794 0.061741 J349
134.545242 34.897266 0.054652 J350
135.215912 34.812187 0.058734 J351
134.997238 34.804916 0.056617 J352
135.341782 34.790905 0.059314 J353
134.828781 34.786961 0.054764 J354
135.380386 34.724251 0.057902 J355
135.172287 34.686989 0.055273 J356
134.519562 34.669880 0.049906 J357
134.965698 34.669739 0.053261 J358
135.024078 34.577053 0.051618 J359
134.860977 34.493320 0.048723 J360
134.881531 34.349770 0.045924 J361
134.735184 34.334332 0.044821 J362
134.736542 34.223671 0.042752 J363
136.050385 34.567032 0.058535 J364
135.731003 34.539223 0.055569 J365
135.704178 34.388302 0.051356 J366
135.963745 34.038166 0.043553 J367
135.357956 34.256138 0.046405 J368
135.065979 34.271461 0.045305 J369
135.590118 34.221828 0.046672 J370
135.384857 33.961674 0.040233 J371
135.180084 33.913853 0.038690 J372
135.782089 33.815201 0.038127 J373
135.508392 33.785488 0.037037 J374
135.396179 33.744274 0.036036 J375
135.920715 33.583912 0.033563 J376
135.599197 33.505619 0.031963 J377
134.046677 35.456753 0.060480 J378
133.439072 35.345535 0.052226 J379
134.237366 35.265862 0.058995 J380
133.308533 35.164574 0.048442 J381
133.239883 36.285290 0.063526 J382
132.984375 36.093208 0.057745 J383
132.743210 35.392616 0.046699 J384
132.995422 35.195614 0.046313 J385
132.507324 35.185955 0.042562 J386
132.720505 35.019772 0.042174 J387
131.923141 34.767345 0.034989 J388
133.792480 35.263538 0.054350 J389
134.319641 35.099640 0.056595 J390
134.234772 35.020882 0.054268 J391
133.734497 35.002960 0.049575 J392
133.960861 34.982544 0.051145 J393
133.598083 34.809692 0.045557 J394
133.929047 34.791386 0.047687 J395
134.165756 34.657722 0.047145 J396
133.796738 34.438568 0.041330 J397
133.120224 34.943451 0.044010 J398
132.277328 34.726898 0.036424 J399
132.540237 34.678814 0.037335 J400
133.107529 34.672451 0.040485 J401
132.824005 34.571301 0.037687 J402
132.463470 34.539158 0.035505 J403
133.009796 34.378685 0.036434 J405
131.416550 34.439861 0.030141 J407
130.943146 34.294609 0.027493 J408
131.562790 34.283737 0.029507 J409
131.953293 34.259083 0.030737 J410
131.346085 34.189491 0.028082 J411
131.530823 34.057240 0.027717 J412
131.286041 33.977715 0.026434 J413
132.104446 33.975067 0.028879 J414
134.351974 34.096989 0.038834 J415
134.560135 34.059906 0.039092 J416
134.049179 34.051498 0.036884 J417
134.230225 34.038418 0.037421 J418
133.681290 33.936672 0.033918 J419
134.389099 33.878933 0.035586 J420
134.058197 33.877514 0.034454 J421
134.667801 33.830242 0.035708 J422
134.533005 33.725090 0.033702 J423
134.372025 33.618500 0.031765 J424
134.314209 34.472374 0.044902 J425
134.241974 34.254578 0.040856 J426
133.715057 34.217396 0.037765 J427
133.647522 34.068073 0.035477 J428
133.925507 34.164169 0.037981 J429
132.990234 34.077888 0.032981 J430
133.538239 33.938660 0.033428 J431
133.201309 33.921204 0.032034 J432
132.911636 33.796497 0.029777 J433
132.683975 33.722599 0.028399 J434
132.937881 33.569225 0.027627 J435
132.693405 33.446766 0.025939 J436
132.561829 32.963905 0.021801 J437
133.655777 33.766975 0.031731 J438
133.805023 33.654152 0.030791 J439
134.106903 33.603786 0.030932 J440
134.280807 33.527760 0.030337 J441
133.903641 33.505737 0.029245 J442
133.280914 33.468403 0.027445 J443
134.007126 33.427795 0.028530 J444
133.402985 33.407703 0.027088 J445
132.792694 33.171646 0.023780 J447
132.999237 32.991234 0.022577 J448
132.703720 32.840607 0.021046 J449
130.250824 33.536140 0.021449 J450
130.521957 33.500378 0.021786 J451
130.828751 33.465462 0.022189 J452
130.564651 33.205875 0.020331 J453
130.268723 33.274853 0.020194 J454
130.094162 33.098476 0.019095 J455
129.482056 34.655552 0.024994 J456
129.311508 34.268208 0.022815 J457
129.734726 33.742657 0.021417 J458
129.537018 33.362202 0.019385 J459
129.690659 33.063103 0.018363 J460
130.271332 32.870686 0.018297 J461
128.843109 32.669384 0.015814 J462
130.154602 32.636913 0.017129 J463
130.547729 32.933495 0.018948 J464
130.764801 32.842098 0.018773 J465
131.099304 32.740650 0.018645 J466
129.987305 32.326241 0.015692 J467
130.506836 32.299156 0.016002 J468
130.802628 32.238674 0.015953 J469
131.564163 33.671192 0.025063 J470
131.168930 33.496235 0.023046 J471
131.347275 33.254044 0.021901 J472
131.798065 33.239437 0.022592 J473
131.286087 33.009029 0.020353 J474
131.587845 32.986858 0.020644 J475
131.756836 32.704018 0.019144 J476
131.327621 32.684834 0.018593 J477
131.148865 32.456642 0.017242 J478
131.185226 32.245857 0.016239 J479
131.515854 32.170433 0.016061 J480
131.078568 31.965048 0.014894 J481
131.021515 31.740314 0.013915 J482
131.368866 31.676546 0.013729 J483
131.217392 31.469376 0.012854 J484
130.597809 32.057503 0.015043 J485
130.759674 31.855528 0.014294 J486
129.795441 31.768684 0.013502 J487
130.278152 31.717379 0.013553 J488
130.836060 31.617376 0.013369 J489
130.640366 31.235224 0.011926 J490
130.723053 31.106205 0.011489 J491
130.964218 30.530867 0.009618 J492
130.638382 30.381721 0.009251 J493
129.489029 28.399088 0.005309 J494
128.432327 27.032185 0.003710 J495
127.898453 26.694811 0.003437 J496
131.227798 25.831211 0.001740 J497
125.373795 24.753119 0.002290 J498
122.942841 24.454168 0.002469 J499
123.792038 24.426273 0.002346 J500
141.167099 45.137711 0.019914 J501
142.964462 44.582043 0.010470 J502
143.615677 44.219723 0.007745 J503
143.076813 44.191944 0.011591 J504
144.293304 43.988789 0.006406 J505
142.577713 43.908405 0.018984 J506
144.115250 43.828079 0.006965 J507
142.409607 43.738522 0.023202 J508
141.873840 43.740841 0.031149 J509
142.903015 43.771412 0.016255 J510
143.578156 43.670502 0.009987 J511
145.258957 43.232105 0.008606 J512
144.079620 43.438835 0.008094 J513
142.395340 43.336266 0.029588 J514
144.597656 43.307011 0.008070 J515
141.890930 43.248409 0.041605 J516
140.860611 43.209507 0.063226 J517
142.809723 43.165527 0.024447 J518
145.520493 43.195164 0.008552 J519
141.540115 43.077587 0.054515 J520
143.170563 42.938862 0.020551 J521
141.577423 42.884430 0.061041 J522
141.407089 42.773190 0.070526 J523
140.767624 42.551380 0.099787 J525
140.876373 42.473904 0.102673 J526
139.446152 42.060505 0.157287 J527
140.666870 42.123142 0.138407 J528
140.715439 41.976688 0.153292 J529
140.071228 41.803028 0.185352 J530
144.719147 42.982571 0.009106 J531
143.315689 42.125587 0.029615 J532
141.447586 41.404705 0.215635 J533
140.490768 41.185078 0.296964 J534
140.821991 41.145546 0.306341 J535
141.131805 40.862362 0.402558 J537
140.589218 40.706276 0.458045 J538
141.376205 40.676399 0.494185 J539
140.478531 40.624344 0.485255 J540
140.803345 40.643566 0.500277 J541
140.451569 40.910175 0.375391 J542
141.066330 39.953079 1.128302 J543
140.769180 39.351299 1.721102 J544
141.575485 39.143089 3.517145 J546
141.675293 39.596127 2.197538 J547
140.847870 38.546215 2.933770 J548
141.212906 38.425056 4.143795 J549
141.500687 38.301186 5.580021 J550
139.848938 39.891136 0.701768 J551
140.044724 39.825809 0.800439 J552
140.732849 39.702682 1.244416 J553
140.506699 39.199097 1.602893 J554
139.927490 39.015972 1.169024 J555
140.365158 38.496769 1.935925 J556
140.271133 38.148098 1.818359 J557
140.205658 37.615952 1.529329 J559
140.372894 37.620731 1.752962 J560
140.135880 37.424507 1.349698 J561
139.586166 37.097248 0.790635 J563
139.461685 38.056183 0.949982 J564
138.369888 38.023685 0.489674 J565
138.706940 37.535831 0.535894 J566
138.516373 37.348541 0.458712 J567
139.020248 37.319870 0.601077 J568
138.242584 37.056683 0.363287 J569
137.893875 36.950871 0.299264 J570
139.073914 37.752064 0.699769 J571
137.369522 36.736958 0.224921 J572
137.031891 36.649563 0.193370 J573
137.138550 37.306969 0.245929 J574
136.718765 37.156746 0.202778 J575
136.996063 37.123158 0.222120 J576
136.755646 36.817478 0.186399 J577
136.605331 36.370068 0.152155 J578
136.184998 35.968887 0.115909 J579
136.055984 35.836842 0.106472 J580
140.497604 36.743027 1.291725 J581
139.987762 36.300705 0.662065 J582
139.931503 36.114815 0.539236 J583
140.202438 36.031338 0.598659 J584
140.164764 36.952305 1.124825 J585
139.805740 36.979580 0.874309 J586
139.854263 36.776371 0.817504 J587
140.157684 36.692455 0.976920 J588
139.490585 36.624172 0.584042 J589
140.179306 36.542217 0.906440 J590
138.591446 36.616318 0.353048 J591
139.066635 36.234669 0.353014 J592
138.912415 36.142754 0.306515 J593
139.434021 34.761543 0.071608 J594
139.358582 34.737614 0.070536 J595
139.270935 34.519634 0.053389 J596
139.210938 34.333122 0.042442 J597
139.137573 34.239914 0.038704 J598
139.561768 34.093765 0.025379 J599
139.478806 34.075783 0.026056 J600
139.612854 33.884125 0.018784 J601
139.764618 32.463501 0.008888 J602
142.162766 26.635151 0.001383 J603
141.324371 24.780184 0.001063 J604
141.288834 24.750805 0.001068 J605
138.690384 35.649517 0.189603 J606
139.025772 35.511868 0.183176 J607
137.984543 36.239029 0.224370 J608
137.871750 36.228371 0.214369 J609
138.499283 36.284714 0.281126 J610
137.682632 36.084663 0.186384 J611
138.214478 36.026161 0.214647 J612
138.583023 35.974148 0.236448 J613
137.598267 35.880001 0.162250 J614
137.983887 35.726292 0.164381 J615
137.676392 35.343735 0.118232 J616
136.904266 36.261467 0.159440 J617
137.363022 36.285645 0.185944 J618
137.200668 35.911633 0.147727 J619
138.776520 34.855034 0.087532 J620
138.928360 35.204395 0.129352 J621
138.098282 34.679924 0.073859 J622
138.182968 34.677753 0.073765 J623
138.046524 34.666409 0.072942 J624
138.159042 34.634541 0.070946 J625
138.906891 35.047241 0.108487 J626
140.086304 36.103634 0.595463 J627
138.939331 34.698906 0.072403 J628
137.073563 35.239086 0.098912 J629
136.965805 35.168423 0.093097 J630
136.862747 34.984394 0.082166 J631
136.831879 34.904385 0.078003 J632
136.694244 35.050911 0.083210 J633
136.393265 34.854900 0.071374 J634
136.329758 34.648750 0.063204 J635
136.628403 34.431442 0.057311 J636
136.342926 34.208157 0.049126 J637
136.264740 35.420357 0.093025 J638
136.041199 35.085724 0.076033 J639
135.034042 35.685078 0.079675 J640
135.415833 35.482216 0.080188 J641
135.549530 35.275860 0.075752 J642
135.773300 35.053135 0.071527 J643
135.772400 34.952641 0.068260 J644
134.677383 35.621201 0.072301 J645
134.728714 35.461262 0.069234 J646
135.022034 35.237881 0.067557 J647
134.771225 35.162743 0.062725 J648
134.945038 34.936188 0.059230 J649
135.528351 34.311840 0.048527 J650
135.167740 34.025391 0.040791 J652
135.496201 33.554413 0.032740 J653
133.339691 35.436008 0.052601 J654
134.325272 35.361443 0.061894 J655
133.137894 35.563534 0.052417 J656
132.457321 34.892658 0.039107 J657
132.013565 34.571064 0.033682 J658
131.864319 34.439720 0.031903 J659
133.563995 35.169662 0.050715 J660
133.396271 34.993362 0.046725 J662
132.851578 34.811604 0.040608 J663
133.337631 34.777790 0.043308 J664
132.194656 34.370346 0.032668 J665
132.455551 34.260921 0.032723 J666
132.884384 34.210068 0.033985 J667
131.152390 34.764347 0.031438 J668
131.176163 34.342087 0.028580 J669
131.065674 34.179771 0.027131 J670
132.358337 33.909935 0.029125 J672
134.605026 34.171810 0.041201 J673
133.874985 34.039738 0.036016 J674
134.301468 33.789532 0.033991 J675
133.998672 34.445454 0.042586 J676
133.780670 34.383400 0.040435 J677
133.189102 34.252445 0.035795 J678
132.781738 33.959473 0.030987 J679
132.487259 33.611595 0.026883 J680
132.543762 33.177589 0.023418 J681
133.228470 33.326908 0.025939 J683
133.128632 33.215431 0.024717 J684
130.749557 33.745506 0.023617 J685
131.016525 33.697403 0.023945 J686
130.823883 33.640465 0.023177 J687
130.701157 33.327225 0.021194 J688
129.940094 33.196030 0.019305 J689
129.690018 33.266121 0.019223 J690
129.125504 33.255791 0.018306 J691
129.026337 32.885628 0.016790 J692
130.166428 32.795700 0.017833 J693
130.335953 32.793015 0.018022 J694
130.216660 32.712292 0.017524 J695
130.352280 32.722572 0.017722 J696
130.290710 32.660652 0.017377 J697
128.619354 32.634274 0.015447 J698
131.062897 33.121956 0.020665 J699
130.748627 33.011292 0.019610 J700
130.996216 32.870747 0.019207 J701
130.794907 32.576725 0.017509 J702
131.093430 32.950653 0.019761 J703
131.132156 32.845001 0.019238 J704
131.356644 33.537125 0.023696 J705
131.588425 33.349854 0.022945 J706
131.121140 33.270271 0.021607 J707
131.579483 33.228428 0.022142 J709
130.915741 33.190575 0.020813 J710
131.530670 32.557049 0.018092 J711
131.334015 32.384399 0.017023 J712
131.486023 32.069107 0.015551 J713
130.865631 32.047718 0.015152 J714
131.306305 31.842098 0.014436 J715
131.305862 31.399105 0.012581 J716
130.179657 32.197075 0.015333 J717
130.439651 31.908840 0.014356 J718
130.651886 31.624098 0.013343 J719
130.708542 31.591841 0.013236 J720
130.637360 31.552221 0.013067 J721
130.699402 31.496153 0.012874 J722
130.274979 30.784655 0.010450 J723
131.028595 30.753325 0.010299 J724
130.198242 30.461390 0.009525 J725
130.903229 30.398676 0.009242 J726
130.424377 30.395756 0.009323 J727
130.554550 30.236353 0.008867 J728
129.705750 29.615330 0.007520 J729
129.693573 28.487219 0.005399 J730
130.028961 28.371132 0.005111 J731
129.921677 28.293980 0.005023 J732
129.320450 28.137583 0.004949 J733
128.894470 27.816637 0.004585 J734
128.650726 27.401239 0.004098 J735
127.945053 26.944489 0.003687 J736
128.248367 26.859344 0.003554 J737
128.144028 26.708273 0.003414 J738
127.231628 26.582876 0.003404 J739
127.972397 26.482731 0.003220 J740
127.832733 26.446926 0.003206 J741
127.143646 26.372936 0.003221 J742
126.739151 26.347830 0.003236 J743
127.345245 26.178795 0.003029 J744
127.826187 26.168608 0.002955 J745
131.290680 25.953726 0.001805 J746
125.170975 24.827959 0.002355 J747
124.692444 24.641615 0.002323 J748
124.301285 24.536625 0.002326 J749
124.172653 24.338877 0.002258 J750
123.795853 24.061501 0.002200 J751
139.056732 36.539257 0.428577 J752
139.269333 36.003735 0.325239 J753
139.182205 35.884048 0.279972 J754
139.365967 35.800800 0.279907 J755
140.249161 35.288383 0.155891 J756
139.369904 35.616428 0.228513 J758
139.613846 35.160866 0.128238 J759
135.789841 34.882030 0.066203 J760
135.618820 34.621052 0.057027 J761
134.659668 34.864120 0.054973 J762
135.706024 34.698334 0.059887 J763
135.819870 34.574001 0.057159 J764
134.175797 34.809566 0.049886 J765
133.757019 34.579147 0.043184 J766
133.288116 34.450439 0.038712 J767
132.820221 34.334873 0.035055 J768
132.219131 34.191181 0.031147 J769
129.954849 33.372181 0.020128 J770
130.444519 33.346489 0.020847 J771
129.989685 32.945587 0.018268 J772
130.430450 32.581673 0.017172 J773
130.085190 32.524532 0.016584 J774
130.323639 32.426273 0.016393 J775
130.469452 31.675102 0.013473 J776
130.135757 31.415892 0.012438 J777
141.598236 45.219769 0.016241 J778
142.351837 45.126774 0.011843 J779
142.717911 44.780170 0.011229 J780
141.793915 44.639927 0.019842 J781
142.264526 44.365128 0.018027 J782
141.664597 44.148754 0.027253 J783
144.506409 43.722778 0.006975 J784
141.370590 43.624329 0.041483 J785
142.643066 43.431633 0.023678 J787
143.901993 43.101692 0.010086 J788
142.870056 43.013653 0.025517 J789
142.084595 42.933773 0.046057 J790
143.494965 42.806507 0.016249 J791
141.081055 42.420547 0.101054 J792
143.151978 42.486412 0.027586 J793
140.371231 41.934853 0.165454 J794
141.452591 39.849018 1.475377 J795
140.988449 39.127007 2.397531 J796
140.645630 37.984406 2.464889 J797
140.822906 40.044975 0.931328 J798
140.094635 38.434341 1.551385 J799
140.841644 37.018448 1.883788 J800
139.402237 37.036934 0.681374 J801
138.944824 36.778061 0.459000 J802
140.199921 38.288982 1.714265 J803
139.521927 35.419270 0.186026 J804
139.226044 37.828159 0.782746 J805
138.880447 37.776989 0.625539 J806
138.779541 37.498657 0.552548 J807
138.456818 35.673695 0.180655 J809
138.920273 37.589737 0.613901 J810
137.528778 35.575092 0.133046 J811
136.470306 35.359730 0.094164 J812
138.973862 35.114166 0.117499 J813
138.876465 34.719475 0.074703 J814
138.609970 35.117153 0.113948 J815
138.209976 35.066975 0.104118 J817
138.081680 35.044884 0.100718 J818
137.946808 34.902050 0.088434 J819
138.176743 34.849415 0.085960 J820
137.680771 34.752041 0.076990 J821
136.788818 35.300838 0.097171 J822
134.588211 35.283344 0.063343 J823
136.096985 34.179951 0.047566 J824
135.735184 33.969482 0.041372 J825
135.708786 33.637173 0.034460 J826
134.393433 34.217796 0.040993 J827
132.046097 33.367970 0.023959 J828
132.475342 33.384373 0.024951 J829
133.362640 33.704285 0.030144 J830
130.464996 33.097355 0.019634 J831
129.720718 32.839611 0.017479 J832
131.206802 33.127842 0.020921 J833
130.360657 32.098434 0.015064 J834
130.238968 31.906164 0.014240 J835
130.408005 31.796021 0.013905 J836
130.599594 31.824060 0.014099 J837
138.762787 34.690254 0.073045 J838
138.331223 34.836166 0.085515 J840
139.069901 34.949757 0.096998 J841
138.249893 34.954346 0.094758 J842
134.049545 35.174889 0.055343 J843
140.810532 40.834408 0.413440 J844
140.324387 37.361824 1.521098 J845
133.461807 33.818356 0.031734 J846
137.868759 35.160450 0.107210 J847
141.955246 45.514114 0.012109 J848
141.881790 45.230106 0.014281 J849
142.292252 44.990505 0.013036 J850
142.021774 44.916065 0.015527 J851
142.038712 44.743240 0.016762 J852
142.571167 44.546501 0.013748 J853
142.935837 44.332294 0.011998 J854
141.872177 44.317665 0.022628 J855
143.364594 44.260853 0.009085 J856
142.400894 44.165474 0.018493 J857
142.601242 44.114449 0.016769 J858
144.993500 44.065033 0.006666 J859
141.860748 44.052105 0.026278 J860
143.534149 43.909927 0.009313 J861
142.236542 43.889290 0.023636 J862
143.176697 43.878723 0.012479 J863
145.056870 43.794029 0.007266 J864
142.132309 43.725658 0.027486 J865
143.381088 43.710323 0.011479 J866
142.794403 43.646908 0.018824 J867
143.991730 43.644562 0.007768 J868
145.220367 43.555996 0.007874 J869
144.719040 43.545929 0.007537 J870
142.187607 43.521576 0.030021 J871
141.616776 43.504215 0.040346 J872
143.753860 43.473579 0.009532 J873
143.187042 43.366470 0.016015 J874
140.378281 43.320705 0.066316 J875
141.345963 43.240528 0.052984 J876
141.652023 43.220894 0.047376 J877
144.970734 43.218189 0.008574 J878
143.027756 43.171329 0.020404 J879
142.567032 43.165047 0.029273 J880
144.496490 43.149391 0.008484 J881
141.203293 43.140396 0.059425 J882
143.597702 43.123894 0.012608 J883
140.811111 43.082596 0.069415 J884
142.532257 42.890633 0.035690 J885
143.655533 42.800343 0.014010 J886
142.953690 42.803341 0.027071 J887
140.011780 42.685337 0.103749 J888
143.312790 42.673962 0.020934 J889
142.395920 42.554260 0.049448 J890
142.767944 42.277233 0.045678 J891
140.929337 41.740593 0.178398 J892
140.535019 41.711327 0.192873 J893
141.094467 41.466160 0.220277 J894
140.983810 41.199665 0.287767 J895
141.385696 41.160934 0.282019 J896
140.293533 41.121723 0.310610 J897
140.011002 40.730633 0.407375 J898
141.106018 40.579983 0.552107 J899
141.332001 40.508759 0.609483 J901
140.941589 40.447632 0.627207 J902
141.484863 40.271042 0.843150 J903
141.046463 40.106747 0.941957 J904
141.662186 39.970955 1.321554 J905
141.970230 39.738960 1.967065 J906
141.426132 39.639370 1.889070 J907
140.836319 39.554455 1.508164 J908
141.292999 39.464695 2.146072 J909
141.311676 39.235374 2.724515 J910
141.400848 39.012108 3.524834 J911
141.148529 38.995464 2.978361 J912
140.833191 38.934029 2.431835 J913
141.317856 38.743221 4.013504 J914
141.004333 38.686134 3.191783 J915
141.160721 38.660629 3.676468 J916
140.727722 38.571812 2.620355 J917
141.304398 38.509842 4.407684 J918
140.943695 38.177120 3.290496 J919
140.727661 37.824600 2.521773 J920
140.027573 40.339397 0.549404 J921
140.408157 40.183315 0.704352 J922
140.005493 40.099701 0.649939 J923
140.535858 39.921391 0.930334 J924
140.053925 39.527565 0.976019 J925
140.596085 39.508137 1.359031 J926
140.278931 39.296745 1.289310 J927
140.715057 39.146202 1.932335 J928
140.447327 39.054379 1.674309 J929
140.183472 38.938103 1.451754 J930
140.497253 38.752155 2.014662 J931
139.674530 38.701168 1.075089 J932
140.220505 38.628414 1.662408 J933
140.393875 38.170441 2.028570 J934
139.879410 37.920586 1.274110 J935
140.446793 37.833496 2.000050 J936
139.972656 37.669289 1.292082 J937
140.571655 37.591091 2.029750 J938
139.835526 37.461288 1.088122 J939
140.464035 37.444870 1.752991 J940
139.686340 37.326210 0.929774 J941
140.212738 37.293041 1.357574 J942
140.450974 37.210564 1.563202 J943
140.716003 37.183090 1.858598 J944
140.376266 37.023582 1.360505 J945
140.690155 36.932621 1.631650 J946
140.385696 36.475849 1.008252 J947
140.035416 37.124699 1.105247 J948
139.505310 36.872246 0.674470 J949
139.752792 36.537632 0.661313 J950
139.902512 36.456581 0.697953 J951
139.060852 36.837357 0.504318 J952
138.847885 36.591377 0.395323 J954
139.016708 36.395348 0.383848 J955
139.254639 36.267693 0.399689 J956
138.702988 36.200268 0.290582 J957
138.926056 35.929928 0.261271 J958
139.968475 35.143803 0.120097 J959
139.366058 35.391487 0.173279 J960
139.111450 37.540340 0.680128 J961
138.634598 37.212112 0.466691 J962
139.247101 37.157616 0.649725 J963
138.457352 37.107086 0.410452 J964
140.296494 36.778957 1.136559 J965
137.026428 36.919510 0.211488 J966
137.551331 36.864346 0.252409 J967
137.154480 36.757950 0.209756 J968
136.806396 36.592091 0.175750 J969
137.239227 36.472801 0.193678 J970
137.033936 37.432259 0.243283 J971
136.908768 37.226437 0.221055 J972
136.540680 36.537266 0.158464 J973
136.361649 36.229565 0.134457 J974
136.048950 36.109734 0.118095 J975
136.657745 35.901413 0.127221 J976
136.339584 35.888218 0.116626 J977
135.755646 35.486572 0.086196 J978
138.444214 35.904934 0.214065 J979
138.949997 35.753872 0.226374 J980
138.606873 35.467693 0.158124 J981
138.624252 36.856686 0.402871 J982
138.096725 36.706646 0.295469 J983
138.120941 36.523605 0.274017 J984
138.366043 36.260986 0.262436 J985
137.785431 35.944603 0.177872 J986
138.095703 35.878418 0.187729 J987
137.450882 35.815552 0.150222 J988
137.620163 35.661228 0.143403 J989
137.080521 36.140263 0.159388 J990
136.784622 35.723488 0.120824 J991
137.309097 35.523129 0.122660 J992
136.545288 35.480061 0.101520 J993
137.252319 35.300552 0.106075 J994
137.575333 35.100021 0.098236 J995
137.152390 34.917339 0.082025 J996
137.338776 34.785915 0.076706 J997
136.938477 34.740051 0.071436 J998
136.474457 34.420326 0.056238 J999
126.900002 34.674999 0.018809 JAHG
126.461998 33.287998 0.014587 JEJU
128.399002 38.551998 0.033290 JEOJ
128.050003 35.173000 0.022985 JINJ
117.529999 40.080002 0.009174 JIXN
128.110001 42.410000 0.029691 JLCB
129.500000 42.869999 0.033769 JLYJ
119.419998 31.350000 0.006140 JSLS
119.470001 34.720001 0.008556 JSLY
120.889999 31.950001 0.007269 JSNT
120.019997 33.380001 0.007943 JSYC
129.429001 37.057999 0.035095 JUKB
128.834000 37.897999 0.034328 JUMN
126.973999 35.623001 0.021450 JUNG
127.135002 35.842999 0.022443 JUNJ
116.239998 29.730000 0.004754 JXHK
115.059998 26.750000 0.003655 JXJA
143.362183 38.887981 15.018204 KAMN
143.263336 38.636463 22.898958 KAMS
128.867996 37.771000 0.034208 KANR
139.488007 35.709999 0.266936 KGNI
135.046005 48.521000 0.014104 KHAJ
130.878571 31.425312 0.012643 KNYA
127.518997 34.453999 0.019466 KOHG
140.658005 35.955002 0.761477 KSMV
102.796997 25.030001 0.002341 KUNM
128.574005 36.233002 0.028259 KUNW
126.910004 35.178001 0.020148 KWNJ
124.330002 40.029999 0.019902 LNDD
121.739998 39.090000 0.014254 LNJZ
123.580002 41.830002 0.017813 LNSY
122.599998 40.680000 0.016132 LNYK
105.410004 28.870001 0.003074 LUZH
150.770020 59.575756 0.000640 MAG0
150.810379 59.577644 0.000641 MAGJ
126.268997 33.117001 0.013941 MARA
153.979996 24.290001 0.009564 MCIL
141.132996 39.134998 2.642337 MIZU
126.380997 34.817001 0.018116 MKPO
126.315002 35.858002 0.020356 MLDO
128.744003 35.491001 0.026190 MLYN
127.583000 35.903000 0.023887 MOOJ
139.559998 35.680000 0.265399 MTKA
127.661003 36.002998 0.024407 MUJU
142.916641 38.080940 24.435467 MYGI
142.433151 38.148861 15.261064 MYGW
127.396004 35.423000 0.022006 NAMW
100.713654 14.043016 0.001312 NIMT
122.629997 43.299999 0.015100 NMAG
120.110001 43.860001 0.011252 NMAL
105.669998 38.810001 0.004677 NMAZ
116.959999 45.509998 0.008005 NMDW
111.940002 43.630001 0.006491 NMEL
123.730003 50.580002 0.007731 NMER
111.250000 40.259998 0.006310 NMTK
106.839996 39.660000 0.005059 NMWH
108.070000 41.299999 0.005489 NMWJ
122.029999 46.040001 0.011757 NMWL
107.059998 41.080002 0.005204 NMWT
115.980003 42.230000 0.008138 NMZL
127.098999 36.186001 0.023206 NONS
106.814240 20.668461 0.001880 NT01
107.094955 10.386430 0.000922 NT03
104.542526 10.292282 0.000980 NT04
105.650002 36.549999 0.004410 NXHY
106.269997 38.490002 0.004800 NXYC
105.239998 37.590000 0.004442 NXZW
127.768921 26.144817 0.002943 OKN1
126.737999 37.745998 0.025246 PAJU
120.938751 15.450212 0.000752 PCAB
121.396774 13.932333 0.000545 PCAN
158.649994 53.020000 0.000421 PETS
121.080002 14.640000 0.000643 PIMO
120.938293 14.100280 0.000591 PTGY
120.575623 16.004196 0.000853 PURD
128.488007 37.349998 0.031282 PYCH
109.849998 19.030001 0.001656 QION
103.028961 21.403084 0.001948 QT01
108.220367 16.074642 0.001346 QT03
130.878571 31.425308 0.012643 S004
141.844818 43.528645 0.035812 S005
142.195023 27.067532 0.001532 S007
139.081970 35.006851 0.103985 S106
139.101685 34.971863 0.099588 S107
140.087189 36.106113 0.597409 S110
128.457001 36.933998 0.029998 SBAO
106.739998 31.840000 0.003839 SCBZ
105.849998 32.439999 0.003787 SCGY
105.879997 30.980000 0.003522 SCNC
105.559998 30.510000 0.003386 SCSN
119.459999 36.750000 0.009884 SDCY
116.349998 35.430000 0.007075 SDJX
118.290001 35.000000 0.007890 SDLY
120.300003 36.080002 0.010346 SDQD
122.419998 37.169998 0.014213 SDRC
121.440002 37.480000 0.012875 SDYT
117.989998 36.810001 0.008598 SDZB
128.738007 34.787998 0.023472 SEOI
126.494003 36.776001 0.022750 SEOS
121.199997 31.100000 0.006668 SHAO
128.565002 38.250999 0.033648 SKCH
126.917999 37.493999 0.025433 SKMA
135.936951 33.577854 0.033449 SMST
108.769997 32.790001 0.004453 SNAK
110.080002 34.480000 0.005129 SNHY
128.143997 36.379002 0.027122 SNJU
106.690002 33.130001 0.004080 SNMX
107.320000 34.060001 0.004394 SNTB
108.389999 35.169998 0.004859 SNXY
109.459999 36.619999 0.005391 SNYA
124.728996 37.759998 0.019511 SOCH
125.098999 34.095001 0.014374 SOHE
127.486000 34.957001 0.020884 SONC
127.801003 34.411999 0.019927 SORI
127.080002 37.630001 0.026234 SOUL
141.845001 43.528999 0.035801 STK2
130.910004 44.430000 0.031787 SUIY
127.054001 37.276001 0.025488 SUWN
113.180000 36.220001 0.006259 SXCZ
113.389999 40.119999 0.006948 SXDT
111.900002 36.250000 0.005939 SXGX
111.599998 38.799999 0.006273 SXKL
111.371002 36.084000 0.005776 SXLF
114.019997 39.380001 0.007101 SXLQ
112.430000 37.709999 0.006347 SXTY
111.230003 35.110001 0.005539 SXXX
112.889999 37.630001 0.006463 SXYC
128.975998 37.160999 0.033071 TABK
117.120003 36.209999 0.007766 TAIN
120.989998 24.799999 0.002821 TCMS
128.802002 35.905998 0.027958 TEGN
117.400002 39.700001 0.009014 TJBD
117.690002 39.080002 0.009132 TJBH
117.099998 39.380001 0.008729 TJWQ
120.989998 24.799999 0.002821 TNML
140.089996 36.110001 0.600850 TSK2
140.087006 36.105999 0.597268 TSKB
121.160004 24.950001 0.002859 TWTF
107.050003 47.869999 0.004854 ULAB
130.798004 37.518002 0.046415 ULLE
138.362000 36.132999 0.242249 USUD
127.946999 37.337002 0.028925 WNJU
129.416000 35.504002 0.028631 WOLS
114.357002 30.532000 0.004833 WUHN
129.412994 36.992001 0.034771 WULJ
108.989998 34.180000 0.004806 XIAA
118.080002 24.450001 0.002933 XIAM
109.221497 34.368671 0.004901 XIAN
101.774002 36.601002 0.003619 XNIN
129.680298 62.030960 0.001514 YAKT
107.440002 37.779999 0.005026 YANC
127.505997 37.453999 0.027457 YANP
128.445999 36.651001 0.029107 YECH
129.070999 35.062000 0.025534 YNDO
112.339996 16.830000 0.001316 YONG
126.515999 35.278999 0.019502 YONK
128.462006 37.182999 0.030720 YOWL
142.720001 47.029999 0.004483 YSSK
136.503754 35.104763 0.083061 Z101
138.185791 35.322075 0.128144 Z102
137.423126 34.967480 0.087774 Z103
136.981750 34.543915 0.063207 Z104
136.802002 34.373581 0.055912 Z105
136.388489 34.297928 0.051963 Z106
136.139969 33.932949 0.041358 Z107
135.743454 34.155849 0.045713 Z108
135.290344 34.090851 0.042558 Z109
135.399124 33.854500 0.038143 Z110
135.871094 33.799084 0.037919 Z111
135.406006 33.647251 0.034280 Z112
135.834137 33.520081 0.032324 Z113
134.510025 33.932796 0.036832 Z114
133.796951 33.838840 0.033069 Z115
134.484558 33.821980 0.035025 Z116
132.564697 33.510353 0.026200 Z117
132.360382 33.202183 0.023300 Z118
133.431702 33.545727 0.028602 Z119
133.699844 33.542534 0.029208 Z120
134.056198 33.367382 0.027903 Z121
132.974030 33.312130 0.025318 Z123
132.822083 33.060120 0.022906 Z124
113.099998 34.520000 0.005820 ZHNZ
119.269997 29.469999 0.004968 ZJJD
120.760002 27.930000 0.004256 ZJWZ
121.989998 30.070000 0.006061 ZJZS
142.080902 37.166111 4.737330 _FUK
143.362183 38.887981 15.018204 _KMN
143.263336 38.636463 22.898958 _KMS
142.916641 38.080940 24.435467 _MGI
142.433151 38.148861 15.261064 _MGW
