139.547653 39.185562 0.800649 -0.311485 0. 0. 0. 019B
174.076263 52.714619 -0.000650 0.000160 0. 0. 0. AC60
116.989998 30.620001 0.004891 0.001767 0. 0. 0. AHAQ
117.300003 32.900002 0.006076 0.001740 0. 0. 0. AHBB
130.600006 31.823999 0.012918 0.005647 0. 0. 0. AIRA
100.612396 14.079448 0.001091 0.000734 0. 0. 0. AITB
126.135002 36.674000 0.021382 0.002700 0. 0. 0. ANHN
102.234985 51.769707 0.003432 -0.000371 0. 0. 0. BADG
128.975998 36.164001 0.029271 0.004462 0. 0. 0. BHAO
115.891998 39.609001 0.007978 0.000397 0. 0. 0. BJFS
117.160004 40.689999 0.008933 -0.000038 0. 0. 0. BJGB
116.220001 40.250000 0.008252 0.000187 0. 0. 0. BJSH
115.970001 40.369999 0.008115 0.000169 0. 0. 0. BJYQ
127.730003 36.487999 0.025747 0.003430 0. 0. 0. BOEN
127.714996 37.993999 0.029283 0.000958 0. 0. 0. CCHN
142.199997 27.070000 -0.001511 -0.000265 0. 0. 0. CCJ2
125.444000 43.791000 0.018998 -0.005648 0. 0. 0. CHAN
127.710999 37.868999 0.029037 0.001196 0. 0. 0. CHCN
127.154999 36.877998 0.024849 0.002730 0. 0. 0. CHEN
126.529999 33.514000 0.014539 0.004510 0. 0. 0. CHJU
127.415001 38.164001 0.028351 0.000679 0. 0. 0. CHLW
128.477997 35.533001 0.025004 0.004893 0. 0. 0. CHNG
129.056000 36.436001 0.030700 0.004087 0. 0. 0. CHSG
125.440002 43.790001 0.018992 -0.005643 0. 0. 0. CHUN
128.692993 35.236000 0.024496 0.005284 0. 0. 0. CHWN
126.801003 36.459000 0.022763 0.003131 0. 0. 0. CHYG
127.460999 36.626999 0.025228 0.003152 0. 0. 0. CNJU
145.742996 15.230000 -0.000577 0.000866 0. 0. 0. CNMR
108.489998 30.770000 0.003709 0.001307 0. 0. 0. CQWZ
100.533936 13.735914 0.001066 0.000724 0. 0. 0. CUSV
127.374001 36.398998 0.024335 0.003405 0. 0. 0. DAEJ
126.602997 34.098000 0.016160 0.004496 0. 0. 0. DANG
103.005463 21.427616 0.001715 0.000927 0. 0. 0. DIEB
97.377998 37.381001 0.003015 0.000762 0. 0. 0. DLHA
131.869995 37.238998 0.055522 0.003305 0. 0. 0. DOKD
127.060997 37.902000 0.026593 0.001176 0. 0. 0. DOND
106.794861 20.694448 0.001649 0.000909 0. 0. 0. DOSN
100.200996 40.984001 0.003595 0.000559 0. 0. 0. DXIN
125.968002 36.125000 0.019817 0.003158 0. 0. 0. EOCH
119.769997 25.500000 0.002824 0.001452 0. 0. 0. FJPT
117.989998 27.620001 0.003670 0.001666 0. 0. 0. FJWY
120.019997 26.879999 0.003352 0.001610 0. 0. 0. FJXP
142.080902 37.166111 4.437881 -1.657563 0. 0. 0. FUKU
135.928299 33.877003 0.037292 0.013652 0. 0. 0. G000
135.087646 35.419525 0.071264 0.016995 0. 0. 0. G001
135.340698 35.333458 0.072279 0.018056 0. 0. 0. G002
135.634216 35.155182 0.070539 0.019079 0. 0. 0. G003
135.219940 34.326462 0.044862 0.014894 0. 0. 0. G004
134.376114 34.760426 0.048588 0.013955 0. 0. 0. G006
136.041901 34.710644 0.060129 0.018926 0. 0. 0. G007
136.173141 34.493874 0.054114 0.018004 0. 0. 0. G008
136.002640 34.292927 0.047537 0.016358 0. 0. 0. G009
135.854797 34.241966 0.045642 0.015777 0. 0. 0. G010
135.554001 33.940796 0.037898 0.013649 0. 0. 0. G011
135.882095 33.668758 0.032990 0.012349 0. 0. 0. G012
135.533844 33.658344 0.032468 0.012133 0. 0. 0. G013
134.195267 35.529858 0.062213 0.013594 0. 0. 0. G014
133.495132 35.506935 0.053999 0.011577 0. 0. 0. G015
133.869751 35.493202 0.057730 0.012631 0. 0. 0. G016
134.155945 35.340591 0.057960 0.013630 0. 0. 0. G017
132.921997 35.491909 0.048379 0.010231 0. 0. 0. G018
133.192093 35.310692 0.048226 0.011031 0. 0. 0. G019
132.902695 35.309727 0.045840 0.010384 0. 0. 0. G020
132.669006 35.233078 0.043122 0.009965 0. 0. 0. G021
132.385559 35.031902 0.038963 0.009547 0. 0. 0. G022
132.685165 34.856747 0.038797 0.010131 0. 0. 0. G023
132.109467 34.777946 0.034852 0.009150 0. 0. 0. G024
131.810318 34.624344 0.032059 0.008713 0. 0. 0. G025
133.680756 35.282959 0.052151 0.012278 0. 0. 0. G026
133.912689 35.105026 0.051200 0.012953 0. 0. 0. G027
133.800446 34.738079 0.044180 0.012453 0. 0. 0. G028
133.972595 34.590286 0.042890 0.012676 0. 0. 0. G029
132.902100 35.035213 0.042325 0.010534 0. 0. 0. G030
132.908112 34.633671 0.037419 0.010492 0. 0. 0. G031
133.341293 34.612202 0.039519 0.011323 0. 0. 0. G032
133.140182 34.515621 0.037182 0.010846 0. 0. 0. G033
132.691956 34.184635 0.031437 0.009789 0. 0. 0. G035
132.531631 34.069233 0.029710 0.009446 0. 0. 0. G036
131.735321 34.195274 0.028174 0.008511 0. 0. 0. G037
132.052734 34.090061 0.028325 0.008841 0. 0. 0. G038
131.113037 34.020523 0.025057 0.007754 0. 0. 0. G039
132.119965 33.845917 0.026457 0.008717 0. 0. 0. G040
134.457306 33.993687 0.035557 0.012254 0. 0. 0. G041
134.211166 33.934563 0.033836 0.011692 0. 0. 0. G042
134.175980 34.478535 0.042227 0.012951 0. 0. 0. G044
133.899384 34.325920 0.038365 0.012069 0. 0. 0. G045
133.350693 33.974171 0.031472 0.010480 0. 0. 0. G046
133.047394 33.884090 0.029491 0.009905 0. 0. 0. G047
132.798523 33.642731 0.026402 0.009222 0. 0. 0. G048
132.743683 33.305054 0.023277 0.008610 0. 0. 0. G049
132.633636 33.096088 0.021414 0.008165 0. 0. 0. G050
133.531021 33.625805 0.027996 0.010013 0. 0. 0. G051
133.154495 33.607021 0.026903 0.009552 0. 0. 0. G052
134.099319 33.497108 0.027717 0.010278 0. 0. 0. G053
133.089539 33.416664 0.024902 0.009119 0. 0. 0. G054
134.205536 33.394894 0.026663 0.010059 0. 0. 0. G055
132.972137 33.193138 0.022688 0.008585 0. 0. 0. G056
132.831467 32.961067 0.020607 0.008045 0. 0. 0. G058
132.555435 32.738613 0.018712 0.007497 0. 0. 0. G059
130.722427 33.929722 0.023499 0.007350 0. 0. 0. G060
130.971115 33.867008 0.023700 0.007555 0. 0. 0. G061
130.296906 33.683071 0.021189 0.006908 0. 0. 0. G062
130.675674 33.579769 0.021352 0.007163 0. 0. 0. G063
130.995422 33.564732 0.021878 0.007414 0. 0. 0. G064
130.079269 33.503036 0.019872 0.006677 0. 0. 0. G065
130.097214 33.292004 0.018875 0.006595 0. 0. 0. G066
129.862946 33.073387 0.017543 0.006332 0. 0. 0. G067
129.958954 32.768307 0.016330 0.006205 0. 0. 0. G068
130.621765 33.060135 0.018469 0.006792 0. 0. 0. G069
130.872650 32.995934 0.018457 0.006896 0. 0. 0. G070
130.748367 32.709232 0.016864 0.006572 0. 0. 0. G071
130.827347 32.396080 0.015450 0.006306 0. 0. 0. G073
130.179886 32.367409 0.014851 0.006012 0. 0. 0. G074
130.656494 32.343513 0.015094 0.006186 0. 0. 0. G075
130.986389 32.292397 0.015079 0.006258 0. 0. 0. G076
131.521149 33.514332 0.022583 0.007821 0. 0. 0. G077
131.291672 33.383755 0.021310 0.007519 0. 0. 0. G078
131.748413 33.096195 0.020196 0.007561 0. 0. 0. G079
132.039047 32.936356 0.019524 0.007538 0. 0. 0. G080
131.441528 32.898895 0.018602 0.007140 0. 0. 0. G081
131.629227 32.852222 0.018538 0.007193 0. 0. 0. G082
131.364700 32.527931 0.016491 0.006673 0. 0. 0. G083
131.583023 32.316231 0.015543 0.006489 0. 0. 0. G084
131.347488 32.111889 0.014432 0.006161 0. 0. 0. G085
131.254456 32.001804 0.013894 0.006002 0. 0. 0. G086
130.976959 31.877796 0.013265 0.005793 0. 0. 0. G087
131.470062 31.785973 0.013007 0.005769 0. 0. 0. G088
130.735672 31.743780 0.012654 0.005593 0. 0. 0. G089
130.998306 31.564604 0.012028 0.005438 0. 0. 0. G090
130.340057 31.450253 0.011489 0.005214 0. 0. 0. G091
130.540588 31.377237 0.011279 0.005172 0. 0. 0. G092
130.867111 31.242748 0.010851 0.005059 0. 0. 0. G093
127.993683 26.386345 0.002753 0.001480 0. 0. 0. G094
127.760361 26.312714 0.002726 0.001462 0. 0. 0. G095
127.677628 26.194576 0.002646 0.001412 0. 0. 0. G096
153.978653 24.290094 -0.005940 0.007496 0. 0. 0. G098
137.550842 36.114304 0.178674 0.032566 0. 0. 0. G099
138.727310 35.360771 0.141830 0.038627 0. 0. 0. G100
140.858307 43.209526 0.037447 -0.050993 0. 0. 0. G101
139.489197 42.078789 0.109995 -0.110076 0. 0. 0. G102
140.859207 40.897495 0.272336 -0.277793 0. 0. 0. G103
139.703461 39.942116 0.552183 -0.321322 0. 0. 0. G104
139.545959 38.563339 0.974747 -0.242918 0. 0. 0. G105
140.249451 35.129383 0.103348 0.018887 0. 0. 0. G107
139.615540 35.160152 0.123644 0.033502 0. 0. 0. G108
138.281250 37.814758 0.452909 -0.032943 0. 0. 0. G109
138.508514 37.356544 0.457934 -0.003320 0. 0. 0. G110
136.900330 37.405727 0.229908 0.002665 0. 0. 0. G111
136.148849 36.254585 0.126273 0.020241 0. 0. 0. G112
139.132965 34.895485 0.086895 0.024824 0. 0. 0. G113
138.764206 34.806900 0.079524 0.023999 0. 0. 0. G114
138.327408 34.870670 0.084270 0.026296 0. 0. 0. G115
136.823837 34.903965 0.074428 0.022992 0. 0. 0. G116
135.191544 34.144146 0.040910 0.014071 0. 0. 0. G117
134.315933 35.593685 0.065072 0.013911 0. 0. 0. G118
131.604645 34.627590 0.031222 0.008433 0. 0. 0. G119
133.243500 33.333500 0.024394 0.009087 0. 0. 0. G120
129.849289 33.473080 0.019342 0.006503 0. 0. 0. G121
134.178116 33.266125 0.025117 0.009636 0. 0. 0. G122
130.191071 32.017410 0.013476 0.005714 0. 0. 0. G123
127.824677 26.179472 0.002616 0.001395 0. 0. 0. G124
132.982178 32.869484 0.020049 0.007944 0. 0. 0. G125
132.810654 32.762100 0.019090 0.007652 0. 0. 0. G126
137.814484 35.777534 0.158198 0.035646 0. 0. 0. G127
136.728745 35.405132 0.098256 0.025588 0. 0. 0. G128
136.431931 34.603333 0.059214 0.019420 0. 0. 0. G129
135.589935 33.747604 0.034178 0.012648 0. 0. 0. G130
133.940872 33.722511 0.030167 0.010738 0. 0. 0. G131
133.043228 33.545834 0.026043 0.009319 0. 0. 0. G132
132.488770 33.039463 0.020793 0.007974 0. 0. 0. G133
132.922653 33.391029 0.024349 0.008918 0. 0. 0. G134
133.699570 35.490398 0.055843 0.012149 0. 0. 0. G135
137.636871 34.702118 0.070219 0.023020 0. 0. 0. G136
131.384033 33.078835 0.019589 0.007298 0. 0. 0. G137
137.595978 36.576969 0.227676 0.027312 0. 0. 0. G138
136.540482 34.285072 0.049163 0.017174 0. 0. 0. G139
136.081070 20.425549 -0.000203 -0.000890 0. 0. 0. G140
132.961685 33.103912 0.021917 0.008403 0. 0. 0. G141
132.675827 32.927689 0.020182 0.007894 0. 0. 0. G142
136.295578 34.930733 0.070186 0.021057 0. 0. 0. G143
138.794662 34.970566 0.095120 0.028386 0. 0. 0. G144
141.283188 38.901936 3.190373 -1.492099 0. 0. 0. G145
135.426102 34.085499 0.040533 0.014205 0. 0. 0. G146
131.835007 34.043789 0.027266 0.008547 0. 0. 0. G147
136.728226 34.490002 0.056724 0.019204 0. 0. 0. G148
136.693192 34.296612 0.049946 0.017456 0. 0. 0. G149
140.898788 42.557934 0.058463 -0.076431 0. 0. 0. G150
132.650330 34.492138 0.034526 0.009963 0. 0. 0. G151
133.924103 33.622295 0.028878 0.010451 0. 0. 0. G152
134.114166 33.774574 0.031309 0.011102 0. 0. 0. G153
135.305313 33.769405 0.034095 0.012512 0. 0. 0. G154
135.970596 33.660805 0.032888 0.012321 0. 0. 0. G155
136.024353 33.820427 0.036198 0.013352 0. 0. 0. G156
132.339813 34.397049 0.032189 0.009423 0. 0. 0. G157
136.772705 37.000721 0.197663 0.013317 0. 0. 0. G158
141.054657 39.362015 1.774919 -1.039592 0. 0. 0. G159
137.723373 34.672314 0.068916 0.022673 0. 0. 0. G160
137.442459 34.680382 0.068184 0.022467 0. 0. 0. G161
139.533829 38.511196 0.974668 -0.231477 0. 0. 0. G162
139.276184 36.602337 0.503002 0.036455 0. 0. 0. G163
132.268814 34.575432 0.033633 0.009383 0. 0. 0. G164
141.685333 45.407822 0.008758 -0.011350 0. 0. 0. G201
144.285797 44.019413 0.006099 0.001757 0. 0. 0. G202
144.371399 42.975571 0.008186 0.003888 0. 0. 0. G203
140.724533 41.781658 0.115934 -0.135545 0. 0. 0. G204
141.753250 39.019775 4.021486 -2.178287 0. 0. 0. G205
139.824921 34.918789 0.079871 0.017213 0. 0. 0. G206
137.224579 36.762173 0.214387 0.020790 0. 0. 0. G207
135.773193 33.475948 0.029445 0.011205 0. 0. 0. G208
132.066208 34.897312 0.035785 0.009059 0. 0. 0. G209
129.866196 32.735119 0.016094 0.006134 0. 0. 0. G210
131.409302 31.576969 0.012126 0.005494 0. 0. 0. G211
127.665207 26.213327 0.002662 0.001422 0. 0. 0. G212
142.194611 27.093943 -0.001517 -0.000275 0. 0. 0. G213
126.042999 34.460999 0.016142 0.004119 0. 0. 0. GASA
113.589996 24.850000 0.002675 0.001350 0. 0. 0. GDSG
116.599998 23.420000 0.002336 0.001288 0. 0. 0. GDST
113.570000 22.280001 0.002032 0.001120 0. 0. 0. GDZH
110.300003 21.150000 0.001744 0.000959 0. 0. 0. GDZJ
127.321999 34.007999 0.017095 0.004911 0. 0. 0. GEOM
131.015564 30.556448 0.008685 0.004285 0. 0. 0. GMSD
127.943001 35.667999 0.023857 0.004451 0. 0. 0. GOCH
127.787003 36.816002 0.026871 0.002992 0. 0. 0. GSAN
105.760002 35.529999 0.004169 0.001010 0. 0. 0. GSJN
106.589996 35.549999 0.004364 0.001039 0. 0. 0. GSPL
106.209999 34.750000 0.004130 0.001072 0. 0. 0. GSQS
105.910004 34.480000 0.004015 0.001073 0. 0. 0. GSTS
144.869995 13.590000 -0.000432 0.000412 0. 0. 0. GUAM
113.339996 23.180000 0.002235 0.001196 0. 0. 0. GUAN
144.800003 13.430000 -0.000422 0.000380 0. 0. 0. GUUG
109.209999 21.650000 0.001808 0.000973 0. 0. 0. GXBH
108.040001 24.690001 0.002295 0.001105 0. 0. 0. GXHC
108.150002 22.570000 0.001931 0.001004 0. 0. 0. GXNN
111.230003 23.480000 0.002221 0.001147 0. 0. 0. GXWZ
107.730003 27.980000 0.002943 0.001222 0. 0. 0. GZFG
106.669998 26.469999 0.002534 0.001126 0. 0. 0. GZGY
127.709000 35.161999 0.021541 0.004710 0. 0. 0. HADG
114.519997 35.660000 0.006373 0.001263 0. 0. 0. HAHB
112.449997 35.160000 0.005692 0.001272 0. 0. 0. HAJY
114.029999 32.849998 0.005309 0.001545 0. 0. 0. HAQS
109.489998 30.280001 0.003752 0.001368 0. 0. 0. HBES
112.169998 31.120001 0.004439 0.001527 0. 0. 0. HBJM
112.040001 32.000000 0.004690 0.001497 0. 0. 0. HBXF
110.970001 30.830000 0.004153 0.001460 0. 0. 0. HBZG
115.839996 40.880001 0.008074 0.000026 0. 0. 0. HECC
117.919998 41.020000 0.009577 -0.000250 0. 0. 0. HECD
116.930000 38.459999 0.008376 0.000706 0. 0. 0. HECX
114.309998 38.250000 0.006995 0.000779 0. 0. 0. HELQ
114.709999 37.400002 0.006948 0.000958 0. 0. 0. HELY
118.300003 39.740002 0.009819 0.000219 0. 0. 0. HETS
114.160004 40.130001 0.007224 0.000346 0. 0. 0. HEYY
114.900002 40.830002 0.007592 0.000118 0. 0. 0. HEZJ
125.204002 34.710999 0.015292 0.003645 0. 0. 0. HGDO
110.250000 19.990000 0.001563 0.000885 0. 0. 0. HIHK
109.529999 18.240000 0.001339 0.000791 0. 0. 0. HISY
114.335373 22.434282 0.002081 0.001153 0. 0. 0. HKWS
119.739998 49.270000 0.006812 -0.002693 0. 0. 0. HLAR
134.279999 48.369999 0.010311 -0.011028 0. 0. 0. HLFY
130.240005 47.349998 0.014702 -0.010551 0. 0. 0. HLHG
126.139999 48.669998 0.010116 -0.006020 0. 0. 0. HLWD
109.800003 27.879999 0.003166 0.001335 0. 0. 0. HNMY
129.567001 36.077999 0.031443 0.004962 0. 0. 0. HOMI
128.194000 37.709000 0.030771 0.001486 0. 0. 0. HONC
126.620003 45.700001 0.016746 -0.007504 0. 0. 0. HRBN
139.542297 36.295162 0.481826 0.049761 0. 0. 0. I001
140.174271 36.263268 0.736028 0.022817 0. 0. 0. I002
139.810532 36.203671 0.535240 0.051569 0. 0. 0. I003
140.544479 36.181309 0.898679 -0.046310 0. 0. 0. I004
139.345169 36.120953 0.370501 0.054765 0. 0. 0. I005
140.343155 36.096935 0.712700 0.020907 0. 0. 0. I006
139.636719 36.087227 0.427457 0.058397 0. 0. 0. I007
139.799927 36.010895 0.439415 0.061842 0. 0. 0. I008
140.659241 35.955456 0.761418 -0.042926 0. 0. 0. I009
140.402954 35.970409 0.642605 0.029087 0. 0. 0. I010
139.464279 35.925503 0.328532 0.058905 0. 0. 0. I011
139.992722 35.940292 0.460246 0.064164 0. 0. 0. I012
139.651855 35.937469 0.369563 0.062015 0. 0. 0. I013
140.145493 35.873650 0.466821 0.063984 0. 0. 0. I014
140.407013 35.803329 0.500506 0.048791 0. 0. 0. I015
139.812805 35.780212 0.333939 0.064886 0. 0. 0. I016
140.024750 35.786465 0.380280 0.067398 0. 0. 0. I018
139.488266 35.710369 0.260891 0.057172 0. 0. 0. I019
140.315140 35.717453 0.403343 0.061016 0. 0. 0. I020
140.646820 35.777302 0.557676 0.002199 0. 0. 0. I021
140.837234 35.726357 0.528184 -0.065996 0. 0. 0. I022
139.902359 35.675465 0.300380 0.064003 0. 0. 0. I023
140.448303 35.642353 0.372265 0.051581 0. 0. 0. I024
140.186569 35.544144 0.268793 0.058731 0. 0. 0. I025
139.673355 35.563404 0.231025 0.055629 0. 0. 0. I026
140.318237 35.530117 0.272681 0.054890 0. 0. 0. I027
139.467834 35.521408 0.203849 0.050807 0. 0. 0. I028
139.322571 35.482639 0.186107 0.047511 0. 0. 0. I029
140.051331 35.447784 0.213033 0.052159 0. 0. 0. I030
139.045181 35.415352 0.160599 0.042519 0. 0. 0. I031
139.653748 35.436485 0.190380 0.049108 0. 0. 0. I032
140.337372 35.421127 0.210491 0.044823 0. 0. 0. I033
139.466064 35.326683 0.156353 0.042173 0. 0. 0. I034
139.262695 35.304901 0.146987 0.040198 0. 0. 0. I035
139.825516 35.311703 0.160116 0.042197 0. 0. 0. I036
140.146790 35.333141 0.169869 0.041315 0. 0. 0. I037
138.881653 35.321602 0.140306 0.038615 0. 0. 0. I038
139.843567 35.143711 0.118804 0.030484 0. 0. 0. I039
140.268021 35.165901 0.112031 0.021429 0. 0. 0. I041
139.110443 35.148605 0.118890 0.033876 0. 0. 0. I042
138.901855 35.110016 0.111679 0.032443 0. 0. 0. I043
140.079269 35.111862 0.106354 0.023452 0. 0. 0. I044
139.954346 35.254807 0.144943 0.037236 0. 0. 0. I045
138.997925 35.014828 0.100679 0.029381 0. 0. 0. I046
139.864075 34.954082 0.083944 0.018284 0. 0. 0. I047
139.131165 34.939308 0.091822 0.026350 0. 0. 0. I048
138.924820 34.916115 0.089663 0.026486 0. 0. 0. I049
137.672333 34.835331 0.078088 0.024937 0. 0. 0. I050
139.381393 34.784420 0.072675 0.018576 0. 0. 0. I051
138.017532 34.785950 0.076872 0.024633 0. 0. 0. I052
138.989822 34.751350 0.073637 0.021226 0. 0. 0. I053
139.433212 34.686787 0.062510 0.014426 0. 0. 0. I055
139.257904 34.371826 0.043079 0.008241 0. 0. 0. I057
139.134460 34.200478 0.036273 0.006392 0. 0. 0. I058
139.503845 34.121067 0.027302 -0.000279 0. 0. 0. I059
139.547150 34.059113 0.024364 -0.001848 0. 0. 0. I060
139.013687 34.921822 0.090163 0.026320 0. 0. 0. I061
139.124359 34.878475 0.085106 0.024301 0. 0. 0. I062
139.268127 35.723759 0.241885 0.053435 0. 0. 0. I063
138.975861 35.623348 0.196412 0.047037 0. 0. 0. I064
139.157227 35.610275 0.205354 0.049201 0. 0. 0. I065
139.204865 35.428520 0.169153 0.044370 0. 0. 0. I066
139.664841 35.267094 0.146633 0.039493 0. 0. 0. I067
139.049332 35.245514 0.132488 0.037112 0. 0. 0. I068
138.445251 35.443581 0.144297 0.038192 0. 0. 0. I069
138.814041 35.496590 0.165383 0.042484 0. 0. 0. I070
138.563431 35.362080 0.137458 0.037529 0. 0. 0. I071
138.770676 35.305538 0.135269 0.037533 0. 0. 0. I072
138.445694 35.289463 0.125797 0.035315 0. 0. 0. I073
138.253510 35.200977 0.112712 0.032642 0. 0. 0. I074
138.616989 35.203182 0.119149 0.034254 0. 0. 0. I075
138.721542 35.173592 0.117282 0.033879 0. 0. 0. I076
138.524704 35.067406 0.103171 0.030779 0. 0. 0. I077
138.368698 35.103458 0.104949 0.031188 0. 0. 0. I078
138.134903 35.103912 0.101990 0.030423 0. 0. 0. I079
138.378296 34.990524 0.094604 0.028840 0. 0. 0. I081
137.695236 35.079292 0.094304 0.028324 0. 0. 0. I084
138.786057 34.776073 0.076817 0.023093 0. 0. 0. I085
138.838425 34.610001 0.063497 0.018505 0. 0. 0. I086
138.074860 34.939796 0.088077 0.027376 0. 0. 0. I088
137.932144 34.843857 0.080294 0.025523 0. 0. 0. I089
137.817947 34.941345 0.086041 0.026815 0. 0. 0. I090
138.136917 34.757755 0.075394 0.024140 0. 0. 0. I091
138.225601 34.738308 0.074263 0.023714 0. 0. 0. I092
138.053543 34.715252 0.072410 0.023410 0. 0. 0. I093
138.129288 34.642902 0.067999 0.022060 0. 0. 0. I094
137.937439 34.670422 0.069409 0.022689 0. 0. 0. I095
137.911270 34.755394 0.074483 0.024066 0. 0. 0. I096
137.791794 34.792835 0.076234 0.024530 0. 0. 0. I097
137.823425 34.671883 0.069205 0.022711 0. 0. 0. I098
137.575485 34.937675 0.083577 0.026052 0. 0. 0. I099
137.434006 34.864815 0.078013 0.024717 0. 0. 0. I102
137.554337 34.808727 0.075728 0.024322 0. 0. 0. I103
137.514938 34.718052 0.070500 0.023063 0. 0. 0. I104
139.171036 35.040627 0.104286 0.029841 0. 0. 0. I105
139.797241 33.119949 0.004694 -0.009481 0. 0. 0. I113
126.685997 37.419998 0.024461 0.001901 0. 0. 0. INCH
128.171005 38.069000 0.031408 0.000738 0. 0. 0. INJE
104.316177 52.219021 0.003637 -0.000558 0. 0. 0. IRKJ
104.316238 52.219025 0.003637 -0.000558 0. 0. 0. IRKM
104.316002 52.219002 0.003637 -0.000558 0. 0. 0. IRKT
141.750443 45.402992 0.008594 -0.011015 0. 0. 0. J001
143.224182 44.433685 0.007697 -0.005273 0. 0. 0. J002
141.756317 44.397949 0.013605 -0.018398 0. 0. 0. J003
144.675842 43.915691 0.005419 0.003887 0. 0. 0. J004
144.449005 43.507858 0.006673 0.003372 0. 0. 0. J005
142.482483 43.589657 0.015380 -0.018560 0. 0. 0. J007
141.510376 43.854012 0.019934 -0.027942 0. 0. 0. J008
145.129623 43.070080 0.004810 0.007618 0. 0. 0. J009
144.431931 42.963261 0.007931 0.004418 0. 0. 0. J010
143.459229 43.028625 0.012959 -0.007492 0. 0. 0. J011
142.401978 42.980515 0.022788 -0.028894 0. 0. 0. J012
141.030914 43.177853 0.036066 -0.049644 0. 0. 0. J013
141.730667 42.983253 0.031193 -0.043313 0. 0. 0. J014
143.331009 42.321594 0.020606 -0.015065 0. 0. 0. J015
142.364609 42.356903 0.035750 -0.046326 0. 0. 0. J016
139.857666 42.450733 0.081130 -0.091056 0. 0. 0. J017
140.942413 42.374214 0.066400 -0.085814 0. 0. 0. J018
143.156525 42.005856 0.028475 -0.026067 0. 0. 0. J019
139.519592 42.153545 0.104158 -0.106065 0. 0. 0. J020
140.107330 42.008076 0.108203 -0.118387 0. 0. 0. J021
140.747833 41.826073 0.110861 -0.130925 0. 0. 0. J022
140.040649 41.466377 0.168403 -0.165218 0. 0. 0. J023
141.213272 41.300774 0.162940 -0.192883 0. 0. 0. J024
140.272980 40.778984 0.309424 -0.269697 0. 0. 0. J026
141.789093 40.133450 0.745483 -0.746273 0. 0. 0. J027
141.939957 39.572384 1.990069 -1.488452 0. 0. 0. J028
141.203918 39.110626 2.507755 -1.316954 0. 0. 0. J029
139.776154 39.967903 0.556626 -0.332058 0. 0. 0. J030
140.048233 39.398697 0.945129 -0.457343 0. 0. 0. J031
139.808853 38.894604 1.064184 -0.361032 0. 0. 0. J032
140.318741 38.758595 1.640063 -0.558147 0. 0. 0. J033
140.366089 38.331028 1.927280 -0.448898 0. 0. 0. J035
141.441162 38.449196 4.838878 -1.614022 0. 0. 0. J036
140.954178 38.317486 3.229325 -0.845273 0. 0. 0. J037
140.908081 37.800671 2.871741 -0.468784 0. 0. 0. J038
139.791504 37.643696 1.111481 -0.096137 0. 0. 0. J040
140.902512 37.090714 1.998264 -0.338627 0. 0. 0. J041
140.611832 36.539928 1.236345 -0.119803 0. 0. 0. J042
139.726425 36.401848 0.591241 0.040094 0. 0. 0. J043
138.906265 36.697025 0.430102 0.032977 0. 0. 0. J044
138.865402 36.259033 0.322059 0.046495 0. 0. 0. J045
137.851120 36.499767 0.241695 0.031066 0. 0. 0. J046
137.943802 35.923580 0.180524 0.037267 0. 0. 0. J047
138.583298 35.590336 0.169764 0.041882 0. 0. 0. J048
139.509567 38.230690 0.978916 -0.175289 0. 0. 0. J049
138.988861 37.896469 0.678265 -0.070450 0. 0. 0. J050
138.574402 37.397678 0.479842 -0.007192 0. 0. 0. J051
137.487228 36.928959 0.251208 0.018102 0. 0. 0. J052
136.889160 37.382374 0.227749 0.003400 0. 0. 0. J053
136.649933 36.663410 0.170166 0.018994 0. 0. 0. J054
136.172974 36.231174 0.125992 0.020558 0. 0. 0. J055
136.105804 35.602562 0.095106 0.022113 0. 0. 0. J056
135.233383 35.549904 0.077238 0.017581 0. 0. 0. J057
137.347916 36.135994 0.169693 0.030456 0. 0. 0. J058
137.248367 35.800484 0.137879 0.030445 0. 0. 0. J059
136.900024 35.526073 0.108889 0.027157 0. 0. 0. J060
137.467575 35.396767 0.113452 0.030418 0. 0. 0. J061
136.158234 35.094727 0.074962 0.021247 0. 0. 0. J062
137.041290 35.128109 0.088377 0.025747 0. 0. 0. J063
136.502289 34.758999 0.065449 0.020746 0. 0. 0. J064
136.851135 34.465389 0.056320 0.019196 0. 0. 0. J065
136.198364 34.060658 0.042056 0.015095 0. 0. 0. J066
135.500977 34.837997 0.059495 0.017642 0. 0. 0. J067
135.851410 34.392300 0.049540 0.016634 0. 0. 0. J068
135.221497 34.157684 0.041300 0.014184 0. 0. 0. J069
135.764420 33.483360 0.029569 0.011247 0. 0. 0. J070
134.550385 34.784813 0.050373 0.014483 0. 0. 0. J071
133.058655 35.433876 0.048796 0.010604 0. 0. 0. J074
132.208969 35.002811 0.037616 0.009255 0. 0. 0. J075
131.610367 34.616493 0.031154 0.008441 0. 0. 0. J076
133.527985 34.548798 0.039685 0.011645 0. 0. 0. J077
132.575439 34.340355 0.032590 0.009746 0. 0. 0. J078
130.913635 33.996555 0.024382 0.007550 0. 0. 0. J079
134.023911 34.286026 0.038351 0.012235 0. 0. 0. J080
134.626022 33.926857 0.035042 0.012297 0. 0. 0. J081
134.122131 33.315895 0.025611 0.009751 0. 0. 0. J082
133.578262 33.529148 0.027035 0.009842 0. 0. 0. J083
133.241791 33.272900 0.023819 0.008957 0. 0. 0. J084
132.966415 32.755737 0.019168 0.007706 0. 0. 0. J085
132.281174 33.469009 0.023762 0.008451 0. 0. 0. J086
130.476776 33.730721 0.021806 0.007070 0. 0. 0. J087
131.691376 33.461544 0.022551 0.007918 0. 0. 0. J088
130.967819 33.331085 0.020446 0.007230 0. 0. 0. J089
131.876373 32.924587 0.019259 0.007426 0. 0. 0. J090
129.850296 33.476070 0.019357 0.006505 0. 0. 0. J091
130.645599 32.546410 0.016000 0.006373 0. 0. 0. J093
131.632324 32.445446 0.016247 0.006676 0. 0. 0. J094
131.469681 32.021755 0.014061 0.006075 0. 0. 0. J095
130.190140 32.013245 0.013460 0.005710 0. 0. 0. J096
130.466446 31.503769 0.011702 0.005290 0. 0. 0. J097
130.299484 31.264591 0.010866 0.005024 0. 0. 0. J098
131.087540 31.258533 0.010911 0.005087 0. 0. 0. J099
127.768921 26.144814 0.002598 0.001383 0. 0. 0. J100
142.169739 45.335827 0.007713 -0.008976 0. 0. 0. J101
141.038208 45.275967 0.011379 -0.015811 0. 0. 0. J102
142.537094 45.002399 0.007813 -0.008166 0. 0. 0. J103
141.741394 44.892460 0.010798 -0.014275 0. 0. 0. J104
142.265244 44.728497 0.009656 -0.011487 0. 0. 0. J105
141.330063 44.427048 0.015626 -0.021852 0. 0. 0. J106
142.625595 44.294567 0.010234 -0.011042 0. 0. 0. J107
144.029770 44.063873 0.006598 0.000135 0. 0. 0. J108
145.186096 44.019184 0.004300 0.005412 0. 0. 0. J109
142.151688 44.006779 0.014223 -0.018356 0. 0. 0. J110
143.333694 44.005619 0.008776 -0.005591 0. 0. 0. J111
143.926941 42.894516 0.010809 -0.000802 0. 0. 0. J112
144.986969 43.549397 0.005077 0.005863 0. 0. 0. J113
143.787262 43.848896 0.007813 -0.001795 0. 0. 0. J114
145.131439 43.661823 0.004627 0.006031 0. 0. 0. J115
144.774323 43.408688 0.005838 0.005365 0. 0. 0. J116
141.431183 43.404678 0.026853 -0.037702 0. 0. 0. J117
145.114960 43.382526 0.004807 0.006679 0. 0. 0. J118
145.801132 43.366852 0.002634 0.007521 0. 0. 0. J119
140.597076 43.292583 0.038487 -0.051478 0. 0. 0. J120
143.562424 43.289471 0.010876 -0.005113 0. 0. 0. J121
144.325027 43.232933 0.007720 0.002972 0. 0. 0. J122
143.298019 43.231995 0.012677 -0.009087 0. 0. 0. J123
144.126526 43.120609 0.008884 0.001359 0. 0. 0. J124
144.843018 43.057594 0.005978 0.006663 0. 0. 0. J125
140.499176 43.056828 0.046244 -0.060266 0. 0. 0. J126
140.543945 42.985252 0.047933 -0.062428 0. 0. 0. J127
141.290329 42.971378 0.037707 -0.052168 0. 0. 0. J128
140.883347 42.857887 0.047209 -0.063066 0. 0. 0. J129
140.603516 42.802719 0.053495 -0.069101 0. 0. 0. J130
140.233200 42.786434 0.059566 -0.073378 0. 0. 0. J131
141.863983 42.729443 0.035034 -0.048177 0. 0. 0. J132
142.295807 42.727238 0.028403 -0.037104 0. 0. 0. J133
143.103256 42.699268 0.018745 -0.016906 0. 0. 0. J134
141.074951 42.667877 0.050734 -0.068051 0. 0. 0. J135
141.602264 42.655529 0.041591 -0.057346 0. 0. 0. J136
140.825684 42.646290 0.056028 -0.073216 0. 0. 0. J137
143.461151 42.551647 0.016645 -0.009845 0. 0. 0. J138
141.361481 42.549801 0.049777 -0.067681 0. 0. 0. J139
140.354202 42.494362 0.071342 -0.086554 0. 0. 0. J140
142.060226 42.481281 0.038218 -0.051680 0. 0. 0. J141
142.567459 42.247726 0.034601 -0.042763 0. 0. 0. J142
140.250488 42.243679 0.088031 -0.101962 0. 0. 0. J143
142.935394 42.130936 0.030126 -0.031960 0. 0. 0. J144
140.003952 42.130848 0.100073 -0.109743 0. 0. 0. J145
140.568863 42.098606 0.092024 -0.109700 0. 0. 0. J146
140.805542 42.042969 0.090623 -0.111062 0. 0. 0. J147
140.315887 41.599026 0.146611 -0.155104 0. 0. 0. J149
140.880508 41.455299 0.151414 -0.172922 0. 0. 0. J150
140.635895 41.043221 0.237779 -0.239090 0. 0. 0. J151
141.367966 40.968243 0.228876 -0.264731 0. 0. 0. J152
141.197830 40.625069 0.366425 -0.378154 0. 0. 0. J153
139.928116 40.577644 0.356068 -0.272432 0. 0. 0. J154
140.578140 40.523655 0.410431 -0.354593 0. 0. 0. J155
141.511276 40.515358 0.410151 -0.444406 0. 0. 0. J156
141.076477 40.291077 0.570620 -0.514010 0. 0. 0. J157
141.713135 40.405201 0.470675 -0.517832 0. 0. 0. J158
141.293686 40.291149 0.579465 -0.552265 0. 0. 0. J159
141.461945 40.048599 0.845889 -0.761493 0. 0. 0. J160
141.225067 39.980576 0.894801 -0.736210 0. 0. 0. J161
141.950546 39.869370 1.215417 -1.056183 0. 0. 0. J162
141.164856 39.851246 1.047519 -0.799766 0. 0. 0. J163
141.803848 39.849174 1.223001 -1.055959 0. 0. 0. J164
140.964508 39.701092 1.163937 -0.791876 0. 0. 0. J165
141.172104 39.596573 1.449547 -0.979211 0. 0. 0. J166
141.955261 39.458160 2.407901 -1.709473 0. 0. 0. J167
141.534164 39.338055 2.360967 -1.499208 0. 0. 0. J169
141.798035 39.253517 3.022633 -1.912017 0. 0. 0. J170
141.739853 39.023781 3.957743 -2.146696 0. 0. 0. J171
141.572586 38.902859 3.962916 -1.941245 0. 0. 0. J172
140.990585 38.815342 2.735477 -1.130226 0. 0. 0. J173
140.801636 38.748936 2.447368 -0.920332 0. 0. 0. J174
141.449371 38.682697 4.309632 -1.758481 0. 0. 0. J175
141.147537 38.539482 3.602309 -1.225289 0. 0. 0. J176
140.851364 38.411758 2.914697 -0.819413 0. 0. 0. J177
140.642853 38.205742 2.480789 -0.534796 0. 0. 0. J178
140.843994 38.029659 2.896594 -0.549609 0. 0. 0. J179
140.442581 37.989929 2.043594 -0.329313 0. 0. 0. J180
140.577347 40.325047 0.508110 -0.410860 0. 0. 0. J181
140.263657 40.271156 0.501311 -0.371144 0. 0. 0. J182
140.787338 40.215439 0.599016 -0.488636 0. 0. 0. J183
140.048676 40.247295 0.484987 -0.340295 0. 0. 0. J184
140.401993 40.006878 0.672323 -0.463472 0. 0. 0. J185
140.132370 39.936054 0.650859 -0.411812 0. 0. 0. J186
140.597046 39.749161 0.935940 -0.602076 0. 0. 0. J187
140.234207 39.658310 0.857889 -0.490540 0. 0. 0. J188
140.386627 39.549294 1.014939 -0.568579 0. 0. 0. J189
140.559784 39.327003 1.352826 -0.701010 0. 0. 0. J190
139.907715 39.206062 0.979383 -0.413847 0. 0. 0. J191
140.161987 39.164211 1.178162 -0.511544 0. 0. 0. J192
140.629593 39.051903 1.758455 -0.787518 0. 0. 0. J193
139.547653 39.185562 0.800649 -0.311485 0. 0. 0. J194
139.957367 38.759720 1.242105 -0.392878 0. 0. 0. J195
139.831772 38.594036 1.187805 -0.320492 0. 0. 0. J196
139.742249 38.146175 1.159930 -0.196945 0. 0. 0. J197
140.093521 37.963608 1.511578 -0.219510 0. 0. 0. J198
140.077576 38.197544 1.516702 -0.289685 0. 0. 0. J199
140.466492 37.683308 1.922363 -0.224361 0. 0. 0. J200
140.755081 37.560555 2.292937 -0.290607 0. 0. 0. J201
140.072678 37.566948 1.348131 -0.117182 0. 0. 0. J202
141.006607 37.533691 2.789785 -0.421723 0. 0. 0. J203
139.528625 37.473461 0.875022 -0.047779 0. 0. 0. J204
140.662109 37.325470 1.905990 -0.217654 0. 0. 0. J205
139.364349 37.302799 0.739829 -0.019087 0. 0. 0. J206
139.503769 37.281490 0.805179 -0.023340 0. 0. 0. J207
139.871429 37.261070 1.035447 -0.047575 0. 0. 0. J209
140.259933 37.126293 1.305687 -0.088493 0. 0. 0. J210
140.561646 37.089294 1.590881 -0.169328 0. 0. 0. J211
140.413269 36.862091 1.289531 -0.098779 0. 0. 0. J212
140.293427 36.650566 1.053680 -0.043987 0. 0. 0. J213
140.753906 36.800308 1.592436 -0.231727 0. 0. 0. J214
140.077942 36.364914 0.743389 0.021511 0. 0. 0. J215
140.476334 36.344368 0.977442 -0.049134 0. 0. 0. J216
140.039261 36.854233 0.975443 -0.024317 0. 0. 0. J217
139.619247 36.665985 0.651287 0.025059 0. 0. 0. J218
139.923462 36.598946 0.776865 0.012449 0. 0. 0. J219
139.224899 36.769691 0.535744 0.027590 0. 0. 0. J220
138.552719 36.507996 0.325178 0.037650 0. 0. 0. J221
139.330383 36.421627 0.463097 0.044853 0. 0. 0. J222
139.075684 35.986893 0.287553 0.052233 0. 0. 0. J223
139.795990 35.895969 0.383877 0.064611 0. 0. 0. J224
140.048096 35.657207 0.312951 0.064951 0. 0. 0. J225
140.384903 35.243244 0.130112 0.023236 0. 0. 0. J226
139.974884 35.002792 0.088429 0.018537 0. 0. 0. J227
139.630646 35.663696 0.261271 0.058667 0. 0. 0. J228
139.162598 35.336208 0.150164 0.040809 0. 0. 0. J229
139.142410 35.268600 0.137985 0.038281 0. 0. 0. J230
139.253342 38.465393 0.813623 -0.176147 0. 0. 0. J231
138.513092 38.319347 0.532556 -0.086854 0. 0. 0. J232
138.471680 38.063278 0.515273 -0.060808 0. 0. 0. J233
139.351471 37.929382 0.859733 -0.102460 0. 0. 0. J234
138.273071 37.815903 0.451128 -0.032808 0. 0. 0. J235
139.477890 37.685905 0.896032 -0.074557 0. 0. 0. J236
138.780502 37.667522 0.575679 -0.035376 0. 0. 0. J237
139.059113 37.662296 0.678057 -0.046046 0. 0. 0. J238
138.998016 37.467720 0.621334 -0.022812 0. 0. 0. J239
138.789978 37.311314 0.525069 -0.004071 0. 0. 0. J240
138.333572 37.231121 0.403046 0.006184 0. 0. 0. J241
138.933716 37.166035 0.540692 0.004785 0. 0. 0. J242
138.100189 37.160789 0.352498 0.010691 0. 0. 0. J243
138.608719 37.079132 0.438286 0.013631 0. 0. 0. J244
137.873840 37.045174 0.306434 0.015589 0. 0. 0. J245
138.830841 36.993458 0.476051 0.017536 0. 0. 0. J246
138.198669 36.865402 0.329710 0.023574 0. 0. 0. J247
136.996124 36.740620 0.196273 0.019799 0. 0. 0. J248
137.195190 36.634335 0.202056 0.023095 0. 0. 0. J249
137.439896 36.578705 0.215304 0.025985 0. 0. 0. J250
136.920563 36.401878 0.167933 0.024356 0. 0. 0. J251
136.919266 37.850494 0.250643 -0.012767 0. 0. 0. J252
137.270050 37.446026 0.267657 0.000397 0. 0. 0. J253
136.388947 36.394455 0.142481 0.020621 0. 0. 0. J255
136.633942 36.165291 0.139492 0.024205 0. 0. 0. J256
136.278946 36.145618 0.125416 0.021796 0. 0. 0. J257
136.504929 35.984909 0.124452 0.024153 0. 0. 0. J258
135.989761 35.945004 0.107304 0.020855 0. 0. 0. J259
136.197388 35.792782 0.105811 0.022545 0. 0. 0. J260
135.907639 35.534409 0.088366 0.020961 0. 0. 0. J261
135.608887 35.462715 0.080497 0.019378 0. 0. 0. J262
138.316391 35.855980 0.193834 0.041384 0. 0. 0. J263
138.695129 35.746876 0.201154 0.045284 0. 0. 0. J264
138.436172 36.801708 0.357665 0.027101 0. 0. 0. J265
137.872330 36.706470 0.268048 0.026605 0. 0. 0. J266
138.247467 36.665154 0.307797 0.030630 0. 0. 0. J267
138.322525 36.386177 0.274402 0.037988 0. 0. 0. J268
138.637802 36.346012 0.306983 0.042254 0. 0. 0. J269
137.902817 36.322372 0.225077 0.034373 0. 0. 0. J270
138.216492 36.208466 0.236884 0.039192 0. 0. 0. J271
138.460968 36.130638 0.247567 0.042868 0. 0. 0. J272
137.983017 36.121109 0.206624 0.037146 0. 0. 0. J273
137.696259 35.783619 0.153759 0.034512 0. 0. 0. J274
138.038315 35.556129 0.143716 0.036264 0. 0. 0. J275
137.815231 35.521091 0.133004 0.034055 0. 0. 0. J276
137.925278 35.317142 0.117173 0.032628 0. 0. 0. J277
137.587662 35.246998 0.104767 0.029779 0. 0. 0. J278
137.147171 36.335510 0.175319 0.026943 0. 0. 0. J279
136.952759 36.033047 0.143656 0.027463 0. 0. 0. J280
137.534866 35.973457 0.164502 0.032968 0. 0. 0. J281
136.863174 35.866940 0.129235 0.027203 0. 0. 0. J282
136.975296 35.757782 0.125688 0.028161 0. 0. 0. J283
137.424774 35.657188 0.132584 0.031648 0. 0. 0. J284
136.488770 35.636154 0.105250 0.024543 0. 0. 0. J285
136.611389 35.632896 0.108051 0.025373 0. 0. 0. J286
137.174149 35.612087 0.121609 0.029461 0. 0. 0. J287
136.687286 35.488323 0.101913 0.025603 0. 0. 0. J288
137.124695 35.478699 0.111222 0.028544 0. 0. 0. J289
136.549744 35.371708 0.093111 0.024372 0. 0. 0. J291
137.110229 35.367371 0.103725 0.027833 0. 0. 0. J292
137.405609 35.261967 0.102512 0.028866 0. 0. 0. J293
136.593445 35.227905 0.086824 0.024017 0. 0. 0. J294
137.980408 35.031517 0.094203 0.028686 0. 0. 0. J295
138.515671 34.986496 0.095242 0.028884 0. 0. 0. J296
138.922256 34.865589 0.084583 0.024984 0. 0. 0. J297
136.929977 35.334759 0.098229 0.026510 0. 0. 0. J298
136.828827 35.190105 0.088570 0.025076 0. 0. 0. J299
137.253555 35.138752 0.092061 0.026911 0. 0. 0. J300
137.313171 35.039463 0.086901 0.026228 0. 0. 0. J301
137.059784 34.994991 0.081419 0.024716 0. 0. 0. J302
137.299942 34.919746 0.079888 0.024913 0. 0. 0. J303
136.867645 34.823357 0.071151 0.022482 0. 0. 0. J304
137.119003 34.794872 0.071855 0.023020 0. 0. 0. J305
137.277832 34.648663 0.065840 0.021813 0. 0. 0. J306
137.068069 34.609238 0.063032 0.020993 0. 0. 0. J307
136.636505 34.913803 0.072993 0.022329 0. 0. 0. J309
136.183456 34.742874 0.062313 0.019575 0. 0. 0. J310
136.550659 34.547047 0.057910 0.019297 0. 0. 0. J311
136.334259 34.433140 0.053024 0.017957 0. 0. 0. J312
136.820618 34.253441 0.048820 0.017183 0. 0. 0. J314
136.085907 33.875137 0.037466 0.013743 0. 0. 0. J315
136.010895 33.741272 0.034524 0.012838 0. 0. 0. J316
136.197952 35.557331 0.095015 0.022644 0. 0. 0. J317
136.053665 35.466286 0.088305 0.021719 0. 0. 0. J318
135.913208 35.351254 0.081358 0.020798 0. 0. 0. J319
136.062820 35.318974 0.082463 0.021505 0. 0. 0. J320
136.235611 35.269440 0.083128 0.022272 0. 0. 0. J321
135.870804 35.137039 0.072897 0.020082 0. 0. 0. J322
136.145035 34.986385 0.070684 0.020713 0. 0. 0. J323
135.906158 34.939602 0.066490 0.019530 0. 0. 0. J324
136.054825 34.869328 0.065558 0.019793 0. 0. 0. J326
135.173218 35.752354 0.082333 0.017031 0. 0. 0. J327
134.932281 35.555683 0.072759 0.016274 0. 0. 0. J328
135.164032 35.292336 0.068719 0.017276 0. 0. 0. J329
135.366898 35.163788 0.067537 0.017963 0. 0. 0. J331
135.564514 35.077583 0.067244 0.018597 0. 0. 0. J332
135.665436 34.988571 0.065575 0.018752 0. 0. 0. J333
135.864151 34.746971 0.059880 0.018523 0. 0. 0. J334
135.685455 34.777840 0.059345 0.018054 0. 0. 0. J335
135.518494 34.677906 0.055209 0.017108 0. 0. 0. J336
135.481339 34.527309 0.051016 0.016376 0. 0. 0. J337
135.627335 34.479107 0.050646 0.016542 0. 0. 0. J338
135.586945 34.424809 0.049033 0.016181 0. 0. 0. J339
135.364151 34.406452 0.047402 0.015560 0. 0. 0. J340
134.582489 35.436749 0.064989 0.015015 0. 0. 0. J341
134.818497 35.314899 0.064984 0.015920 0. 0. 0. J342
135.181900 35.105286 0.063749 0.017131 0. 0. 0. J343
134.585953 35.094456 0.057260 0.014992 0. 0. 0. J344
134.972595 35.090786 0.061114 0.016328 0. 0. 0. J345
134.403778 34.997593 0.053501 0.014332 0. 0. 0. J346
134.767303 34.984684 0.056530 0.015471 0. 0. 0. J347
135.325989 34.976788 0.061734 0.017415 0. 0. 0. J348
135.176422 34.944794 0.059411 0.016799 0. 0. 0. J349
134.545242 34.897266 0.052653 0.014646 0. 0. 0. J350
135.215912 34.812187 0.056340 0.016595 0. 0. 0. J351
134.997238 34.804916 0.054348 0.015871 0. 0. 0. J352
135.341782 34.790905 0.056841 0.016946 0. 0. 0. J353
134.828781 34.786961 0.052581 0.015309 0. 0. 0. J354
135.380386 34.724251 0.055396 0.016849 0. 0. 0. J355
135.172287 34.686989 0.052882 0.016083 0. 0. 0. J356
134.519562 34.669880 0.047849 0.014181 0. 0. 0. J357
134.965698 34.669739 0.050979 0.015424 0. 0. 0. J358
135.024078 34.577053 0.049294 0.015315 0. 0. 0. J359
134.860977 34.493320 0.046475 0.014630 0. 0. 0. J360
134.881531 34.349770 0.043666 0.014222 0. 0. 0. J361
134.735184 34.334332 0.042628 0.013847 0. 0. 0. J362
134.736542 34.223671 0.040565 0.013496 0. 0. 0. J363
136.050385 34.567032 0.055654 0.018137 0. 0. 0. J364
135.731003 34.539223 0.052870 0.017110 0. 0. 0. J365
135.704178 34.388302 0.048709 0.016276 0. 0. 0. J366
135.963745 34.038166 0.040999 0.014696 0. 0. 0. J367
135.357956 34.256138 0.043953 0.014885 0. 0. 0. J368
135.065979 34.271461 0.042975 0.014343 0. 0. 0. J369
135.590118 34.221828 0.044135 0.015176 0. 0. 0. J370
135.384857 33.961674 0.037887 0.013538 0. 0. 0. J371
135.180084 33.913853 0.036427 0.013039 0. 0. 0. J372
135.782089 33.815201 0.035780 0.013170 0. 0. 0. J373
135.508392 33.785488 0.034761 0.012783 0. 0. 0. J374
135.396179 33.744274 0.033809 0.012473 0. 0. 0. J375
135.920715 33.583912 0.031404 0.011842 0. 0. 0. J376
135.599197 33.505619 0.029881 0.011348 0. 0. 0. J377
134.046677 35.456753 0.059022 0.013203 0. 0. 0. J378
133.439072 35.345535 0.050921 0.011603 0. 0. 0. J379
134.237366 35.265862 0.057331 0.013912 0. 0. 0. J380
133.308533 35.164574 0.047084 0.011392 0. 0. 0. J381
133.239883 36.285290 0.062885 0.009001 0. 0. 0. J382
132.984375 36.093208 0.057023 0.009106 0. 0. 0. J383
132.743210 35.392616 0.045622 0.009971 0. 0. 0. J384
132.995422 35.195614 0.045068 0.010666 0. 0. 0. J385
132.507324 35.185955 0.041445 0.009686 0. 0. 0. J386
132.720505 35.019772 0.040929 0.010175 0. 0. 0. J387
131.923141 34.767345 0.033847 0.008866 0. 0. 0. J388
133.792480 35.263538 0.052871 0.012593 0. 0. 0. J389
134.319641 35.099640 0.054799 0.014144 0. 0. 0. J390
134.234772 35.020882 0.052472 0.013844 0. 0. 0. J391
133.734497 35.002960 0.047984 0.012457 0. 0. 0. J392
133.960861 34.982544 0.049453 0.013047 0. 0. 0. J393
133.598083 34.809692 0.043939 0.012032 0. 0. 0. J394
133.929047 34.791386 0.045931 0.012820 0. 0. 0. J395
134.165756 34.657722 0.045247 0.013244 0. 0. 0. J396
133.796738 34.438568 0.039533 0.012056 0. 0. 0. J397
133.120224 34.943451 0.042612 0.011003 0. 0. 0. J398
132.277328 34.726898 0.035185 0.009419 0. 0. 0. J399
132.540237 34.678814 0.036012 0.009851 0. 0. 0. J400
133.107529 34.672451 0.038992 0.010895 0. 0. 0. J401
132.824005 34.571301 0.036251 0.010306 0. 0. 0. J402
132.463470 34.539158 0.034160 0.009680 0. 0. 0. J403
133.009796 34.378685 0.034892 0.010487 0. 0. 0. J405
131.416550 34.439861 0.029007 0.008190 0. 0. 0. J407
130.943146 34.294609 0.026410 0.007643 0. 0. 0. J408
131.562790 34.283737 0.028305 0.008337 0. 0. 0. J409
131.953293 34.259083 0.029446 0.008815 0. 0. 0. J410
131.346085 34.189491 0.026901 0.008058 0. 0. 0. J411
131.530823 34.057240 0.026474 0.008210 0. 0. 0. J412
131.286041 33.977715 0.025223 0.007912 0. 0. 0. J413
132.104446 33.975067 0.027501 0.008815 0. 0. 0. J414
134.351974 34.096989 0.036807 0.012384 0. 0. 0. J415
134.560135 34.059906 0.036994 0.012635 0. 0. 0. J416
134.049179 34.051498 0.034965 0.011742 0. 0. 0. J417
134.230225 34.038418 0.035441 0.012011 0. 0. 0. J418
133.681290 33.936672 0.032120 0.010897 0. 0. 0. J419
134.389099 33.878933 0.033575 0.011791 0. 0. 0. J420
134.058197 33.877514 0.032545 0.011308 0. 0. 0. J421
134.667801 33.830242 0.033626 0.012015 0. 0. 0. J422
134.533005 33.725090 0.031688 0.011474 0. 0. 0. J423
134.372025 33.618500 0.029825 0.010933 0. 0. 0. J424
134.314209 34.472374 0.042901 0.013255 0. 0. 0. J425
134.241974 34.254578 0.038866 0.012595 0. 0. 0. J426
133.715057 34.217396 0.035966 0.011516 0. 0. 0. J427
133.647522 34.068073 0.033691 0.011115 0. 0. 0. J428
133.925507 34.164169 0.036105 0.011789 0. 0. 0. J429
132.990234 34.077888 0.031394 0.010107 0. 0. 0. J430
133.538239 33.938660 0.031672 0.010689 0. 0. 0. J431
133.201309 33.921204 0.030375 0.010175 0. 0. 0. J432
132.911636 33.796497 0.028189 0.009594 0. 0. 0. J433
132.683975 33.722599 0.026863 0.009213 0. 0. 0. J434
132.937881 33.569225 0.026033 0.009250 0. 0. 0. J435
132.693405 33.446766 0.024400 0.008802 0. 0. 0. J436
132.561829 32.963905 0.020323 0.007892 0. 0. 0. J437
133.655777 33.766975 0.029949 0.010484 0. 0. 0. J438
133.805023 33.654152 0.028983 0.010397 0. 0. 0. J439
134.106903 33.603786 0.029059 0.010601 0. 0. 0. J440
134.280807 33.527760 0.028444 0.010547 0. 0. 0. J441
133.903641 33.505737 0.027441 0.010113 0. 0. 0. J442
133.280914 33.468403 0.025783 0.009407 0. 0. 0. J443
134.007126 33.427795 0.026723 0.009991 0. 0. 0. J444
133.402985 33.407703 0.025408 0.009391 0. 0. 0. J445
132.792694 33.171646 0.022242 0.008412 0. 0. 0. J447
132.999237 32.991234 0.021035 0.008201 0. 0. 0. J448
132.703720 32.840607 0.019567 0.007750 0. 0. 0. J449
130.250824 33.536140 0.020337 0.006816 0. 0. 0. J450
130.521957 33.500378 0.020630 0.007003 0. 0. 0. J451
130.828751 33.465462 0.020982 0.007218 0. 0. 0. J452
130.564651 33.205875 0.019139 0.006858 0. 0. 0. J453
130.268723 33.274853 0.019050 0.006701 0. 0. 0. J454
130.094162 33.098476 0.017959 0.006488 0. 0. 0. J455
129.482056 34.655552 0.024208 0.006220 0. 0. 0. J456
129.311508 34.268208 0.021960 0.006188 0. 0. 0. J457
129.734726 33.742657 0.020408 0.006496 0. 0. 0. J458
129.537018 33.362202 0.018349 0.006254 0. 0. 0. J459
129.690659 33.063103 0.017276 0.006224 0. 0. 0. J460
130.271332 32.870686 0.017124 0.006446 0. 0. 0. J461
128.843109 32.669384 0.014801 0.005568 0. 0. 0. J462
130.154602 32.636913 0.015962 0.006213 0. 0. 0. J463
130.547729 32.933495 0.017743 0.006651 0. 0. 0. J464
130.764801 32.842098 0.017537 0.006699 0. 0. 0. J465
131.099304 32.740650 0.017368 0.006783 0. 0. 0. J466
129.987305 32.326241 0.014542 0.005897 0. 0. 0. J467
130.506836 32.299156 0.014799 0.006085 0. 0. 0. J468
130.802628 32.238674 0.014726 0.006136 0. 0. 0. J469
131.564163 33.671192 0.023754 0.007992 0. 0. 0. J470
131.168930 33.496235 0.021789 0.007510 0. 0. 0. J471
131.347275 33.254044 0.020597 0.007445 0. 0. 0. J472
131.798065 33.239437 0.021216 0.007765 0. 0. 0. J473
131.286087 33.009029 0.019051 0.007164 0. 0. 0. J474
131.587845 32.986858 0.019299 0.007328 0. 0. 0. J475
131.756836 32.704018 0.017791 0.007070 0. 0. 0. J476
131.327621 32.684834 0.017290 0.006838 0. 0. 0. J477
131.148865 32.456642 0.015969 0.006501 0. 0. 0. J478
131.185226 32.245857 0.014978 0.006274 0. 0. 0. J479
131.515854 32.170433 0.014783 0.006279 0. 0. 0. J480
131.078568 31.965048 0.013669 0.005917 0. 0. 0. J481
131.021515 31.740314 0.012719 0.005645 0. 0. 0. J482
131.368866 31.676546 0.012528 0.005617 0. 0. 0. J483
131.217392 31.469376 0.011690 0.005346 0. 0. 0. J484
130.597809 32.057503 0.013845 0.005883 0. 0. 0. J485
130.759674 31.855528 0.013100 0.005719 0. 0. 0. J486
129.795441 31.768684 0.012387 0.005373 0. 0. 0. J487
130.278152 31.717379 0.012404 0.005461 0. 0. 0. J488
130.836060 31.617376 0.012197 0.005474 0. 0. 0. J489
130.640366 31.235224 0.010811 0.005034 0. 0. 0. J490
130.723053 31.106205 0.010391 0.004901 0. 0. 0. J491
130.964218 30.530867 0.008622 0.004263 0. 0. 0. J492
130.638382 30.381721 0.008276 0.004134 0. 0. 0. J493
129.489029 28.399088 0.004659 0.002546 0. 0. 0. J494
128.432327 27.032185 0.003254 0.001781 0. 0. 0. J495
127.898453 26.694811 0.003021 0.001639 0. 0. 0. J496
131.227798 25.831211 0.001633 0.000602 0. 0. 0. J497
125.373795 24.753119 0.002041 0.001040 0. 0. 0. J498
122.942841 24.454168 0.002183 0.001152 0. 0. 0. J499
123.792038 24.426273 0.002080 0.001085 0. 0. 0. J500
141.167099 45.137711 0.011655 -0.016147 0. 0. 0. J501
142.964462 44.582043 0.007969 -0.006791 0. 0. 0. J502
143.615677 44.219723 0.007250 -0.002724 0. 0. 0. J503
143.076813 44.191944 0.008975 -0.007334 0. 0. 0. J504
144.293304 43.988789 0.006140 0.001825 0. 0. 0. J505
142.577713 43.908405 0.012521 -0.014270 0. 0. 0. J506
144.115250 43.828079 0.006922 0.000770 0. 0. 0. J507
142.409607 43.738522 0.014672 -0.017974 0. 0. 0. J508
141.873840 43.740841 0.018395 -0.025138 0. 0. 0. J509
142.903015 43.771412 0.011650 -0.011336 0. 0. 0. J510
143.578156 43.670502 0.009138 -0.004030 0. 0. 0. J511
145.258957 43.232105 0.004347 0.007427 0. 0. 0. J512
144.079620 43.438835 0.008067 0.000664 0. 0. 0. J513
142.395340 43.336266 0.018436 -0.023142 0. 0. 0. J514
144.597656 43.307011 0.006565 0.004692 0. 0. 0. J515
141.890930 43.248409 0.024459 -0.033657 0. 0. 0. J516
140.860611 43.209507 0.037419 -0.050965 0. 0. 0. J517
142.809723 43.165527 0.016667 -0.017886 0. 0. 0. J518
145.520493 43.195164 0.003386 0.007853 0. 0. 0. J519
141.540115 43.077587 0.031749 -0.044315 0. 0. 0. J520
143.170563 42.938862 0.015760 -0.013190 0. 0. 0. J521
141.577423 42.884430 0.035665 -0.049538 0. 0. 0. J522
141.407089 42.773190 0.041415 -0.057085 0. 0. 0. J523
140.767624 42.551380 0.061213 -0.078807 0. 0. 0. J525
140.876373 42.473904 0.062768 -0.081252 0. 0. 0. J526
139.446152 42.060505 0.111739 -0.110696 0. 0. 0. J527
140.666870 42.123142 0.088033 -0.106802 0. 0. 0. J528
140.715439 41.976688 0.098167 -0.117735 0. 0. 0. J529
140.071228 41.803028 0.127750 -0.134296 0. 0. 0. J530
144.719147 42.982571 0.006587 0.006287 0. 0. 0. J531
143.315689 42.125587 0.023552 -0.017955 0. 0. 0. J532
141.447586 41.404705 0.134847 -0.168270 0. 0. 0. J533
140.490768 41.185078 0.209216 -0.210752 0. 0. 0. J534
140.821991 41.145546 0.209392 -0.223606 0. 0. 0. J535
141.131805 40.862362 0.274098 -0.294828 0. 0. 0. J537
140.589218 40.706276 0.338043 -0.309083 0. 0. 0. J538
141.376205 40.676399 0.333743 -0.364464 0. 0. 0. J539
140.478531 40.624344 0.365859 -0.318779 0. 0. 0. J540
140.803345 40.643566 0.363934 -0.343262 0. 0. 0. J541
140.451569 40.910175 0.273926 -0.256676 0. 0. 0. J542
141.066330 39.953079 0.888730 -0.695143 0. 0. 0. J543
140.769180 39.351299 1.508797 -0.828084 0. 0. 0. J544
141.575485 39.143089 3.053355 -1.745661 0. 0. 0. J546
141.675293 39.596127 1.760467 -1.315268 0. 0. 0. J547
140.847870 38.546215 2.794370 -0.893590 0. 0. 0. J548
141.212906 38.425056 3.958091 -1.226604 0. 0. 0. J549
141.500687 38.301186 5.334826 -1.635929 0. 0. 0. J550
139.848938 39.891136 0.605391 -0.354938 0. 0. 0. J551
140.044724 39.825809 0.688464 -0.408314 0. 0. 0. J552
140.732849 39.702682 1.044267 -0.676814 0. 0. 0. J553
140.506699 39.199097 1.446839 -0.689873 0. 0. 0. J554
139.927490 39.015972 1.093815 -0.412538 0. 0. 0. J555
140.365158 38.496769 1.866826 -0.512607 0. 0. 0. J556
140.271133 38.148098 1.787352 -0.334366 0. 0. 0. J557
140.205658 37.615952 1.522072 -0.148809 0. 0. 0. J559
140.372894 37.620731 1.743252 -0.184255 0. 0. 0. J560
140.135880 37.424507 1.345807 -0.102413 0. 0. 0. J561
139.586166 37.097248 0.790584 -0.008938 0. 0. 0. J563
139.461685 38.056183 0.940203 -0.135957 0. 0. 0. J564
138.369888 38.023685 0.486805 -0.052926 0. 0. 0. J565
138.706940 37.535831 0.535483 -0.020988 0. 0. 0. J566
138.516373 37.348541 0.458703 -0.002862 0. 0. 0. J567
139.020248 37.319870 0.601001 -0.009540 0. 0. 0. J568
138.242584 37.056683 0.362953 0.015555 0. 0. 0. J569
137.893875 36.950871 0.298651 0.019158 0. 0. 0. J570
139.073914 37.752064 0.697401 -0.057516 0. 0. 0. J571
137.369522 36.736958 0.223815 0.022280 0. 0. 0. J572
137.031891 36.649563 0.192151 0.021675 0. 0. 0. J573
137.138550 37.306969 0.245865 0.005586 0. 0. 0. J574
136.718765 37.156746 0.202555 0.009512 0. 0. 0. J575
136.996063 37.123158 0.221849 0.010969 0. 0. 0. J576
136.755646 36.817478 0.185622 0.016993 0. 0. 0. J577
136.605331 36.370068 0.150507 0.022336 0. 0. 0. J578
136.184998 35.968887 0.113801 0.022005 0. 0. 0. J579
136.055984 35.836842 0.104265 0.021568 0. 0. 0. J580
140.497604 36.743027 1.287126 -0.108905 0. 0. 0. J581
139.987762 36.300705 0.661090 0.035908 0. 0. 0. J582
139.931503 36.114815 0.536436 0.054881 0. 0. 0. J583
140.202438 36.031338 0.596711 0.048254 0. 0. 0. J584
140.164764 36.952305 1.123576 -0.053002 0. 0. 0. J585
139.805740 36.979580 0.874223 -0.012262 0. 0. 0. J586
139.854263 36.776371 0.817501 0.002257 0. 0. 0. J587
140.157684 36.692455 0.976612 -0.024523 0. 0. 0. J588
139.490585 36.624172 0.583170 0.031910 0. 0. 0. J589
140.179306 36.542217 0.906370 -0.011295 0. 0. 0. J590
138.591446 36.616318 0.351336 0.034732 0. 0. 0. J591
139.066635 36.234669 0.349557 0.049284 0. 0. 0. J592
138.912415 36.142754 0.302609 0.048777 0. 0. 0. J593
139.434021 34.761543 0.069549 0.017047 0. 0. 0. J594
139.358582 34.737614 0.068407 0.017200 0. 0. 0. J595
139.270935 34.519634 0.052090 0.011705 0. 0. 0. J596
139.210938 34.333122 0.041675 0.008032 0. 0. 0. J597
139.137573 34.239914 0.038048 0.007094 0. 0. 0. J598
139.561768 34.093765 0.025328 -0.001612 0. 0. 0. J599
139.478806 34.075783 0.026050 -0.000548 0. 0. 0. J600
139.612854 33.884125 0.018164 -0.004786 0. 0. 0. J601
139.764618 32.463501 0.001343 -0.008786 0. 0. 0. J602
142.162766 26.635151 -0.001355 -0.000276 0. 0. 0. J603
141.324371 24.780184 -0.000790 -0.000711 0. 0. 0. J604
141.288834 24.750805 -0.000781 -0.000728 0. 0. 0. J605
138.690384 35.649517 0.184435 0.043967 0. 0. 0. J606
139.025772 35.511868 0.177551 0.045042 0. 0. 0. J607
137.984543 36.239029 0.221428 0.036217 0. 0. 0. J608
137.871750 36.228371 0.211480 0.035078 0. 0. 0. J609
138.499283 36.284714 0.278020 0.041677 0. 0. 0. J610
137.682632 36.084663 0.183243 0.034074 0. 0. 0. J611
138.214478 36.026161 0.210835 0.040272 0. 0. 0. J612
138.583023 35.974148 0.232119 0.045038 0. 0. 0. J613
137.598267 35.880001 0.158713 0.033694 0. 0. 0. J614
137.983887 35.726292 0.160139 0.037101 0. 0. 0. J615
137.676392 35.343735 0.114004 0.031337 0. 0. 0. J616
136.904266 36.261467 0.157369 0.025612 0. 0. 0. J617
137.363022 36.285645 0.183607 0.029389 0. 0. 0. J618
137.200668 35.911633 0.144656 0.029966 0. 0. 0. J619
138.776520 34.855034 0.083813 0.025242 0. 0. 0. J620
138.928360 35.204395 0.124418 0.035385 0. 0. 0. J621
138.098282 34.679924 0.070265 0.022758 0. 0. 0. J622
138.182968 34.677753 0.070211 0.022621 0. 0. 0. J623
138.046524 34.666409 0.069364 0.022566 0. 0. 0. J624
138.159042 34.634541 0.067493 0.021863 0. 0. 0. J625
138.906891 35.047241 0.104105 0.030523 0. 0. 0. J626
140.086304 36.103634 0.593419 0.049296 0. 0. 0. J627
138.939331 34.698906 0.069557 0.020102 0. 0. 0. J628
137.073563 35.239086 0.095224 0.026756 0. 0. 0. J629
136.965805 35.168423 0.089491 0.025660 0. 0. 0. J630
136.862747 34.984394 0.078648 0.023787 0. 0. 0. J631
136.831879 34.904385 0.074527 0.023027 0. 0. 0. J632
136.694244 35.050911 0.079820 0.023511 0. 0. 0. J633
136.393265 34.854900 0.068216 0.020996 0. 0. 0. J634
136.329758 34.648750 0.060138 0.019447 0. 0. 0. J635
136.628403 34.431442 0.054236 0.018518 0. 0. 0. J636
136.342926 34.208157 0.046336 0.016321 0. 0. 0. J637
136.264740 35.420357 0.090177 0.022840 0. 0. 0. J638
136.041199 35.085724 0.073167 0.020678 0. 0. 0. J639
135.034042 35.685078 0.077940 0.016535 0. 0. 0. J640
135.415833 35.482216 0.078037 0.018450 0. 0. 0. J641
135.549530 35.275860 0.073350 0.018926 0. 0. 0. J642
135.773300 35.053135 0.068847 0.019398 0. 0. 0. J643
135.772400 34.952641 0.065547 0.019052 0. 0. 0. J644
134.677383 35.621201 0.070690 0.015178 0. 0. 0. J645
134.728714 35.461262 0.067467 0.015543 0. 0. 0. J646
135.022034 35.237881 0.065469 0.016668 0. 0. 0. J647
134.771225 35.162743 0.060734 0.015679 0. 0. 0. J648
134.945038 34.936188 0.057033 0.015983 0. 0. 0. J649
135.528351 34.311840 0.045985 0.015502 0. 0. 0. J650
135.167740 34.025391 0.038487 0.013515 0. 0. 0. J652
135.496201 33.554413 0.030628 0.011571 0. 0. 0. J653
133.339691 35.436008 0.051380 0.011267 0. 0. 0. J654
134.325272 35.361443 0.060251 0.014165 0. 0. 0. J655
133.137894 35.563534 0.051330 0.010617 0. 0. 0. J656
132.457321 34.892658 0.037881 0.009714 0. 0. 0. J657
132.013565 34.571064 0.032458 0.008999 0. 0. 0. J658
131.864319 34.439720 0.030676 0.008763 0. 0. 0. J659
133.563995 35.169662 0.049270 0.012018 0. 0. 0. J660
133.396271 34.993362 0.045255 0.011625 0. 0. 0. J662
132.851578 34.811604 0.039242 0.010443 0. 0. 0. J663
133.337631 34.777790 0.041773 0.011428 0. 0. 0. J664
132.194656 34.370346 0.031347 0.009198 0. 0. 0. J665
132.455551 34.260921 0.031311 0.009508 0. 0. 0. J666
132.884384 34.210068 0.032447 0.010107 0. 0. 0. J667
131.152390 34.764347 0.030447 0.007833 0. 0. 0. J668
131.176163 34.342087 0.027466 0.007901 0. 0. 0. J669
131.065674 34.179771 0.026000 0.007753 0. 0. 0. J670
132.358337 33.909935 0.027680 0.009060 0. 0. 0. J672
134.605026 34.171810 0.039072 0.013072 0. 0. 0. J673
133.874985 34.039738 0.034155 0.011426 0. 0. 0. J674
134.301468 33.789532 0.032025 0.011393 0. 0. 0. J675
133.998672 34.445454 0.040711 0.012496 0. 0. 0. J676
133.780670 34.383400 0.038634 0.011934 0. 0. 0. J677
133.189102 34.252445 0.034174 0.010651 0. 0. 0. J678
132.781738 33.959473 0.029443 0.009658 0. 0. 0. J679
132.487259 33.611595 0.025387 0.008844 0. 0. 0. J680
132.543762 33.177589 0.021921 0.008239 0. 0. 0. J681
133.228470 33.326908 0.024305 0.009061 0. 0. 0. J683
133.128632 33.215431 0.023118 0.008747 0. 0. 0. J684
130.749557 33.745506 0.022459 0.007304 0. 0. 0. J685
131.016525 33.697403 0.022736 0.007512 0. 0. 0. J686
130.823883 33.640465 0.021992 0.007316 0. 0. 0. J687
130.701157 33.327225 0.019993 0.007033 0. 0. 0. J688
129.940094 33.196030 0.018198 0.006444 0. 0. 0. J689
129.690018 33.266121 0.018156 0.006316 0. 0. 0. J690
129.125504 33.255791 0.017309 0.005958 0. 0. 0. J691
129.026337 32.885628 0.015771 0.005761 0. 0. 0. J692
130.166428 32.795700 0.016669 0.006335 0. 0. 0. J693
130.335953 32.793015 0.016838 0.006424 0. 0. 0. J694
130.216660 32.712292 0.016352 0.006301 0. 0. 0. J695
130.352280 32.722572 0.016534 0.006379 0. 0. 0. J696
130.290710 32.660652 0.016196 0.006299 0. 0. 0. J697
128.619354 32.634274 0.014458 0.005438 0. 0. 0. J698
131.062897 33.121956 0.019397 0.007127 0. 0. 0. J699
130.748627 33.011292 0.018381 0.006833 0. 0. 0. J700
130.996216 32.870747 0.017942 0.006856 0. 0. 0. J701
130.794907 32.576725 0.016269 0.006471 0. 0. 0. J702
131.093430 32.950653 0.018484 0.006989 0. 0. 0. J703
131.132156 32.845001 0.017955 0.006907 0. 0. 0. J704
131.356644 33.537125 0.022410 0.007698 0. 0. 0. J705
131.588425 33.349854 0.021607 0.007722 0. 0. 0. J706
131.121140 33.270271 0.020338 0.007295 0. 0. 0. J707
131.579483 33.228428 0.020800 0.007590 0. 0. 0. J709
130.915741 33.190575 0.019570 0.007085 0. 0. 0. J710
131.530670 32.557049 0.016774 0.006779 0. 0. 0. J711
131.334015 32.384399 0.015738 0.006489 0. 0. 0. J712
131.486023 32.069107 0.014287 0.006140 0. 0. 0. J713
130.865631 32.047718 0.013933 0.005954 0. 0. 0. J714
131.306305 31.842098 0.013212 0.005816 0. 0. 0. J715
131.305862 31.399105 0.011427 0.005264 0. 0. 0. J716
130.179657 32.197075 0.014166 0.005868 0. 0. 0. J717
130.439651 31.908840 0.013181 0.005689 0. 0. 0. J718
130.651886 31.624098 0.012179 0.005449 0. 0. 0. J719
130.708542 31.591841 0.012074 0.005425 0. 0. 0. J720
130.637360 31.552221 0.011913 0.005370 0. 0. 0. J721
130.699402 31.496153 0.011723 0.005320 0. 0. 0. J722
130.274979 30.784655 0.009409 0.004546 0. 0. 0. J723
131.028595 30.753325 0.009261 0.004505 0. 0. 0. J724
130.198242 30.461390 0.008535 0.004230 0. 0. 0. J725
130.903229 30.398676 0.008270 0.004126 0. 0. 0. J726
130.424377 30.395756 0.008343 0.004161 0. 0. 0. J727
130.554550 30.236353 0.007917 0.003994 0. 0. 0. J728
129.705750 29.615330 0.006666 0.003479 0. 0. 0. J729
129.693573 28.487219 0.004741 0.002584 0. 0. 0. J730
130.028961 28.371132 0.004489 0.002444 0. 0. 0. J731
129.921677 28.293980 0.004410 0.002406 0. 0. 0. J732
129.320450 28.137583 0.004338 0.002381 0. 0. 0. J733
128.894470 27.816637 0.004017 0.002211 0. 0. 0. J734
128.650726 27.401239 0.003591 0.001975 0. 0. 0. J735
127.945053 26.944489 0.003237 0.001766 0. 0. 0. J736
128.248367 26.859344 0.003120 0.001701 0. 0. 0. J737
128.144028 26.708273 0.003000 0.001630 0. 0. 0. J738
127.231628 26.582876 0.002998 0.001614 0. 0. 0. J739
127.972397 26.482731 0.002834 0.001529 0. 0. 0. J740
127.832733 26.446926 0.002823 0.001521 0. 0. 0. J741
127.143646 26.372936 0.002840 0.001521 0. 0. 0. J742
126.739151 26.347830 0.002856 0.001522 0. 0. 0. J743
127.345245 26.178795 0.002673 0.001425 0. 0. 0. J744
127.826187 26.168608 0.002608 0.001390 0. 0. 0. J745
131.290680 25.953726 0.001689 0.000636 0. 0. 0. J746
125.170975 24.827959 0.002096 0.001073 0. 0. 0. J747
124.692444 24.641615 0.002066 0.001062 0. 0. 0. J748
124.301285 24.536625 0.002066 0.001068 0. 0. 0. J749
124.172653 24.338877 0.002005 0.001039 0. 0. 0. J750
123.795853 24.061501 0.001950 0.001019 0. 0. 0. J751
139.056732 36.539257 0.426713 0.039923 0. 0. 0. J752
139.269333 36.003735 0.320512 0.055247 0. 0. 0. J753
139.182205 35.884048 0.274745 0.053847 0. 0. 0. J754
139.365967 35.800800 0.274161 0.056423 0. 0. 0. J755
140.249161 35.288383 0.152069 0.034309 0. 0. 0. J756
139.369904 35.616428 0.222380 0.052583 0. 0. 0. J758
139.613846 35.160866 0.123773 0.033546 0. 0. 0. J759
135.789841 34.882030 0.063463 0.018849 0. 0. 0. J760
135.618820 34.621052 0.054380 0.017173 0. 0. 0. J761
134.659668 34.864120 0.052903 0.014942 0. 0. 0. J762
135.706024 34.698334 0.057186 0.017783 0. 0. 0. J763
135.819870 34.574001 0.054404 0.017531 0. 0. 0. J764
134.175797 34.809566 0.048030 0.013480 0. 0. 0. J765
133.757019 34.579147 0.041433 0.012172 0. 0. 0. J766
133.288116 34.450439 0.037098 0.011063 0. 0. 0. J767
132.820221 34.334873 0.033559 0.010129 0. 0. 0. J768
132.219131 34.191181 0.029780 0.009127 0. 0. 0. J769
129.954849 33.372181 0.019038 0.006536 0. 0. 0. J770
130.444519 33.346489 0.019685 0.006862 0. 0. 0. J771
129.989685 32.945587 0.017135 0.006335 0. 0. 0. J772
130.430450 32.581673 0.015973 0.006303 0. 0. 0. J773
130.085190 32.524532 0.015424 0.006094 0. 0. 0. J774
130.323639 32.426273 0.015207 0.006123 0. 0. 0. J775
130.469452 31.675102 0.012315 0.005465 0. 0. 0. J776
130.135757 31.415892 0.011326 0.005142 0. 0. 0. J777
141.598236 45.219769 0.009776 -0.012969 0. 0. 0. J778
142.351837 45.126774 0.007909 -0.008815 0. 0. 0. J779
142.717911 44.780170 0.008030 -0.007848 0. 0. 0. J780
141.793915 44.639927 0.011927 -0.015857 0. 0. 0. J781
142.264526 44.365128 0.011399 -0.013965 0. 0. 0. J782
141.664597 44.148754 0.016000 -0.022062 0. 0. 0. J783
144.506409 43.722778 0.006113 0.003359 0. 0. 0. J784
141.370590 43.624329 0.024031 -0.033814 0. 0. 0. J785
142.643066 43.431633 0.015573 -0.017837 0. 0. 0. J787
143.901993 43.101692 0.010026 -0.001098 0. 0. 0. J788
142.870056 43.013653 0.017636 -0.018441 0. 0. 0. J789
142.084595 42.933773 0.027420 -0.037005 0. 0. 0. J790
143.494965 42.806507 0.014242 -0.007823 0. 0. 0. J791
141.081055 42.420547 0.061106 -0.080486 0. 0. 0. J792
143.151978 42.486412 0.020751 -0.018177 0. 0. 0. J793
140.371231 41.934853 0.109685 -0.123872 0. 0. 0. J794
141.452591 39.849018 1.143611 -0.932143 0. 0. 0. J795
140.988449 39.127007 2.138201 -1.084551 0. 0. 0. J796
140.645630 37.984406 2.430401 -0.410890 0. 0. 0. J797
140.822906 40.044975 0.738343 -0.567646 0. 0. 0. J798
140.094635 38.434341 1.506736 -0.369514 0. 0. 0. J799
140.841644 37.018448 1.858898 -0.305214 0. 0. 0. J800
139.402237 37.036934 0.681360 0.004379 0. 0. 0. J801
138.944824 36.778061 0.458079 0.029055 0. 0. 0. J802
140.199921 38.288982 1.675693 -0.361605 0. 0. 0. J803
139.521927 35.419270 0.179993 0.046991 0. 0. 0. J804
139.226044 37.828159 0.778949 -0.076998 0. 0. 0. J805
138.880447 37.776989 0.623476 -0.050765 0. 0. 0. J806
138.779541 37.498657 0.552202 -0.019538 0. 0. 0. J807
138.456818 35.673695 0.175794 0.041625 0. 0. 0. J809
138.920273 37.589737 0.613042 -0.032475 0. 0. 0. J810
137.528778 35.575092 0.129112 0.032116 0. 0. 0. J811
136.470306 35.359730 0.091089 0.023865 0. 0. 0. J812
138.973862 35.114166 0.112879 0.032625 0. 0. 0. J813
138.876465 34.719475 0.071664 0.021088 0. 0. 0. J814
138.609970 35.117153 0.109319 0.032146 0. 0. 0. J815
138.209976 35.066975 0.099702 0.030003 0. 0. 0. J817
138.081680 35.044884 0.096386 0.029223 0. 0. 0. J818
137.946808 34.902050 0.084371 0.026497 0. 0. 0. J819
138.176743 34.849415 0.081982 0.025846 0. 0. 0. J820
137.680771 34.752041 0.073226 0.023778 0. 0. 0. J821
136.788818 35.300838 0.093770 0.025483 0. 0. 0. J822
134.588211 35.283344 0.061522 0.015079 0. 0. 0. J823
136.096985 34.179951 0.044869 0.015787 0. 0. 0. J824
135.735184 33.969482 0.038923 0.014021 0. 0. 0. J825
135.708786 33.637173 0.032264 0.012105 0. 0. 0. J826
134.393433 34.217796 0.038944 0.012798 0. 0. 0. J827
132.046097 33.367970 0.022542 0.008116 0. 0. 0. J828
132.475342 33.384373 0.023456 0.008507 0. 0. 0. J829
133.362640 33.704285 0.028443 0.009983 0. 0. 0. J830
130.464996 33.097355 0.018448 0.006720 0. 0. 0. J831
129.720718 32.839611 0.016372 0.006120 0. 0. 0. J832
131.206802 33.127842 0.019632 0.007228 0. 0. 0. J833
130.360657 32.098434 0.013884 0.005845 0. 0. 0. J834
130.238968 31.906164 0.013080 0.005628 0. 0. 0. J835
130.408005 31.796021 0.012741 0.005570 0. 0. 0. J836
130.599594 31.824060 0.012918 0.005647 0. 0. 0. J837
138.762787 34.690254 0.069963 0.020996 0. 0. 0. J838
138.331223 34.836166 0.081599 0.025583 0. 0. 0. J840
139.069901 34.949757 0.093164 0.026999 0. 0. 0. J841
138.249893 34.954346 0.090548 0.027930 0. 0. 0. J842
134.049545 35.174889 0.053709 0.013348 0. 0. 0. J843
140.810532 40.834408 0.293249 -0.291441 0. 0. 0. J844
140.324387 37.361824 1.515745 -0.127492 0. 0. 0. J845
133.461807 33.818356 0.030002 0.010340 0. 0. 0. J846
137.868759 35.160450 0.102870 0.030195 0. 0. 0. J847
141.955246 45.514114 0.007685 -0.009358 0. 0. 0. J848
141.881790 45.230106 0.008865 -0.011197 0. 0. 0. J849
142.292252 44.990505 0.008542 -0.009847 0. 0. 0. J850
142.021774 44.916065 0.009692 -0.012131 0. 0. 0. J851
142.038712 44.743240 0.010410 -0.013139 0. 0. 0. J852
142.571167 44.546501 0.009345 -0.010083 0. 0. 0. J853
142.935837 44.332294 0.008929 -0.008015 0. 0. 0. J854
141.872177 44.317665 0.013560 -0.018115 0. 0. 0. J855
143.364594 44.260853 0.007824 -0.004618 0. 0. 0. J856
142.400894 44.165474 0.011881 -0.014171 0. 0. 0. J857
142.601242 44.114449 0.011228 -0.012455 0. 0. 0. J858
144.993500 44.065033 0.004624 0.004802 0. 0. 0. J859
141.860748 44.052105 0.015610 -0.021139 0. 0. 0. J860
143.534149 43.909927 0.008431 -0.003958 0. 0. 0. J861
142.236542 43.889290 0.014595 -0.018592 0. 0. 0. J862
143.176697 43.878723 0.009875 -0.007629 0. 0. 0. J863
145.056870 43.794029 0.004716 0.005527 0. 0. 0. J864
142.132309 43.725658 0.016646 -0.021873 0. 0. 0. J865
143.381088 43.710323 0.009763 -0.006037 0. 0. 0. J866
142.794403 43.646908 0.012988 -0.013625 0. 0. 0. J867
143.991730 43.644562 0.007766 -0.000150 0. 0. 0. J868
145.220367 43.555996 0.004443 0.006502 0. 0. 0. J869
144.719040 43.545929 0.005820 0.004788 0. 0. 0. J870
142.187607 43.521576 0.018214 -0.023865 0. 0. 0. J871
141.616776 43.504215 0.023460 -0.032825 0. 0. 0. J872
143.753860 43.473579 0.009197 -0.002504 0. 0. 0. J873
143.187042 43.366470 0.012498 -0.010014 0. 0. 0. J874
140.378281 43.320705 0.040218 -0.052729 0. 0. 0. J875
141.345963 43.240528 0.030818 -0.043100 0. 0. 0. J876
141.652023 43.220894 0.027586 -0.038516 0. 0. 0. J877
144.970734 43.218189 0.005369 0.006685 0. 0. 0. J878
143.027756 43.171329 0.014923 -0.013915 0. 0. 0. J879
142.567032 43.165047 0.018775 -0.022459 0. 0. 0. J880
144.496490 43.149391 0.007238 0.004427 0. 0. 0. J881
141.203293 43.140396 0.034746 -0.048208 0. 0. 0. J882
143.597702 43.123894 0.011546 -0.005065 0. 0. 0. J883
140.811111 43.082596 0.041383 -0.055731 0. 0. 0. J884
142.532257 42.890633 0.022589 -0.027631 0. 0. 0. J885
143.655533 42.800343 0.013088 -0.004997 0. 0. 0. J886
142.953690 42.803341 0.019110 -0.019174 0. 0. 0. J887
140.011780 42.685337 0.067005 -0.079210 0. 0. 0. J888
143.312790 42.673962 0.016924 -0.012321 0. 0. 0. J889
142.395920 42.554260 0.030410 -0.038992 0. 0. 0. J890
142.767944 42.277233 0.030046 -0.034404 0. 0. 0. J891
140.929337 41.740593 0.114147 -0.137099 0. 0. 0. J892
140.535019 41.711327 0.128415 -0.143908 0. 0. 0. J893
141.094467 41.466160 0.141875 -0.168504 0. 0. 0. J894
140.983810 41.199665 0.192174 -0.214193 0. 0. 0. J895
141.385696 41.160934 0.180817 -0.216425 0. 0. 0. J896
140.293533 41.121723 0.224634 -0.214519 0. 0. 0. J897
140.011002 40.730633 0.315832 -0.257302 0. 0. 0. J898
141.106018 40.579983 0.391100 -0.389696 0. 0. 0. J899
141.332001 40.508759 0.423779 -0.438042 0. 0. 0. J901
140.941589 40.447632 0.461835 -0.424378 0. 0. 0. J902
141.484863 40.271042 0.597905 -0.594484 0. 0. 0. J903
141.046463 40.106747 0.724132 -0.602426 0. 0. 0. J904
141.662186 39.970955 0.979628 -0.887036 0. 0. 0. J905
141.970230 39.738960 1.531421 -1.234542 0. 0. 0. J906
141.426132 39.639370 1.527131 -1.111961 0. 0. 0. J907
140.836319 39.554455 1.283431 -0.792064 0. 0. 0. J908
141.292999 39.464695 1.801181 -1.166778 0. 0. 0. J909
141.311676 39.235374 2.361340 -1.359066 0. 0. 0. J910
141.400848 39.012108 3.136171 -1.609001 0. 0. 0. J911
141.148529 38.995464 2.680849 -1.297567 0. 0. 0. J912
140.833191 38.934029 2.231037 -0.967625 0. 0. 0. J913
141.317856 38.743221 3.701048 -1.552563 0. 0. 0. J914
141.004333 38.686134 2.988884 -1.119845 0. 0. 0. J915
141.160721 38.660629 3.436870 -1.305506 0. 0. 0. J916
140.727722 38.571812 2.496813 -0.795101 0. 0. 0. J917
141.304398 38.509842 4.170281 -1.427036 0. 0. 0. J918
140.943695 38.177120 3.209101 -0.727350 0. 0. 0. J919
140.727661 37.824600 2.494150 -0.372225 0. 0. 0. J920
140.027573 40.339397 0.445478 -0.321549 0. 0. 0. J921
140.408157 40.183315 0.566305 -0.418820 0. 0. 0. J922
140.005493 40.099701 0.542907 -0.357313 0. 0. 0. J923
140.535858 39.921391 0.767602 -0.525649 0. 0. 0. J924
140.053925 39.527565 0.866837 -0.448561 0. 0. 0. J925
140.596085 39.508137 1.178869 -0.676189 0. 0. 0. J926
140.278931 39.296745 1.162225 -0.558168 0. 0. 0. J927
140.715057 39.146202 1.739625 -0.841203 0. 0. 0. J928
140.447327 39.054379 1.537565 -0.662725 0. 0. 0. J929
140.183472 38.938103 1.358330 -0.512377 0. 0. 0. J930
140.497253 38.752155 1.900396 -0.668848 0. 0. 0. J931
139.674530 38.701168 1.033615 -0.295732 0. 0. 0. J932
140.220505 38.628414 1.592358 -0.477487 0. 0. 0. J933
140.393875 38.170441 1.990508 -0.391120 0. 0. 0. J934
139.879410 37.920586 1.263188 -0.166473 0. 0. 0. J935
140.446793 37.833496 1.982055 -0.267685 0. 0. 0. J936
139.972656 37.669289 1.286193 -0.123230 0. 0. 0. J937
140.571655 37.591091 2.016607 -0.230611 0. 0. 0. J938
139.835526 37.461288 1.085824 -0.070684 0. 0. 0. J939
140.464035 37.444870 1.744576 -0.171554 0. 0. 0. J940
139.686340 37.326210 0.928921 -0.039795 0. 0. 0. J941
140.212738 37.293041 1.354081 -0.097327 0. 0. 0. J942
140.450974 37.210564 1.556728 -0.142121 0. 0. 0. J943
140.716003 37.183090 1.843725 -0.234659 0. 0. 0. J944
140.376266 37.023582 1.356387 -0.105782 0. 0. 0. J945
140.690155 36.932621 1.617495 -0.214457 0. 0. 0. J946
140.385696 36.475849 1.007353 -0.042556 0. 0. 0. J947
140.035416 37.124699 1.104070 -0.050985 0. 0. 0. J948
139.505310 36.872246 0.674325 0.013986 0. 0. 0. J949
139.752792 36.537632 0.660682 0.028877 0. 0. 0. J950
139.902512 36.456581 0.697429 0.027025 0. 0. 0. J951
139.060852 36.837357 0.503687 0.025226 0. 0. 0. J952
138.847885 36.591377 0.393573 0.037159 0. 0. 0. J954
139.016708 36.395348 0.381228 0.044770 0. 0. 0. J955
139.254639 36.267693 0.396516 0.050259 0. 0. 0. J956
138.702988 36.200268 0.287023 0.045340 0. 0. 0. J957
138.926056 35.929928 0.256463 0.049890 0. 0. 0. J958
139.968475 35.143803 0.116666 0.028501 0. 0. 0. J959
139.366058 35.391487 0.167494 0.044399 0. 0. 0. J960
139.111450 37.540340 0.679254 -0.034483 0. 0. 0. J961
138.634598 37.212112 0.466662 0.005137 0. 0. 0. J962
139.247101 37.157616 0.649724 -0.001149 0. 0. 0. J963
138.457352 37.107086 0.410257 0.012642 0. 0. 0. J964
140.296494 36.778957 1.134984 -0.059808 0. 0. 0. J965
137.026428 36.919510 0.210867 0.016202 0. 0. 0. J966
137.551331 36.864346 0.251595 0.020249 0. 0. 0. J967
137.154480 36.757950 0.208758 0.020438 0. 0. 0. J968
136.806396 36.592091 0.174484 0.021052 0. 0. 0. J969
137.239227 36.472801 0.191920 0.026032 0. 0. 0. J970
137.033936 37.432259 0.243278 0.001556 0. 0. 0. J971
136.908768 37.226437 0.220911 0.007972 0. 0. 0. J972
136.540680 36.537266 0.157192 0.020044 0. 0. 0. J973
136.361649 36.229565 0.132676 0.021812 0. 0. 0. J974
136.048950 36.109734 0.116300 0.020510 0. 0. 0. J975
136.657745 35.901413 0.124631 0.025541 0. 0. 0. J976
136.339584 35.888218 0.114277 0.023289 0. 0. 0. J977
135.755646 35.486572 0.083812 0.020130 0. 0. 0. J978
138.444214 35.904934 0.209677 0.043119 0. 0. 0. J979
138.949997 35.753872 0.221037 0.048867 0. 0. 0. J980
138.606873 35.467693 0.152986 0.039980 0. 0. 0. J981
138.624252 36.856686 0.402076 0.025299 0. 0. 0. J982
138.096725 36.706646 0.294113 0.028270 0. 0. 0. J983
138.120941 36.523605 0.272003 0.033164 0. 0. 0. J984
138.366043 36.260986 0.259307 0.040401 0. 0. 0. J985
137.785431 35.944603 0.174281 0.035564 0. 0. 0. J986
138.095703 35.878418 0.183655 0.038899 0. 0. 0. J987
137.450882 35.815552 0.146716 0.032263 0. 0. 0. J988
137.620163 35.661228 0.139471 0.033347 0. 0. 0. J989
137.080521 36.140263 0.156909 0.027997 0. 0. 0. J990
136.784622 35.723488 0.117841 0.026680 0. 0. 0. J991
137.309097 35.523129 0.118906 0.030113 0. 0. 0. J992
136.545288 35.480061 0.098477 0.024668 0. 0. 0. J993
137.252319 35.300552 0.102239 0.028268 0. 0. 0. J994
137.575333 35.100021 0.094143 0.028058 0. 0. 0. J995
137.152390 34.917339 0.078325 0.024356 0. 0. 0. J996
137.338776 34.785915 0.073009 0.023528 0. 0. 0. J997
136.938477 34.740051 0.067977 0.021960 0. 0. 0. J998
136.474457 34.420326 0.053231 0.018144 0. 0. 0. J999
126.900002 34.674999 0.018264 0.004496 0. 0. 0. JAHG
126.461998 33.287998 0.013886 0.004470 0. 0. 0. JEJU
128.399002 38.551998 0.033288 -0.000427 0. 0. 0. JEOJ
128.050003 35.173000 0.022455 0.004909 0. 0. 0. JINJ
117.529999 40.080002 0.009173 0.000147 0. 0. 0. JIXN
128.110001 42.410000 0.028585 -0.008027 0. 0. 0. JLCB
129.500000 42.869999 0.031806 -0.011344 0. 0. 0. JLYJ
119.419998 31.350000 0.005805 0.002002 0. 0. 0. JSLS
119.470001 34.720001 0.008353 0.001854 0. 0. 0. JSLY
120.889999 31.950001 0.006896 0.002299 0. 0. 0. JSNT
120.019997 33.380001 0.007658 0.002108 0. 0. 0. JSYC
129.429001 37.057999 0.034964 0.003033 0. 0. 0. JUKB
128.834000 37.897999 0.034313 0.001016 0. 0. 0. JUMN
126.973999 35.623001 0.021077 0.003987 0. 0. 0. JUNG
127.135002 35.842999 0.022105 0.003880 0. 0. 0. JUNJ
116.239998 29.730000 0.004432 0.001719 0. 0. 0. JXHK
115.059998 26.750000 0.003310 0.001551 0. 0. 0. JXJA
143.362183 38.887981 13.832843 -5.847982 0. 0. 0. KAMN
143.263336 38.636463 21.106182 -8.882080 0. 0. 0. KAMS
128.867996 37.771000 0.034183 0.001316 0. 0. 0. KANR
139.488007 35.709999 0.260745 0.057158 0. 0. 0. KGNI
135.046005 48.521000 0.009277 -0.010623 0. 0. 0. KHAJ
130.878571 31.425312 0.011495 0.005265 0. 0. 0. KNYA
127.518997 34.453999 0.018831 0.004929 0. 0. 0. KOHG
140.658005 35.955002 0.760301 -0.042307 0. 0. 0. KSMV
102.796997 25.030001 0.002116 0.001002 0. 0. 0. KUNM
128.574005 36.233002 0.027953 0.004147 0. 0. 0. KUNW
126.910004 35.178001 0.019693 0.004257 0. 0. 0. KWNJ
124.330002 40.029999 0.019870 -0.001118 0. 0. 0. LNDD
121.739998 39.090000 0.014251 0.000300 0. 0. 0. LNJZ
123.580002 41.830002 0.017629 -0.002554 0. 0. 0. LNSY
122.599998 40.680000 0.016094 -0.001103 0. 0. 0. LNYK
105.410004 28.870001 0.002859 0.001129 0. 0. 0. LUZH
150.770020 59.575756 0.000356 0.000532 0. 0. 0. MAG0
150.810379 59.577644 0.000356 0.000533 0. 0. 0. MAGJ
126.268997 33.117001 0.013241 0.004362 0. 0. 0. MARA
153.979996 24.290001 -0.005940 0.007496 0. 0. 0. MCIL
141.132996 39.134998 2.339360 -1.228553 0. 0. 0. MIZU
126.380997 34.817001 0.017631 0.004164 0. 0. 0. MKPO
126.315002 35.858002 0.020052 0.003508 0. 0. 0. MLDO
128.744003 35.491001 0.025688 0.005104 0. 0. 0. MLYN
127.583000 35.903000 0.023544 0.004037 0. 0. 0. MOOJ
139.559998 35.680000 0.259032 0.057787 0. 0. 0. MTKA
127.661003 36.002998 0.024082 0.003973 0. 0. 0. MUJU
142.916641 38.080940 22.148567 -10.321486 0. 0. 0. MYGI
142.433151 38.148861 14.394628 -5.068998 0. 0. 0. MYGW
127.396004 35.423000 0.021571 0.004354 0. 0. 0. NAMW
100.713654 14.043016 0.001088 0.000733 0. 0. 0. NIMT
122.629997 43.299999 0.014795 -0.003021 0. 0. 0. NMAG
120.110001 43.860001 0.011073 -0.002001 0. 0. 0. NMAL
105.669998 38.810001 0.004618 0.000742 0. 0. 0. NMAZ
116.959999 45.509998 0.007868 -0.001475 0. 0. 0. NMDW
111.940002 43.630001 0.006485 -0.000273 0. 0. 0. NMEL
123.730003 50.580002 0.006688 -0.003878 0. 0. 0. NMER
111.250000 40.259998 0.006293 0.000456 0. 0. 0. NMTK
106.839996 39.660000 0.005017 0.000649 0. 0. 0. NMWH
108.070000 41.299999 0.005475 0.000400 0. 0. 0. NMWJ
122.029999 46.040001 0.011183 -0.003627 0. 0. 0. NMWL
107.059998 41.080002 0.005184 0.000462 0. 0. 0. NMWT
115.980003 42.230000 0.008128 -0.000395 0. 0. 0. NMZL
127.098999 36.186001 0.022935 0.003533 0. 0. 0. NONS
106.814240 20.668461 0.001646 0.000908 0. 0. 0. NT01
107.094955 10.386430 0.000749 0.000537 0. 0. 0. NT03
104.542526 10.292282 0.000792 0.000577 0. 0. 0. NT04
105.650002 36.549999 0.004309 0.000938 0. 0. 0. NXHY
106.269997 38.490002 0.004736 0.000779 0. 0. 0. NXYC
105.239998 37.590000 0.004361 0.000848 0. 0. 0. NXZW
127.768921 26.144817 0.002598 0.001383 0. 0. 0. OKN1
126.737999 37.745998 0.025206 0.001429 0. 0. 0. PAJU
120.938751 15.450212 0.000665 0.000352 0. 0. 0. PCAB
121.396774 13.932333 0.000500 0.000218 0. 0. 0. PCAN
158.649994 53.020000 -0.000087 0.000412 0. 0. 0. PETS
121.080002 14.640000 0.000577 0.000283 0. 0. 0. PIMO
120.938293 14.100280 0.000536 0.000251 0. 0. 0. PTGY
120.575623 16.004196 0.000746 0.000414 0. 0. 0. PURD
128.488007 37.349998 0.031203 0.002223 0. 0. 0. PYCH
109.849998 19.030001 0.001433 0.000830 0. 0. 0. QION
103.028961 21.403084 0.001713 0.000927 0. 0. 0. QT01
108.220367 16.074642 0.001141 0.000713 0. 0. 0. QT03
130.878571 31.425308 0.011495 0.005265 0. 0. 0. S004
141.844818 43.528645 0.021040 -0.028980 0. 0. 0. S005
142.195023 27.067532 -0.001508 -0.000272 0. 0. 0. S007
139.081970 35.006851 0.099887 0.028902 0. 0. 0. S106
139.101685 34.971863 0.095681 0.027619 0. 0. 0. S107
140.087189 36.106113 0.595396 0.049002 0. 0. 0. S110
128.457001 36.933998 0.029848 0.002997 0. 0. 0. SBAO
106.739998 31.840000 0.003647 0.001197 0. 0. 0. SCBZ
105.849998 32.439999 0.003611 0.001140 0. 0. 0. SCGY
105.879997 30.980000 0.003326 0.001160 0. 0. 0. SCNC
105.559998 30.510000 0.003186 0.001146 0. 0. 0. SCSN
119.459999 36.750000 0.009789 0.001367 0. 0. 0. SDCY
116.349998 35.430000 0.006939 0.001381 0. 0. 0. SDJX
118.290001 35.000000 0.007720 0.001628 0. 0. 0. SDLY
120.300003 36.080002 0.010206 0.001698 0. 0. 0. SDQD
122.419998 37.169998 0.014125 0.001576 0. 0. 0. SDRC
121.440002 37.480000 0.012811 0.001287 0. 0. 0. SDYT
117.989998 36.810001 0.008513 0.001210 0. 0. 0. SDZB
128.738007 34.787998 0.022796 0.005593 0. 0. 0. SEOI
126.494003 36.776001 0.022591 0.002685 0. 0. 0. SEOS
121.199997 31.100000 0.006262 0.002290 0. 0. 0. SHAO
128.565002 38.250999 0.033647 0.000229 0. 0. 0. SKCH
126.917999 37.493999 0.025368 0.001816 0. 0. 0. SKMA
135.936951 33.577854 0.031296 0.011806 0. 0. 0. SMST
108.769997 32.790001 0.004263 0.001286 0. 0. 0. SNAK
110.080002 34.480000 0.004973 0.001257 0. 0. 0. SNHY
128.143997 36.379002 0.026862 0.003744 0. 0. 0. SNJU
106.690002 33.130001 0.003911 0.001164 0. 0. 0. SNMX
107.320000 34.060001 0.004239 0.001157 0. 0. 0. SNTB
108.389999 35.169998 0.004725 0.001134 0. 0. 0. SNXY
109.459999 36.619999 0.005292 0.001031 0. 0. 0. SNYA
124.728996 37.759998 0.019465 0.001347 0. 0. 0. SOCH
125.098999 34.095001 0.013875 0.003753 0. 0. 0. SOHE
127.486000 34.957001 0.020349 0.004699 0. 0. 0. SONC
127.801003 34.411999 0.019260 0.005114 0. 0. 0. SORI
127.080002 37.630001 0.026184 0.001617 0. 0. 0. SOUL
141.845001 43.528999 0.021033 -0.028971 0. 0. 0. STK2
130.910004 44.430000 0.028030 -0.014992 0. 0. 0. SUIY
127.054001 37.276001 0.025397 0.002153 0. 0. 0. SUWN
113.180000 36.220001 0.006153 0.001147 0. 0. 0. SXCZ
113.389999 40.119999 0.006938 0.000388 0. 0. 0. SXDT
111.900002 36.250000 0.005832 0.001122 0. 0. 0. SXGX
111.599998 38.799999 0.006232 0.000716 0. 0. 0. SXKL
111.371002 36.084000 0.005664 0.001135 0. 0. 0. SXLF
114.019997 39.380001 0.007081 0.000531 0. 0. 0. SXLQ
112.430000 37.709999 0.006283 0.000899 0. 0. 0. SXTY
111.230003 35.110001 0.005398 0.001243 0. 0. 0. SXXX
112.889999 37.630001 0.006399 0.000912 0. 0. 0. SXYC
128.975998 37.160999 0.032961 0.002693 0. 0. 0. TABK
117.120003 36.209999 0.007658 0.001288 0. 0. 0. TAIN
120.989998 24.799999 0.002493 0.001320 0. 0. 0. TCMS
128.802002 35.905998 0.027560 0.004699 0. 0. 0. TEGN
117.400002 39.700001 0.009010 0.000291 0. 0. 0. TJBD
117.690002 39.080002 0.009119 0.000495 0. 0. 0. TJBH
117.099998 39.380001 0.008719 0.000414 0. 0. 0. TJWQ
120.989998 24.799999 0.002493 0.001320 0. 0. 0. TNML
140.089996 36.110001 0.598895 0.048432 0. 0. 0. TSK2
140.087006 36.105999 0.595253 0.049017 0. 0. 0. TSKB
121.160004 24.950001 0.002530 0.001331 0. 0. 0. TWTF
107.050003 47.869999 0.004833 -0.000451 0. 0. 0. ULAB
130.798004 37.518002 0.046373 0.001982 0. 0. 0. ULLE
138.362000 36.132999 0.238652 0.041596 0. 0. 0. USUD
127.946999 37.337002 0.028843 0.002178 0. 0. 0. WNJU
129.416000 35.504002 0.028083 0.005575 0. 0. 0. WOLS
114.357002 30.532000 0.004545 0.001644 0. 0. 0. WUHN
129.412994 36.992001 0.034625 0.003175 0. 0. 0. WULJ
108.989998 34.180000 0.004646 0.001229 0. 0. 0. XIAA
118.080002 24.450001 0.002585 0.001385 0. 0. 0. XIAM
109.221497 34.368671 0.004745 0.001227 0. 0. 0. XIAN
101.774002 36.601002 0.003520 0.000842 0. 0. 0. XNIN
129.680298 62.030960 0.001027 -0.001112 0. 0. 0. YAKT
107.440002 37.779999 0.004951 0.000867 0. 0. 0. YANC
127.505997 37.453999 0.027389 0.001930 0. 0. 0. YANP
128.445999 36.651001 0.028899 0.003468 0. 0. 0. YECH
129.070999 35.062000 0.024894 0.005680 0. 0. 0. YNDO
112.339996 16.830000 0.001125 0.000682 0. 0. 0. YONG
126.515999 35.278999 0.019088 0.003998 0. 0. 0. YONK
128.462006 37.182999 0.030615 0.002543 0. 0. 0. YOWL
142.720001 47.029999 0.003597 -0.002676 0. 0. 0. YSSK
136.503754 35.104763 0.079834 0.022927 0. 0. 0. Z101
138.185791 35.322075 0.123459 0.034336 0. 0. 0. Z102
137.423126 34.967480 0.083869 0.025888 0. 0. 0. Z103
136.981750 34.543915 0.059902 0.020172 0. 0. 0. Z104
136.802002 34.373581 0.052841 0.018275 0. 0. 0. Z105
136.388489 34.297928 0.049083 0.017058 0. 0. 0. Z106
136.139969 33.932949 0.038856 0.014165 0. 0. 0. Z107
135.743454 34.155849 0.043150 0.015091 0. 0. 0. Z108
135.290344 34.090851 0.040187 0.014007 0. 0. 0. Z109
135.399124 33.854500 0.035850 0.013026 0. 0. 0. Z110
135.871094 33.799084 0.035572 0.013134 0. 0. 0. Z111
135.406006 33.647251 0.032113 0.011995 0. 0. 0. Z112
135.834137 33.520081 0.030224 0.011460 0. 0. 0. Z113
134.510025 33.932796 0.034773 0.012143 0. 0. 0. Z114
133.796951 33.838840 0.031242 0.010841 0. 0. 0. Z115
134.484558 33.821980 0.032999 0.011741 0. 0. 0. Z116
132.564697 33.510353 0.024686 0.008778 0. 0. 0. Z117
132.360382 33.202183 0.021831 0.008140 0. 0. 0. Z118
133.431702 33.545727 0.026897 0.009726 0. 0. 0. Z119
133.699844 33.542534 0.027443 0.010001 0. 0. 0. Z120
134.056198 33.367382 0.026105 0.009855 0. 0. 0. Z121
132.974030 33.312130 0.023733 0.008816 0. 0. 0. Z123
132.822083 33.060120 0.021377 0.008226 0. 0. 0. Z124
113.099998 34.520000 0.005658 0.001363 0. 0. 0. ZHNZ
119.269997 29.469999 0.004606 0.001862 0. 0. 0. ZJJD
120.760002 27.930000 0.003872 0.001767 0. 0. 0. ZJWZ
121.989998 30.070000 0.005614 0.002286 0. 0. 0. ZJZS
142.080902 37.166111 4.437881 -1.657563 0. 0. 0. _FUK
143.362183 38.887981 13.832843 -5.847982 0. 0. 0. _KMN
143.263336 38.636463 21.106182 -8.882080 0. 0. 0. _KMS
142.916641 38.080940 22.148567 -10.321486 0. 0. 0. _MGI
142.433151 38.148861 14.394628 -5.068998 0. 0. 0. _MGW
