139.547653 39.185562 0.681823 -0.245130 019B (139.54765,39.18556)
130.600006 31.823999 0.008074 0.007002 AIRA (130.60001,31.82400)
102.234985 51.769707 0.001669 -0.000365 BADG (102.23499,51.76971)
115.891998 39.609001 0.003915 0.000291 BJFS (115.89200,39.60900)
142.199997 27.070000 0.000753 -0.001118 CCJ2 (142.20000,27.07000)
125.444000 43.791000 0.012568 -0.004445 CHAN (125.44400,43.79100)
145.742996 15.230000 -0.000131 0.000485 CNMR (145.74300,15.23000)
100.533936 13.735914 0.000562 0.000716 CUSV (100.53394,13.73591)
127.374001 36.398998 0.016245 0.003920 DAEJ (127.37400,36.39900)
135.928299 33.877003 0.030320 0.025642 G000 (135.92830,33.87700)
135.087646 35.419525 0.069504 0.031928 G001 (135.08765,35.41953)
135.340698 35.333458 0.070164 0.033692 G002 (135.34070,35.33346)
135.634216 35.155182 0.067516 0.035199 G003 (135.63422,35.15518)
135.219940 34.326462 0.039709 0.027420 G004 (135.21994,34.32646)
134.376114 34.760426 0.044480 0.025155 G006 (134.37611,34.76043)
136.041901 34.710644 0.054843 0.034513 G007 (136.04190,34.71064)
136.173141 34.493874 0.047864 0.032872 G008 (136.17314,34.49387)
136.002640 34.292927 0.041217 0.030240 G009 (136.00264,34.29293)
135.854797 34.241966 0.039517 0.029270 G010 (135.85480,34.24197)
135.554001 33.940796 0.031615 0.025433 G011 (135.55400,33.94080)
135.882095 33.668758 0.025811 0.023378 G012 (135.88210,33.66876)
135.533844 33.658344 0.025766 0.022740 G013 (135.53384,33.65834)
134.195267 35.529858 0.059964 0.025332 G014 (134.19527,35.52986)
133.495132 35.506935 0.050642 0.020847 G015 (133.49513,35.50694)
133.869751 35.493202 0.054902 0.023153 G016 (133.86975,35.49320)
134.155945 35.340591 0.055132 0.025027 G017 (134.15594,35.34059)
132.921997 35.491909 0.044148 0.017804 G018 (132.92200,35.49191)
133.192093 35.310692 0.044127 0.019251 G019 (133.19209,35.31069)
132.902695 35.309727 0.041382 0.017815 G020 (132.90269,35.30973)
132.669006 35.233078 0.038337 0.016770 G021 (132.66901,35.23308)
132.385559 35.031902 0.033792 0.015587 G022 (132.38556,35.03190)
132.685165 34.856747 0.033751 0.016712 G023 (132.68517,34.85675)
132.109467 34.777946 0.029344 0.014434 G024 (132.10947,34.77795)
131.810318 34.624344 0.026278 0.013301 G025 (131.81032,34.62434)
133.680756 35.282959 0.048608 0.021973 G026 (133.68076,35.28296)
133.912689 35.105026 0.047537 0.023209 G027 (133.91269,35.10503)
133.800446 34.738079 0.039749 0.021823 G028 (133.80045,34.73808)
133.972595 34.590286 0.038289 0.022298 G029 (133.97260,34.59029)
132.902100 35.035213 0.037596 0.017776 G030 (132.90210,35.03521)
132.908112 34.633671 0.032371 0.017381 G031 (132.90811,34.63367)
133.341293 34.612202 0.034697 0.019247 G032 (133.34129,34.61220)
133.140182 34.515621 0.032174 0.018151 G033 (133.14018,34.51562)
132.691956 34.184635 0.026034 0.015709 G035 (132.69196,34.18464)
132.531631 34.069233 0.024194 0.014912 G036 (132.53163,34.06923)
131.735321 34.195274 0.022296 0.012640 G037 (131.73532,34.19527)
132.052734 34.090061 0.022584 0.013425 G038 (132.05273,34.09006)
131.113037 34.020523 0.019146 0.010909 G039 (131.11304,34.02052)
132.119965 33.845917 0.020721 0.013180 G040 (132.11996,33.84592)
134.457306 33.993687 0.030056 0.021826 G041 (134.45731,33.99369)
134.211166 33.934563 0.028363 0.020543 G042 (134.21117,33.93456)
134.175980 34.478535 0.037487 0.022941 G044 (134.17598,34.47853)
133.899384 34.325920 0.033375 0.020992 G045 (133.89938,34.32592)
133.350693 33.974171 0.026161 0.017500 G046 (133.35069,33.97417)
133.047394 33.884090 0.024089 0.016161 G047 (133.04739,33.88409)
132.798523 33.642731 0.020869 0.014659 G048 (132.79852,33.64273)
132.743683 33.305054 0.017694 0.013485 G049 (132.74368,33.30505)
132.633636 33.096088 0.015825 0.012586 G050 (132.63364,33.09609)
133.531021 33.625805 0.022528 0.016814 G051 (133.53102,33.62580)
133.154495 33.607021 0.021430 0.015602 G052 (133.15450,33.60702)
134.099319 33.497108 0.022014 0.017893 G053 (134.09932,33.49711)
133.089539 33.416664 0.019383 0.014754 G054 (133.08954,33.41666)
134.205536 33.394894 0.020864 0.017628 G055 (134.20554,33.39489)
132.972137 33.193138 0.017136 0.013677 G056 (132.97214,33.19314)
132.831467 32.961067 0.015056 0.012579 G058 (132.83147,32.96107)
132.555435 32.738613 0.013215 0.011366 G059 (132.55544,32.73861)
130.722427 33.929722 0.017741 0.010064 G060 (130.72243,33.92972)
130.971115 33.867008 0.017906 0.010484 G061 (130.97112,33.86701)
130.296906 33.683071 0.015642 0.009120 G062 (130.29691,33.68307)
130.675674 33.579769 0.015812 0.009679 G063 (130.67567,33.57977)
130.995422 33.564732 0.016258 0.010219 G064 (130.99542,33.56473)
130.079269 33.503036 0.014360 0.008584 G065 (130.07927,33.50304)
130.097214 33.292004 0.013428 0.008404 G066 (130.09721,33.29200)
129.862946 33.073387 0.012045 0.007771 G067 (129.86295,33.07339)
129.958954 32.768307 0.010949 0.007558 G068 (129.95895,32.76831)
130.621765 33.060135 0.013198 0.008986 G069 (130.62177,33.06013)
130.872650 32.995934 0.013205 0.009286 G070 (130.87265,32.99593)
130.748367 32.709232 0.011752 0.008674 G071 (130.74837,32.70923)
130.827347 32.396080 0.010474 0.008276 G073 (130.82735,32.39608)
130.179886 32.367409 0.009676 0.007332 G074 (130.17989,32.36741)
130.656494 32.343513 0.010099 0.007956 G075 (130.65649,32.34351)
130.986389 32.292397 0.010166 0.008304 G076 (130.98639,32.29240)
131.521149 33.514332 0.016855 0.011143 G077 (131.52115,33.51433)
131.291672 33.383755 0.015711 0.010513 G078 (131.29167,33.38375)
131.748413 33.096195 0.014644 0.010833 G079 (131.74841,33.09620)
132.039047 32.936356 0.013998 0.010998 G080 (132.03905,32.93636)
131.441528 32.898895 0.013269 0.009979 G081 (131.44153,32.89890)
131.629227 32.852222 0.013173 0.010170 G082 (131.62923,32.85222)
131.364700 32.527931 0.011425 0.009207 G083 (131.36470,32.52793)
131.583023 32.316231 0.010561 0.009061 G084 (131.58302,32.31623)
131.347488 32.111889 0.009614 0.008397 G085 (131.34749,32.11189)
131.254456 32.001804 0.009133 0.008081 G086 (131.25446,32.00180)
130.976959 31.877796 0.008516 0.007533 G087 (130.97696,31.87780)
131.470062 31.785973 0.008360 0.007871 G088 (131.47006,31.78597)
130.735672 31.743780 0.007883 0.007016 G089 (130.73567,31.74378)
130.998306 31.564604 0.007400 0.006967 G090 (130.99831,31.56460)
130.340057 31.450253 0.006730 0.006137 G091 (130.34006,31.45025)
130.540588 31.377237 0.006600 0.006200 G092 (130.54059,31.37724)
130.867111 31.242748 0.006315 0.006256 G093 (130.86711,31.24275)
127.993683 26.386345 0.000856 0.001389 G094 (127.99368,26.38634)
127.760361 26.312714 0.000874 0.001382 G095 (127.76036,26.31271)
127.677628 26.194576 0.000855 0.001354 G096 (127.67763,26.19458)
153.978653 24.290094 -0.002012 0.003285 G098 (153.97865,24.29009)
137.550842 36.114304 0.169704 0.048313 G099 (137.55084,36.11430)
138.727310 35.360771 0.127363 0.030358 G100 (138.72731,35.36077)
140.858307 43.209526 0.009855 -0.043471 G101 (140.85831,43.20953)
139.489197 42.078789 0.082583 -0.122562 G102 (139.48920,42.07879)
140.859207 40.897495 0.214155 -0.230568 G103 (140.85921,40.89750)
139.703461 39.942116 0.511180 -0.289261 G104 (139.70346,39.94212)
139.545959 38.563339 0.753892 -0.175130 G105 (139.54596,38.56334)
140.249451 35.129383 0.164253 -0.117225 G107 (140.24945,35.12938)
139.615540 35.160152 0.117842 -0.024357 G108 (139.61554,35.16015)
138.281250 37.814758 0.405729 -0.016641 G109 (138.28125,37.81476)
138.508514 37.356544 0.390838 0.004135 G110 (138.50851,37.35654)
136.900330 37.405727 0.232373 0.020003 G111 (136.90033,37.40573)
136.148849 36.254585 0.127471 0.038921 G112 (136.14885,36.25459)
139.132965 34.895485 0.074053 0.004471 G113 (139.13297,34.89548)
138.764206 34.806900 0.064889 0.017159 G114 (138.76421,34.80690)
138.327408 34.870670 0.070424 0.029764 G115 (138.32741,34.87067)
136.823837 34.903965 0.067395 0.039430 G116 (136.82384,34.90396)
135.191544 34.144146 0.035358 0.025890 G117 (135.19154,34.14415)
134.315933 35.593685 0.063191 0.026161 G118 (134.31593,35.59369)
131.604645 34.627590 0.025304 0.012652 G119 (131.60464,34.62759)
133.243500 33.333500 0.018872 0.014861 G120 (133.24350,33.33350)
129.849289 33.473080 0.013754 0.008157 G121 (129.84929,33.47308)
134.178116 33.266125 0.019308 0.016862 G122 (134.17812,33.26612)
130.191071 32.017410 0.008420 0.006829 G123 (130.19107,32.01741)
127.824677 26.179472 0.000824 0.001339 G124 (127.82468,26.17947)
132.982178 32.869484 0.014519 0.012569 G125 (132.98218,32.86948)
132.810654 32.762100 0.013579 0.011884 G126 (132.81065,32.76210)
137.814484 35.777534 0.147391 0.048081 G127 (137.81448,35.77753)
136.728745 35.405132 0.093729 0.043922 G128 (136.72874,35.40513)
136.431931 34.603333 0.052503 0.034828 G129 (136.43193,34.60333)
135.589935 33.747604 0.027533 0.023697 G130 (135.58994,33.74760)
133.940872 33.722511 0.024639 0.018537 G131 (133.94087,33.72251)
133.043228 33.545834 0.020541 0.015068 G132 (133.04323,33.54583)
132.488770 33.039463 0.015203 0.012113 G133 (132.48877,33.03946)
132.922653 33.391029 0.018803 0.014220 G134 (132.92265,33.39103)
133.699570 35.490398 0.052757 0.022081 G135 (133.69957,35.49040)
137.636871 34.702118 0.058798 0.034868 G136 (137.63687,34.70212)
131.384033 33.078835 0.014155 0.010197 G137 (131.38403,33.07883)
137.595978 36.576969 0.216028 0.042848 G138 (137.59598,36.57697)
136.540482 34.285072 0.041282 0.031088 G139 (136.54048,34.28507)
136.081070 20.425549 -0.000269 -0.000518 G140 (136.08107,20.42555)
132.961685 33.103912 0.016364 0.013345 G141 (132.96169,33.10391)
132.675827 32.927689 0.014627 0.012158 G142 (132.67583,32.92769)
136.295578 34.930733 0.064975 0.037704 G143 (136.29558,34.93073)
138.794662 34.970566 0.080912 0.020115 G144 (138.79466,34.97057)
141.283188 38.901936 1.199052 -0.342664 G145 (141.28319,38.90194)
135.426102 34.085499 0.034673 0.026325 G146 (135.42610,34.08550)
131.835007 34.043789 0.021428 0.012716 G147 (131.83501,34.04379)
136.728226 34.490002 0.048671 0.033882 G148 (136.72823,34.49000)
136.693192 34.296612 0.041555 0.031248 G149 (136.69319,34.29661)
140.898788 42.557934 0.022755 -0.062334 G150 (140.89879,42.55793)
132.650330 34.492138 0.029244 0.016132 G151 (132.65033,34.49214)
133.924103 33.622295 0.023308 0.018006 G152 (133.92410,33.62230)
134.114166 33.774574 0.025743 0.019372 G153 (134.11417,33.77457)
135.305313 33.769405 0.027781 0.023190 G154 (135.30531,33.76941)
135.970596 33.660805 0.025542 0.023371 G155 (135.97060,33.66080)
136.024353 33.820427 0.028950 0.025153 G156 (136.02435,33.82043)
132.339813 34.397049 0.026686 0.014851 G157 (132.33981,34.39705)
136.772705 37.000721 0.199672 0.031909 G158 (136.77271,37.00072)
141.054657 39.362015 1.027294 -0.408456 G159 (141.05466,39.36201)
137.723373 34.672314 0.056997 0.033636 G160 (137.72337,34.67231)
137.442459 34.680382 0.057647 0.035599 G161 (137.44246,34.68038)
139.533829 38.511196 0.750588 -0.166485 G162 (139.53383,38.51120)
139.276184 36.602337 0.376540 -0.020214 G163 (139.27618,36.60234)
132.268814 34.575432 0.028155 0.014830 G164 (132.26881,34.57543)
141.685333 45.407822 -0.002245 -0.007786 G201 (141.68533,45.40782)
144.285797 44.019413 0.004411 0.016071 G202 (144.28580,44.01941)
144.371399 42.975571 0.015193 0.031587 G203 (144.37140,42.97557)
140.724533 41.781658 0.069679 -0.116326 G204 (140.72453,41.78166)
139.824921 34.918789 0.086364 -0.046177 G206 (139.82492,34.91879)
137.224579 36.762173 0.209604 0.039118 G207 (137.22458,36.76217)
135.773193 33.475948 0.022230 0.021315 G208 (135.77319,33.47595)
132.066208 34.897312 0.030293 0.014339 G209 (132.06621,34.89731)
129.866196 32.735119 0.010676 0.007375 G210 (129.86620,32.73512)
131.409302 31.576969 0.007578 0.007388 G211 (131.40930,31.57697)
127.665207 26.213327 0.000862 0.001360 G212 (127.66521,26.21333)
142.194611 27.093943 0.000757 -0.001135 G213 (142.19461,27.09394)
144.869995 13.590000 -0.000124 0.000327 GUAM (144.87000,13.59000)
144.800003 13.430000 -0.000123 0.000316 GUUG (144.80000,13.43000)
139.542297 36.295162 0.351248 -0.046288 I001 (139.54230,36.29516)
140.174271 36.263268 0.370582 -0.163233 I002 (140.17427,36.26327)
139.810532 36.203671 0.349689 -0.085814 I003 (139.81053,36.20367)
140.544479 36.181309 0.405994 -0.273971 I004 (140.54448,36.18131)
139.345169 36.120953 0.301914 -0.013846 I005 (139.34517,36.12095)
140.343155 36.096935 0.374703 -0.214730 I006 (140.34315,36.09694)
139.636719 36.087227 0.320545 -0.049693 I007 (139.63672,36.08723)
139.799927 36.010895 0.313732 -0.073435 I008 (139.79993,36.01089)
140.659241 35.955456 0.438909 -0.314438 I009 (140.65924,35.95546)
140.402954 35.970409 0.377956 -0.238792 I010 (140.40295,35.97041)
139.464279 35.925503 0.273672 -0.017549 I011 (139.46428,35.92550)
139.992722 35.940292 0.312524 -0.114673 I012 (139.99272,35.94029)
139.651855 35.937469 0.290401 -0.043065 I013 (139.65186,35.93747)
140.145493 35.873650 0.320368 -0.156947 I014 (140.14549,35.87365)
140.407013 35.803329 0.359661 -0.238254 I015 (140.40701,35.80333)
139.812805 35.780212 0.266005 -0.063625 I016 (139.81281,35.78021)
140.024750 35.786465 0.288144 -0.115796 I018 (140.02475,35.78646)
139.488266 35.710369 0.227231 -0.012449 I019 (139.48827,35.71037)
140.315140 35.717453 0.322796 -0.200657 I020 (140.31514,35.71745)
140.646820 35.777302 0.424241 -0.308892 I021 (140.64682,35.77730)
140.837234 35.726357 0.490286 -0.358988 I022 (140.83723,35.72636)
139.902359 35.675465 0.249971 -0.077291 I023 (139.90236,35.67546)
140.448303 35.642353 0.336209 -0.238883 I024 (140.44830,35.64235)
140.186569 35.544144 0.254321 -0.139977 I025 (140.18657,35.54414)
139.673355 35.563404 0.204883 -0.031945 I026 (139.67336,35.56340)
140.318237 35.530117 0.275109 -0.180050 I027 (140.31824,35.53012)
139.467834 35.521408 0.183644 -0.007981 I028 (139.46783,35.52141)
139.322571 35.482639 0.168574 0.003879 I029 (139.32257,35.48264)
140.051331 35.447784 0.209392 -0.096550 I030 (140.05133,35.44778)
139.045181 35.415352 0.145146 0.019298 I031 (139.04518,35.41535)
139.653748 35.436485 0.174543 -0.027758 I032 (139.65375,35.43649)
140.337372 35.421127 0.250016 -0.174350 I033 (140.33737,35.42113)
139.466064 35.326683 0.143689 -0.008738 I034 (139.46606,35.32668)
139.262695 35.304901 0.133308 0.005906 I035 (139.26270,35.30490)
139.825516 35.311703 0.156924 -0.049831 I036 (139.82552,35.31170)
140.146790 35.333141 0.192638 -0.111276 I037 (140.14679,35.33314)
138.881653 35.321602 0.125862 0.024644 I038 (138.88165,35.32160)
139.843567 35.143711 0.124035 -0.050404 I039 (139.84357,35.14371)
140.268021 35.165901 0.175517 -0.125150 I041 (140.26802,35.16590)
139.110443 35.148605 0.105676 0.011402 I042 (139.11044,35.14861)
138.901855 35.110016 0.097828 0.019603 I043 (138.90186,35.11002)
140.079269 35.111862 0.136150 -0.084457 I044 (140.07927,35.11186)
139.954346 35.254807 0.153735 -0.068886 I045 (139.95435,35.25481)
138.997925 35.014828 0.087127 0.013516 I046 (138.99792,35.01483)
139.864075 34.954082 0.093189 -0.050705 I047 (139.86407,34.95408)
139.131165 34.939308 0.079014 0.005579 I048 (139.13116,34.93931)
138.924820 34.916115 0.075690 0.014108 I049 (138.92482,34.91611)
137.672333 34.835331 0.066883 0.037087 I050 (137.67233,34.83533)
139.381393 34.784420 0.062678 -0.011668 I051 (139.38139,34.78442)
138.017532 34.785950 0.063943 0.032830 I052 (138.01753,34.78595)
138.989822 34.751350 0.059528 0.007550 I053 (138.98982,34.75135)
139.433212 34.686787 0.053016 -0.016402 I055 (139.43321,34.68679)
139.257904 34.371826 0.029487 -0.011601 I057 (139.25790,34.37183)
139.134460 34.200478 0.021369 -0.008665 I058 (139.13446,34.20048)
139.503845 34.121067 0.014995 -0.025077 I059 (139.50385,34.12107)
139.547150 34.059113 0.012220 -0.027162 I060 (139.54715,34.05911)
139.013687 34.921822 0.076585 0.010605 I061 (139.01369,34.92182)
139.124359 34.878475 0.072168 0.004497 I062 (139.12436,34.87848)
139.268127 35.723759 0.214916 0.006593 I063 (139.26813,35.72376)
138.975861 35.623348 0.177623 0.023762 I064 (138.97586,35.62335)
139.157227 35.610275 0.185172 0.014687 I065 (139.15723,35.61028)
139.204865 35.428520 0.153271 0.011096 I066 (139.20486,35.42852)
139.664841 35.267094 0.139400 -0.028876 I067 (139.66484,35.26709)
139.049332 35.245514 0.118582 0.016345 I068 (139.04933,35.24551)
138.445251 35.443581 0.130281 0.038333 I069 (138.44525,35.44358)
138.814041 35.496590 0.149652 0.029357 I070 (138.81404,35.49659)
138.563431 35.362080 0.123309 0.034674 I071 (138.56343,35.36208)
138.770676 35.305538 0.120971 0.028123 I072 (138.77068,35.30554)
138.445694 35.289463 0.112094 0.036004 I073 (138.44569,35.28946)
138.253510 35.200977 0.099730 0.037785 I074 (138.25351,35.20098)
138.616989 35.203182 0.105118 0.030532 I075 (138.61699,35.20318)
138.721542 35.173592 0.103210 0.027045 I076 (138.72154,35.17359)
138.524704 35.067406 0.089161 0.029930 I077 (138.52470,35.06741)
138.368698 35.103458 0.091414 0.033961 I078 (138.36870,35.10346)
138.134903 35.103912 0.089371 0.037677 I079 (138.13490,35.10391)
138.378296 34.990524 0.080849 0.031402 I081 (138.37830,34.99052)
137.695236 35.079292 0.083712 0.041192 I084 (137.69524,35.07929)
138.786057 34.776073 0.062135 0.015700 I085 (138.78606,34.77607)
138.838425 34.610001 0.048479 0.010031 I086 (138.83842,34.61000)
138.074860 34.939796 0.075328 0.035251 I088 (138.07486,34.93980)
137.932144 34.843857 0.067885 0.035007 I089 (137.93214,34.84386)
137.817947 34.941345 0.074434 0.037959 I090 (137.81795,34.94135)
138.136917 34.757755 0.061926 0.030569 I091 (138.13692,34.75776)
138.225601 34.738308 0.060433 0.028700 I092 (138.22560,34.73831)
138.053543 34.715252 0.059149 0.030873 I093 (138.05354,34.71525)
138.129288 34.642902 0.054270 0.028210 I094 (138.12929,34.64290)
137.937439 34.670422 0.056510 0.031428 I095 (137.93744,34.67042)
137.911270 34.755394 0.061921 0.033459 I096 (137.91127,34.75539)
137.791794 34.792835 0.064324 0.035372 I097 (137.79179,34.79284)
137.823425 34.671883 0.056816 0.032705 I098 (137.82343,34.67188)
137.575485 34.937675 0.073179 0.039435 I099 (137.57549,34.93768)
137.434006 34.864815 0.068100 0.038777 I102 (137.43401,34.86481)
137.554337 34.808727 0.065031 0.037308 I103 (137.55434,34.80873)
137.514938 34.718052 0.059721 0.035906 I104 (137.51494,34.71805)
139.171036 35.040627 0.091765 0.005867 I105 (139.17104,35.04063)
139.797241 33.119949 -0.004836 -0.029869 I113 (139.79724,33.11995)
104.316177 52.219021 0.001678 -0.000453 IRKJ (104.31618,52.21902)
104.316238 52.219025 0.001678 -0.000453 IRKM (104.31624,52.21902)
104.316002 52.219002 0.001678 -0.000453 IRKT (104.31600,52.21900)
141.750443 45.402992 -0.002305 -0.007316 J001 (141.75044,45.40299)
143.224182 44.433685 -0.001023 0.006096 J002 (143.22418,44.43369)
141.756317 44.397949 -0.002097 -0.010845 J003 (141.75632,44.39795)
144.675842 43.915691 0.006667 0.017733 J004 (144.67584,43.91569)
144.449005 43.507858 0.009011 0.022648 J005 (144.44901,43.50786)
142.482483 43.589657 -0.000873 0.000671 J007 (142.48248,43.58966)
141.510376 43.854012 -0.000272 -0.018239 J008 (141.51038,43.85401)
145.129623 43.070080 0.016703 0.025873 J009 (145.12962,43.07008)
144.431931 42.963261 0.015734 0.031690 J010 (144.43193,42.96326)
143.459229 43.028625 0.007783 0.025428 J011 (143.45923,43.02863)
142.401978 42.980515 0.002547 0.002170 J012 (142.40198,42.98051)
141.030914 43.177853 0.008233 -0.039598 J013 (141.03091,43.17785)
141.730667 42.983253 0.004050 -0.020465 J014 (141.73067,42.98325)
143.331009 42.321594 0.019720 0.043269 J015 (143.33101,42.32159)
142.364609 42.356903 0.011257 0.007003 J016 (142.36461,42.35690)
139.857666 42.450733 0.050932 -0.096964 J017 (139.85767,42.45073)
140.942413 42.374214 0.027937 -0.068131 J018 (140.94241,42.37421)
143.156525 42.005856 0.027803 0.051751 J019 (143.15652,42.00586)
139.519592 42.153545 0.076499 -0.117825 J020 (139.51959,42.15355)
140.107330 42.008076 0.071942 -0.119872 J021 (140.10733,42.00808)
140.747833 41.826073 0.064996 -0.111407 J022 (140.74783,41.82607)
140.040649 41.466377 0.131100 -0.167910 J023 (140.04065,41.46638)
141.213272 41.300774 0.103138 -0.132810 J024 (141.21327,41.30077)
140.272980 40.778984 0.269465 -0.256301 J026 (140.27298,40.77898)
141.789093 40.133450 0.613899 -0.306721 J027 (141.78909,40.13345)
141.939957 39.572384 1.036438 -0.264292 J028 (141.93996,39.57238)
141.203918 39.110626 1.155296 -0.380745 J029 (141.20392,39.11063)
139.776154 39.967903 0.514257 -0.297303 J030 (139.77615,39.96790)
140.048233 39.398697 0.773757 -0.329963 J031 (140.04823,39.39870)
139.808853 38.894604 0.816741 -0.253160 J032 (139.80885,38.89460)
140.318741 38.758595 0.997485 -0.312574 J033 (140.31874,38.75859)
140.366089 38.331028 1.003369 -0.262369 J035 (140.36609,38.33103)
141.441162 38.449196 1.034677 -0.373690 J036 (141.44116,38.44920)
140.954178 38.317486 1.001821 -0.342645 J037 (140.95418,38.31749)
140.908081 37.800671 0.795522 -0.374286 J038 (140.90808,37.80067)
139.791504 37.643696 0.695365 -0.087649 J040 (139.79150,37.64370)
140.902512 37.090714 0.575954 -0.374064 J041 (140.90251,37.09071)
140.611832 36.539928 0.405241 -0.269719 J042 (140.61183,36.53993)
139.726425 36.401848 0.380945 -0.077631 J043 (139.72643,36.40185)
138.906265 36.697025 0.348071 0.007918 J044 (138.90627,36.69703)
138.865402 36.259033 0.276119 0.019454 J045 (138.86540,36.25903)
137.851120 36.499767 0.224962 0.042899 J046 (137.85112,36.49977)
137.943802 35.923580 0.167741 0.047470 J047 (137.94380,35.92358)
138.583298 35.590336 0.154143 0.036784 J048 (138.58330,35.59034)
139.509567 38.230690 0.731148 -0.124660 J049 (139.50957,38.23069)
138.988861 37.896469 0.548180 -0.050674 J050 (138.98886,37.89647)
138.574402 37.397678 0.405675 0.000102 J051 (138.57440,37.39768)
137.487228 36.928959 0.240767 0.035025 J052 (137.48723,36.92896)
136.889160 37.382374 0.230241 0.020822 J053 (136.88916,37.38237)
136.649933 36.663410 0.171662 0.038191 J054 (136.64993,36.66341)
136.172974 36.231174 0.127035 0.039309 J055 (136.17297,36.23117)
136.105804 35.602562 0.093155 0.040255 J056 (136.10580,35.60256)
135.233383 35.549904 0.075939 0.033178 J057 (135.23338,35.54990)
137.347916 36.135994 0.163141 0.047979 J058 (137.34792,36.13599)
137.248367 35.800484 0.131950 0.048294 J059 (137.24837,35.80048)
136.900024 35.526073 0.104192 0.045637 J060 (136.90002,35.52607)
137.467575 35.396767 0.105042 0.046117 J061 (137.46758,35.39677)
136.158234 35.094727 0.070727 0.038279 J062 (136.15823,35.09473)
137.041290 35.128109 0.081349 0.042656 J063 (137.04129,35.12811)
136.502289 34.758999 0.059007 0.036805 J064 (136.50229,34.75900)
136.851135 34.465389 0.047739 0.033540 J065 (136.85114,34.46539)
136.198364 34.060658 0.034780 0.028065 J066 (136.19836,34.06066)
135.500977 34.837997 0.055567 0.032572 J067 (135.50098,34.83800)
135.851410 34.392300 0.043783 0.030735 J068 (135.85141,34.39230)
135.221497 34.157684 0.035759 0.026122 J069 (135.22150,34.15768)
135.764420 33.483360 0.022374 0.021381 J070 (135.76442,33.48336)
134.550385 34.784813 0.046406 0.026308 J071 (134.55038,34.78481)
133.058655 35.433876 0.044685 0.018523 J074 (133.05865,35.43388)
132.208969 35.002811 0.032287 0.014899 J075 (132.20897,35.00281)
131.610367 34.616493 0.025238 0.012663 J076 (131.61037,34.61649)
133.527985 34.548798 0.034878 0.019968 J077 (133.52798,34.54880)
132.575439 34.340355 0.027196 0.015599 J078 (132.57544,34.34035)
130.913635 33.996555 0.018530 0.010480 J079 (130.91364,33.99656)
134.023911 34.286026 0.033313 0.021405 J080 (134.02391,34.28603)
134.626022 33.926857 0.029385 0.022078 J081 (134.62602,33.92686)
134.122131 33.315895 0.019844 0.016999 J082 (134.12213,33.31590)
133.578262 33.529148 0.021530 0.016558 J083 (133.57826,33.52915)
133.241791 33.272900 0.018290 0.014627 J084 (133.24179,33.27290)
132.966415 32.755737 0.013659 0.012141 J085 (132.96642,32.75574)
132.281174 33.469009 0.018078 0.012777 J086 (132.28117,33.46901)
130.476776 33.730721 0.016221 0.009472 J087 (130.47678,33.73072)
131.691376 33.461544 0.016826 0.011405 J088 (131.69138,33.46154)
130.967819 33.331085 0.014980 0.009890 J089 (130.96782,33.33109)
131.876373 32.924587 0.013775 0.010699 J090 (131.87637,32.92459)
129.850296 33.476070 0.013769 0.008162 J091 (129.85030,33.47607)
130.645599 32.546410 0.010934 0.008270 J093 (130.64560,32.54641)
131.632324 32.445446 0.011163 0.009377 J094 (131.63232,32.44545)
131.469681 32.021755 0.009284 0.008349 J095 (131.46968,32.02176)
130.190140 32.013245 0.008405 0.006822 J096 (130.19014,32.01324)
130.466446 31.503769 0.006945 0.006334 J097 (130.46645,31.50377)
130.299484 31.264591 0.006208 0.005836 J098 (130.29948,31.26459)
131.087540 31.258533 0.006427 0.006472 J099 (131.08754,31.25853)
127.768921 26.144814 0.000825 0.001333 J100 (127.76892,26.14481)
142.169739 45.335827 -0.002524 -0.004339 J101 (142.16974,45.33583)
141.038208 45.275967 -0.001152 -0.013445 J102 (141.03821,45.27597)
142.537094 45.002399 -0.002506 -0.001572 J103 (142.53709,45.00240)
141.741394 44.892460 -0.002334 -0.009101 J104 (141.74139,44.89246)
142.265244 44.728497 -0.002629 -0.004053 J105 (142.26524,44.72850)
141.330063 44.427048 -0.001053 -0.016400 J106 (141.33006,44.42705)
142.625595 44.294567 -0.002146 0.000487 J107 (142.62560,44.29457)
144.029770 44.063873 0.003072 0.014649 J108 (144.02977,44.06387)
145.186096 44.019184 0.007619 0.016147 J109 (145.18610,44.01918)
142.151688 44.006779 -0.002057 -0.005961 J110 (142.15169,44.00678)
143.333694 44.005619 0.000356 0.010186 J111 (143.33369,44.00562)
143.926941 42.894516 0.013415 0.032787 J112 (143.92694,42.89452)
144.986969 43.549397 0.010819 0.021200 J113 (144.98697,43.54940)
143.787262 43.848896 0.003053 0.015632 J114 (143.78726,43.84890)
145.131439 43.661823 0.010212 0.019504 J115 (145.13144,43.66182)
144.774323 43.408688 0.011496 0.023591 J116 (144.77432,43.40869)
141.431183 43.404678 0.002438 -0.024835 J117 (141.43118,43.40468)
145.114960 43.382526 0.012894 0.022453 J118 (145.11496,43.38253)
145.801132 43.366852 0.013757 0.017684 J119 (145.80113,43.36685)
140.597076 43.292583 0.011923 -0.047526 J120 (140.59708,43.29258)
143.562424 43.289471 0.005750 0.021656 J121 (143.56242,43.28947)
144.325027 43.232933 0.011337 0.026866 J122 (144.32503,43.23293)
143.298019 43.231995 0.004525 0.019265 J123 (143.29802,43.23199)
144.126526 43.120609 0.011539 0.028634 J124 (144.12653,43.12061)
144.843018 43.057594 0.016142 0.028163 J125 (144.84302,43.05759)
140.499176 43.056828 0.017518 -0.056883 J126 (140.49918,43.05683)
140.543945 42.985252 0.018330 -0.058179 J127 (140.54395,42.98525)
141.290329 42.971378 0.008029 -0.035987 J128 (141.29033,42.97138)
140.883347 42.857887 0.015523 -0.052515 J129 (140.88335,42.85789)
140.603516 42.802719 0.021659 -0.063051 J130 (140.60352,42.80272)
140.233200 42.786434 0.029232 -0.073314 J131 (140.23320,42.78643)
141.863983 42.729443 0.006258 -0.017256 J132 (141.86398,42.72944)
142.295807 42.727238 0.005115 0.000370 J133 (142.29581,42.72724)
143.103256 42.699268 0.009471 0.026648 J134 (143.10326,42.69927)
141.074951 42.667877 0.016555 -0.051549 J135 (141.07495,42.66788)
141.602264 42.655529 0.009509 -0.029444 J136 (141.60226,42.65553)
140.825684 42.646290 0.021653 -0.061706 J137 (140.82568,42.64629)
143.461151 42.551647 0.015583 0.037815 J138 (143.46115,42.55165)
141.361481 42.549801 0.014688 -0.042615 J139 (141.36148,42.54980)
140.354202 42.494362 0.037198 -0.083726 J140 (140.35420,42.49436)
142.060226 42.481281 0.009220 -0.009071 J141 (142.06023,42.48128)
142.567459 42.247726 0.014434 0.018984 J142 (142.56746,42.24773)
140.250488 42.243679 0.052127 -0.100554 J143 (140.25049,42.24368)
142.935394 42.130936 0.020749 0.038850 J144 (142.93539,42.13094)
140.003952 42.130848 0.065998 -0.113489 J145 (140.00395,42.13085)
140.568863 42.098606 0.051510 -0.099355 J146 (140.56886,42.09861)
140.805542 42.042969 0.047558 -0.092585 J147 (140.80554,42.04297)
140.315887 41.599026 0.104460 -0.149607 J149 (140.31589,41.59903)
140.880508 41.455299 0.098559 -0.140313 J150 (140.88051,41.45530)
140.635895 41.043221 0.186696 -0.212475 J151 (140.63589,41.04322)
141.367966 40.968243 0.157873 -0.167866 J152 (141.36797,40.96824)
141.197830 40.625069 0.290504 -0.269326 J153 (141.19783,40.62507)
139.928116 40.577644 0.325799 -0.266503 J154 (139.92812,40.57764)
140.578140 40.523655 0.360275 -0.310005 J155 (140.57814,40.52365)
141.511276 40.515358 0.317550 -0.254343 J156 (141.51128,40.51536)
141.076477 40.291077 0.477210 -0.362311 J157 (141.07648,40.29108)
141.713135 40.405201 0.367256 -0.244409 J158 (141.71313,40.40520)
141.293686 40.291149 0.473236 -0.345986 J159 (141.29369,40.29115)
141.461945 40.048599 0.680641 -0.372213 J160 (141.46194,40.04860)
141.225067 39.980576 0.699051 -0.403898 J161 (141.22507,39.98058)
141.950546 39.869370 0.821052 -0.272776 J162 (141.95055,39.86937)
141.164856 39.851246 0.783802 -0.416124 J163 (141.16486,39.85125)
141.803848 39.849174 0.940895 -0.338015 J164 (141.80385,39.84917)
140.964508 39.701092 0.848672 -0.424857 J165 (140.96451,39.70109)
141.172104 39.596573 0.948324 -0.414531 J166 (141.17210,39.59657)
141.955261 39.458160 1.047818 -0.216309 J167 (141.95526,39.45816)
141.534164 39.338055 1.245162 -0.355397 J169 (141.53416,39.33805)
141.798035 39.253517 1.178513 -0.211760 J170 (141.79803,39.25352)
141.739853 39.023781 1.085108 -0.216290 J171 (141.73985,39.02378)
141.572586 38.902859 1.201517 -0.285927 J172 (141.57259,38.90286)
140.990585 38.815342 1.104895 -0.351573 J173 (140.99059,38.81534)
140.801636 38.748936 1.066494 -0.348190 J174 (140.80164,38.74894)
141.449371 38.682697 1.137756 -0.327822 J175 (141.44937,38.68270)
141.147537 38.539482 1.082723 -0.346384 J176 (141.14754,38.53948)
140.851364 38.411758 1.020913 -0.339064 J177 (140.85136,38.41176)
140.642853 38.205742 0.985736 -0.292310 J178 (140.64285,38.20574)
140.843994 38.029659 0.906081 -0.326868 J179 (140.84399,38.02966)
140.442581 37.989929 0.922648 -0.214304 J180 (140.44258,37.98993)
140.577347 40.325047 0.451887 -0.346518 J181 (140.57735,40.32505)
140.263657 40.271156 0.457148 -0.329249 J182 (140.26366,40.27116)
140.787338 40.215439 0.519450 -0.377082 J183 (140.78734,40.21544)
140.048676 40.247295 0.447384 -0.310910 J184 (140.04868,40.24730)
140.401993 40.006878 0.597547 -0.371563 J185 (140.40199,40.00688)
140.132370 39.936054 0.586096 -0.342808 J186 (140.13237,39.93605)
140.597046 39.749161 0.763461 -0.405586 J187 (140.59705,39.74916)
140.234207 39.658310 0.727351 -0.362986 J188 (140.23421,39.65831)
140.386627 39.549294 0.809790 -0.380942 J189 (140.38663,39.54929)
140.559784 39.327003 0.940161 -0.391495 J190 (140.55978,39.32700)
139.907715 39.206062 0.786274 -0.297264 J191 (139.90771,39.20606)
140.161987 39.164211 0.877758 -0.331419 J192 (140.16199,39.16421)
140.629593 39.051903 1.029095 -0.374550 J193 (140.62959,39.05190)
139.547653 39.185562 0.681823 -0.245130 J194 (139.54765,39.18556)
139.957367 38.759720 0.886814 -0.259410 J195 (139.95737,38.75972)
139.831772 38.594036 0.855554 -0.218088 J196 (139.83177,38.59404)
139.742249 38.146175 0.799869 -0.136657 J197 (139.74225,38.14618)
140.093521 37.963608 0.865150 -0.151080 J198 (140.09352,37.96361)
140.077576 38.197544 0.916304 -0.187642 J199 (140.07758,38.19754)
140.466492 37.683308 0.794690 -0.199611 J200 (140.46649,37.68331)
140.755081 37.560555 0.724655 -0.312879 J201 (140.75508,37.56055)
140.072678 37.566948 0.724014 -0.119083 J202 (140.07268,37.56695)
141.006607 37.533691 0.671608 -0.449240 J203 (141.00661,37.53369)
139.528625 37.473461 0.595599 -0.055551 J204 (139.52863,37.47346)
140.662109 37.325470 0.658988 -0.275697 J205 (140.66211,37.32547)
139.364349 37.302799 0.524785 -0.036328 J206 (139.36435,37.30280)
139.503769 37.281490 0.545039 -0.047061 J207 (139.50377,37.28149)
139.871429 37.261070 0.596513 -0.085789 J209 (139.87143,37.26107)
140.259933 37.126293 0.577698 -0.151024 J210 (140.25993,37.12629)
140.561646 37.089294 0.581189 -0.234096 J211 (140.56165,37.08929)
140.413269 36.862091 0.492308 -0.193704 J212 (140.41327,36.86209)
140.293427 36.650566 0.432018 -0.178863 J213 (140.29343,36.65057)
140.753906 36.800308 0.471234 -0.285967 J214 (140.75391,36.80031)
140.077942 36.364914 0.380800 -0.141316 J215 (140.07794,36.36491)
140.476334 36.344368 0.394993 -0.243687 J216 (140.47633,36.34437)
140.039261 36.854233 0.485437 -0.117358 J217 (140.03926,36.85423)
139.619247 36.665985 0.421648 -0.060657 J218 (139.61925,36.66599)
139.923462 36.598946 0.422230 -0.108227 J219 (139.92346,36.59895)
139.224899 36.769691 0.399139 -0.016844 J220 (139.22490,36.76969)
138.552719 36.507996 0.282157 0.028726 J221 (138.55272,36.50800)
139.330383 36.421627 0.352367 -0.023069 J222 (139.33038,36.42163)
139.075684 35.986893 0.250982 0.013530 J223 (139.07568,35.98689)
139.795990 35.895969 0.290091 -0.066249 J224 (139.79599,35.89597)
140.048096 35.657207 0.262716 -0.112128 J225 (140.04810,35.65721)
140.384903 35.243244 0.220828 -0.165951 J226 (140.38490,35.24324)
139.974884 35.002792 0.107247 -0.064912 J227 (139.97488,35.00279)
139.630646 35.663696 0.225777 -0.028373 J228 (139.63065,35.66370)
139.162598 35.336208 0.135711 0.012266 J229 (139.16260,35.33621)
139.142410 35.268600 0.124180 0.012191 J230 (139.14241,35.26860)
139.253342 38.465393 0.661822 -0.131547 J231 (139.25334,38.46539)
138.513092 38.319347 0.476425 -0.065580 J232 (138.51309,38.31935)
138.471680 38.063278 0.456083 -0.041577 J233 (138.47168,38.06328)
139.351471 37.929382 0.643832 -0.075558 J234 (139.35147,37.92938)
138.273071 37.815903 0.404559 -0.016490 J235 (138.27307,37.81590)
139.477890 37.685905 0.632526 -0.063628 J236 (139.47789,37.68591)
138.780502 37.667522 0.475304 -0.023230 J237 (138.78050,37.66752)
139.059113 37.662296 0.531037 -0.035757 J238 (139.05911,37.66230)
138.998016 37.467720 0.487575 -0.020851 J239 (138.99802,37.46772)
138.789978 37.311314 0.427593 -0.003828 J240 (138.78998,37.31131)
138.333572 37.231121 0.352726 0.014349 J241 (138.33357,37.23112)
138.933716 37.166035 0.426985 -0.004759 J242 (138.93372,37.16603)
138.100189 37.160789 0.318169 0.021805 J243 (138.10019,37.16079)
138.608719 37.079132 0.367714 0.012167 J244 (138.60872,37.07913)
137.873840 37.045174 0.283366 0.029017 J245 (137.87384,37.04517)
138.830841 36.993458 0.384864 0.005507 J246 (138.83084,36.99346)
138.198669 36.865402 0.294506 0.029956 J247 (138.19867,36.86540)
136.996124 36.740620 0.194861 0.038777 J248 (136.99612,36.74062)
137.195190 36.634335 0.197646 0.041586 J249 (137.19519,36.63433)
137.439896 36.578705 0.206732 0.043005 J250 (137.43990,36.57870)
136.920563 36.401878 0.166340 0.043699 J251 (136.92056,36.40188)
136.919266 37.850494 0.255459 0.002161 J252 (136.91927,37.85049)
137.270050 37.446026 0.263522 0.017733 J253 (137.27005,37.44603)
136.388947 36.394455 0.143883 0.039770 J255 (136.38895,36.39445)
136.633942 36.165291 0.138855 0.043711 J256 (136.63394,36.16529)
136.278946 36.145618 0.125832 0.040808 J257 (136.27895,36.14562)
136.504929 35.984909 0.123462 0.043471 J258 (136.50493,35.98491)
135.989761 35.945004 0.107140 0.039084 J259 (135.98976,35.94500)
136.197388 35.792782 0.104607 0.041157 J260 (136.19739,35.79278)
135.907639 35.534409 0.086427 0.038527 J261 (135.90764,35.53441)
135.608887 35.462715 0.078644 0.036029 J262 (135.60889,35.46272)
138.316391 35.855980 0.177218 0.042978 J263 (138.31639,35.85598)
138.695129 35.746876 0.182240 0.034065 J264 (138.69513,35.74688)
138.436172 36.801708 0.309954 0.026043 J265 (138.43617,36.80171)
137.872330 36.706470 0.248392 0.038578 J266 (137.87233,36.70647)
138.247467 36.665154 0.274639 0.034077 J267 (138.24747,36.66515)
138.322525 36.386177 0.245750 0.037798 J268 (138.32253,36.38618)
138.637802 36.346012 0.267401 0.028544 J269 (138.63780,36.34601)
137.902817 36.322372 0.209202 0.045083 J270 (137.90282,36.32237)
138.216492 36.208466 0.215753 0.042440 J271 (138.21649,36.20847)
138.460968 36.130638 0.222512 0.037872 J272 (138.46097,36.13064)
137.983017 36.121109 0.191547 0.046328 J273 (137.98302,36.12111)
137.696259 35.783619 0.143981 0.048517 J274 (137.69626,35.78362)
138.038315 35.556129 0.131717 0.045235 J275 (138.03831,35.55613)
137.815231 35.521091 0.122517 0.046454 J276 (137.81523,35.52109)
137.925278 35.317142 0.105898 0.043362 J277 (137.92528,35.31714)
137.587662 35.246998 0.095237 0.044131 J278 (137.58766,35.24700)
137.147171 36.335510 0.171231 0.045658 J279 (137.14717,36.33551)
136.952759 36.033047 0.140625 0.046658 J280 (136.95276,36.03305)
137.534866 35.973457 0.156002 0.048824 J281 (137.53487,35.97346)
136.863174 35.866940 0.126150 0.046382 J282 (136.86317,35.86694)
136.975296 35.757782 0.121535 0.046972 J283 (136.97530,35.75778)
137.424774 35.657188 0.125018 0.048166 J284 (137.42477,35.65719)
136.488770 35.636154 0.102604 0.043371 J285 (136.48877,35.63615)
136.611389 35.632896 0.105006 0.044272 J286 (136.61139,35.63290)
137.174149 35.612087 0.115710 0.047350 J287 (137.17415,35.61209)
136.687286 35.488323 0.097920 0.044176 J288 (136.68729,35.48832)
137.124695 35.478699 0.105165 0.046320 J289 (137.12469,35.47870)
136.549744 35.371708 0.089028 0.042613 J291 (136.54974,35.37171)
137.110229 35.367371 0.097324 0.045350 J292 (137.11023,35.36737)
137.405609 35.261967 0.094085 0.044624 J293 (137.40561,35.26197)
136.593445 35.227905 0.081952 0.041833 J294 (136.59344,35.22791)
137.980408 35.031517 0.082092 0.038134 J295 (137.98041,35.03152)
138.515671 34.986496 0.081114 0.028344 J296 (138.51567,34.98650)
138.922256 34.865589 0.070489 0.012979 J297 (138.92226,34.86559)
136.929977 35.334759 0.092570 0.044399 J298 (136.92998,35.33476)
136.828827 35.190105 0.082701 0.042635 J299 (136.82883,35.19011)
137.253555 35.138752 0.084039 0.043081 J300 (137.25356,35.13875)
137.313171 35.039463 0.078208 0.041721 J301 (137.31317,35.03946)
137.059784 34.994991 0.073774 0.041036 J302 (137.05978,34.99499)
137.299942 34.919746 0.070831 0.039965 J303 (137.29994,34.91975)
136.867645 34.823357 0.063644 0.038496 J304 (136.86765,34.82336)
137.119003 34.794872 0.063200 0.038254 J305 (137.11900,34.79487)
137.277832 34.648663 0.055986 0.035682 J306 (137.27783,34.64866)
137.068069 34.609238 0.053987 0.035491 J307 (137.06807,34.60924)
136.636505 34.913803 0.066669 0.038984 J309 (136.63651,34.91380)
136.183456 34.742874 0.056765 0.035436 J310 (136.18346,34.74287)
136.550659 34.547047 0.050645 0.034419 J311 (136.55066,34.54705)
136.334259 34.433140 0.046151 0.032626 J312 (136.33426,34.43314)
136.820618 34.253441 0.039871 0.030531 J314 (136.82062,34.25344)
136.085907 33.875137 0.030163 0.025823 J315 (136.08591,33.87514)
136.010895 33.741272 0.027198 0.024273 J316 (136.01089,33.74127)
136.197952 35.557331 0.092682 0.040894 J317 (136.19795,35.55733)
136.053665 35.466286 0.085832 0.039500 J318 (136.05367,35.46629)
135.913208 35.351254 0.078647 0.038032 J319 (135.91321,35.35125)
136.062820 35.318974 0.079343 0.038983 J320 (136.06282,35.31897)
136.235611 35.269440 0.079422 0.039919 J321 (136.23561,35.26944)
135.870804 35.137039 0.069433 0.036717 J322 (135.87080,35.13704)
136.145035 34.986385 0.066073 0.037387 J323 (136.14503,34.98639)
135.906158 34.939602 0.062254 0.035676 J324 (135.90616,34.93960)
136.054825 34.869328 0.060753 0.035955 J326 (136.05482,34.86933)
135.173218 35.752354 0.081773 0.032596 J327 (135.17322,35.75235)
134.932281 35.555683 0.071421 0.030822 J328 (134.93228,35.55568)
135.164032 35.292336 0.066516 0.032266 J329 (135.16403,35.29234)
135.366898 35.163788 0.064811 0.033350 J331 (135.36690,35.16379)
135.564514 35.077583 0.064037 0.034347 J332 (135.56451,35.07758)
135.665436 34.988571 0.061929 0.034524 J333 (135.66544,34.98857)
135.864151 34.746971 0.055100 0.033966 J334 (135.86415,34.74697)
135.685455 34.777840 0.054981 0.033243 J335 (135.68546,34.77784)
135.518494 34.677906 0.050767 0.031584 J336 (135.51849,34.67791)
135.481339 34.527309 0.046180 0.030253 J337 (135.48134,34.52731)
135.627335 34.479107 0.045497 0.030574 J338 (135.62733,34.47911)
135.586945 34.424809 0.043794 0.029928 J339 (135.58694,34.42481)
135.364151 34.406452 0.042350 0.028728 J340 (135.36415,34.40645)
134.582489 35.436749 0.062958 0.028120 J341 (134.58249,35.43675)
134.818497 35.314899 0.062759 0.029733 J342 (134.81850,35.31490)
135.181900 35.105286 0.060906 0.031810 J343 (135.18190,35.10529)
134.585953 35.094456 0.054172 0.027577 J344 (134.58595,35.09446)
134.972595 35.090786 0.058219 0.030275 J345 (134.97260,35.09079)
134.403778 34.997593 0.050003 0.026094 J346 (134.40378,34.99759)
134.767303 34.984684 0.053226 0.028477 J347 (134.76730,34.98468)
135.325989 34.976788 0.058403 0.032238 J348 (135.32599,34.97679)
135.176422 34.944794 0.056042 0.031080 J349 (135.17642,34.94479)
134.545242 34.897266 0.048980 0.026698 J350 (134.54524,34.89727)
135.215912 34.812187 0.052540 0.030645 J351 (135.21591,34.81219)
134.997238 34.804916 0.050563 0.029217 J352 (134.99724,34.80492)
135.341782 34.790905 0.052907 0.031304 J353 (135.34178,34.79090)
134.828781 34.786961 0.048721 0.028060 J354 (134.82878,34.78696)
135.380386 34.724251 0.051228 0.031114 J355 (135.38039,34.72425)
135.172287 34.686989 0.048720 0.029641 J356 (135.17229,34.68699)
134.519562 34.669880 0.043586 0.025642 J357 (134.51956,34.66988)
134.965698 34.669739 0.046803 0.028303 J358 (134.96570,34.66974)
135.024078 34.577053 0.044858 0.028104 J359 (135.02408,34.57705)
134.860977 34.493320 0.041837 0.026687 J360 (134.86098,34.49332)
134.881531 34.349770 0.038687 0.025913 J361 (134.88153,34.34977)
134.735184 34.334332 0.037635 0.025082 J362 (134.73518,34.33433)
134.736542 34.223671 0.035349 0.024414 J363 (134.73654,34.22367)
136.050385 34.567032 0.049923 0.033189 J364 (136.05038,34.56703)
135.731003 34.539223 0.047725 0.031570 J365 (135.73100,34.53922)
135.704178 34.388302 0.043204 0.030116 J366 (135.70418,34.38830)
135.963745 34.038166 0.034233 0.027434 J367 (135.96375,34.03817)
135.357956 34.256138 0.038534 0.027498 J368 (135.35796,34.25614)
135.065979 34.271461 0.037766 0.026286 J369 (135.06598,34.27146)
135.590118 34.221828 0.038390 0.028151 J370 (135.59012,34.22183)
135.384857 33.961674 0.031822 0.025099 J371 (135.38486,33.96167)
135.180084 33.913853 0.030443 0.024008 J372 (135.18008,33.91385)
135.782089 33.815201 0.028968 0.024747 J373 (135.78209,33.81520)
135.508392 33.785488 0.028269 0.023866 J374 (135.50839,33.78549)
135.396179 33.744274 0.027373 0.023212 J375 (135.39618,33.74427)
135.920715 33.583912 0.024064 0.022522 J376 (135.92072,33.58391)
135.599197 33.505619 0.022925 0.021416 J377 (135.59920,33.50562)
134.046677 35.456753 0.056357 0.024326 J378 (134.04668,35.45675)
133.439072 35.345535 0.047193 0.020584 J379 (133.43907,35.34554)
134.237366 35.265862 0.054398 0.025509 J380 (134.23737,35.26586)
133.308533 35.164574 0.042915 0.019833 J381 (133.30853,35.16457)
133.239883 36.285290 0.060494 0.017531 J382 (133.23988,36.28529)
132.984375 36.093208 0.053699 0.016940 J383 (132.98438,36.09321)
132.743210 35.392616 0.041056 0.017039 J384 (132.74321,35.39262)
132.995422 35.195614 0.040594 0.018266 J385 (132.99542,35.19561)
132.507324 35.185955 0.036472 0.016089 J386 (132.50732,35.18596)
132.720505 35.019772 0.036026 0.016964 J387 (132.72050,35.01977)
131.923141 34.767345 0.028192 0.013772 J388 (131.92314,34.76735)
133.792480 35.263538 0.049419 0.022637 J389 (133.79248,35.26354)
134.319641 35.099640 0.051502 0.025789 J390 (134.31964,35.09964)
134.234772 35.020882 0.048900 0.025062 J391 (134.23477,35.02088)
133.734497 35.002960 0.043962 0.022007 J392 (133.73450,35.00296)
133.960861 34.982544 0.045573 0.023289 J393 (133.96086,34.98254)
133.598083 34.809692 0.039504 0.020918 J394 (133.59808,34.80969)
133.929047 34.791386 0.041659 0.022663 J395 (133.92905,34.79139)
134.165756 34.657722 0.040831 0.023571 J396 (134.16576,34.65772)
133.796738 34.438568 0.034671 0.020915 J397 (133.79674,34.43857)
133.120224 34.943451 0.037987 0.018724 J398 (133.12022,34.94345)
132.277328 34.726898 0.029778 0.015009 J399 (132.27733,34.72690)
132.540237 34.678814 0.030760 0.015959 J400 (132.54024,34.67881)
133.107529 34.672451 0.034095 0.018303 J401 (133.10753,34.67245)
132.824005 34.571301 0.031112 0.016938 J402 (132.82401,34.57130)
132.463470 34.539158 0.028790 0.015497 J403 (132.46347,34.53916)
133.009796 34.378685 0.029727 0.017321 J405 (133.00980,34.37868)
131.416550 34.439861 0.022991 0.011982 J407 (131.41655,34.43986)
130.943146 34.294609 0.020392 0.010735 J408 (130.94315,34.29461)
131.562790 34.283737 0.022356 0.012253 J409 (131.56279,34.28374)
131.953293 34.259083 0.023679 0.013374 J410 (131.95329,34.25908)
131.346085 34.189491 0.020917 0.011595 J411 (131.34608,34.18949)
131.530823 34.057240 0.020550 0.011920 J412 (131.53082,34.05724)
131.286041 33.977715 0.019312 0.011246 J413 (131.28604,33.97771)
132.104446 33.975067 0.021769 0.013380 J414 (132.10445,33.97507)
134.351974 34.096989 0.031474 0.021964 J415 (134.35197,34.09699)
134.560135 34.059906 0.031547 0.022634 J416 (134.56013,34.05991)
134.049179 34.051498 0.029656 0.020480 J417 (134.04918,34.05150)
134.230225 34.038418 0.030070 0.021152 J418 (134.23022,34.03842)
133.681290 33.936672 0.026784 0.018568 J419 (133.68129,33.93667)
134.389099 33.878933 0.027973 0.020906 J420 (134.38910,33.87893)
134.058197 33.877514 0.027078 0.019688 J421 (134.05820,33.87751)
134.667801 33.830242 0.027828 0.021609 J422 (134.66780,33.83024)
134.533005 33.725090 0.025862 0.020487 J423 (134.53300,33.72509)
134.372025 33.618500 0.024018 0.019346 J424 (134.37202,33.61850)
134.314209 34.472374 0.038170 0.023632 J425 (134.31421,34.47237)
134.241974 34.254578 0.033773 0.022271 J426 (134.24197,34.25458)
133.715057 34.217396 0.030852 0.019774 J427 (133.71506,34.21740)
133.647522 34.068073 0.028449 0.018948 J428 (133.64752,34.06807)
133.925507 34.164169 0.030931 0.020462 J429 (133.92551,34.16417)
132.990234 34.077888 0.026059 0.016514 J430 (132.99023,34.07789)
133.538239 33.938660 0.026348 0.018054 J431 (133.53824,33.93866)
133.201309 33.921204 0.025019 0.016800 J432 (133.20131,33.92120)
132.911636 33.796497 0.022725 0.015457 J433 (132.91164,33.79650)
132.683975 33.722599 0.021314 0.014545 J434 (132.68398,33.72260)
132.937881 33.569225 0.020517 0.014840 J435 (132.93788,33.56923)
132.693405 33.446766 0.018813 0.013785 J436 (132.69341,33.44677)
132.561829 32.963905 0.014755 0.012041 J437 (132.56183,32.96391)
133.655777 33.766975 0.024521 0.017789 J438 (133.65578,33.76698)
133.805023 33.654152 0.023467 0.017785 J439 (133.80502,33.65415)
134.106903 33.603786 0.023397 0.018470 J440 (134.10690,33.60379)
134.280807 33.527760 0.022647 0.018564 J441 (134.28081,33.52776)
133.903641 33.505737 0.021833 0.017387 J442 (133.90364,33.50574)
133.280914 33.468403 0.020284 0.015469 J443 (133.28091,33.46840)
134.007126 33.427795 0.021046 0.017288 J444 (134.00713,33.42780)
133.402985 33.407703 0.019895 0.015571 J445 (133.40298,33.40770)
132.792694 33.171646 0.016668 0.013182 J447 (132.79269,33.17165)
132.999237 32.991234 0.015491 0.013033 J448 (132.99924,32.99123)
132.703720 32.840607 0.014034 0.011940 J449 (132.70372,32.84061)
130.250824 33.536140 0.014847 0.008911 J450 (130.25082,33.53614)
130.521957 33.500378 0.015157 0.009339 J451 (130.52196,33.50038)
130.828751 33.465462 0.015471 0.009819 J452 (130.82875,33.46546)
130.564651 33.205875 0.013802 0.009081 J453 (130.56465,33.20588)
130.268723 33.274853 0.013655 0.008674 J454 (130.26872,33.27485)
130.094162 33.098476 0.012560 0.008181 J455 (130.09416,33.09848)
129.482056 34.655552 0.018217 0.008038 J456 (129.48206,34.65555)
129.311508 34.268208 0.015948 0.007675 J457 (129.31151,34.26821)
129.734726 33.742657 0.014713 0.008174 J458 (129.73473,33.74266)
129.537018 33.362202 0.012615 0.007521 J459 (129.53702,33.36220)
129.690659 33.063103 0.011691 0.007481 J460 (129.69066,33.06310)
130.271332 32.870686 0.011851 0.008180 J461 (130.27133,32.87069)
128.843109 32.669384 0.009134 0.006012 J462 (128.84311,32.66938)
130.154602 32.636913 0.010703 0.007680 J463 (130.15460,32.63691)
130.547729 32.933495 0.012517 0.008699 J464 (130.54773,32.93349)
130.764801 32.842098 0.012368 0.008899 J465 (130.76480,32.84210)
131.099304 32.740650 0.012225 0.009224 J466 (131.09930,32.74065)
129.987305 32.326241 0.009300 0.007012 J467 (129.98730,32.32624)
130.506836 32.299156 0.009772 0.007678 J468 (130.50684,32.29916)
130.802628 32.238674 0.009804 0.007972 J469 (130.80263,32.23867)
131.564163 33.671192 0.017952 0.011475 J470 (131.56416,33.67119)
131.168930 33.496235 0.016158 0.010447 J471 (131.16893,33.49623)
131.347275 33.254044 0.015063 0.010417 J472 (131.34727,33.25404)
131.798065 33.239437 0.015579 0.011205 J473 (131.79807,33.23944)
131.286087 33.009029 0.013694 0.009931 J474 (131.28609,33.00903)
131.587845 32.986858 0.013860 0.010360 J475 (131.58784,32.98686)
131.756836 32.704018 0.012484 0.010059 J476 (131.75684,32.70402)
131.327621 32.684834 0.012133 0.009441 J477 (131.32762,32.68483)
131.148865 32.456642 0.010979 0.008803 J478 (131.14886,32.45664)
131.185226 32.245857 0.010096 0.008465 J479 (131.18523,32.24586)
131.515854 32.170433 0.009911 0.008696 J480 (131.51585,32.17043)
131.078568 31.965048 0.008906 0.007813 J481 (131.07857,31.96505)
131.021515 31.740314 0.008032 0.007324 J482 (131.02151,31.74031)
131.368866 31.676546 0.007929 0.007552 J483 (131.36887,31.67655)
131.217392 31.469376 0.007154 0.006996 J484 (131.21739,31.46938)
130.597809 32.057503 0.008923 0.007397 J485 (130.59781,32.05750)
130.759674 31.855528 0.008297 0.007242 J486 (130.75967,31.85553)
129.795441 31.768684 0.007364 0.006078 J487 (129.79544,31.76868)
130.278152 31.717379 0.007500 0.006477 J488 (130.27815,31.71738)
130.836060 31.617376 0.007503 0.006898 J489 (130.83606,31.61738)
130.640366 31.235224 0.006225 0.006057 J490 (130.64037,31.23522)
130.723053 31.106205 0.005888 0.005911 J491 (130.72305,31.10620)
130.964218 30.530867 0.004490 0.005143 J492 (130.96422,30.53087)
130.638382 30.381721 0.004251 0.004826 J493 (130.63838,30.38172)
129.489029 28.399088 0.002044 0.002767 J494 (129.48903,28.39909)
128.432327 27.032185 0.001051 0.001635 J495 (128.43233,27.03218)
127.898453 26.694811 0.000978 0.001497 J496 (127.89845,26.69481)
131.227798 25.831211 0.000135 0.000841 J497 (131.22780,25.83121)
125.373795 24.753119 0.000727 0.001034 J498 (125.37379,24.75312)
122.942841 24.454168 0.000818 0.000969 J499 (122.94284,24.45417)
123.792038 24.426273 0.000756 0.000963 J500 (123.79204,24.42627)
141.167099 45.137711 -0.001367 -0.013265 J501 (141.16710,45.13771)
142.964462 44.582043 -0.001818 0.003087 J502 (142.96446,44.58204)
143.615677 44.219723 0.000758 0.010721 J503 (143.61568,44.21972)
143.076813 44.191944 -0.001009 0.006135 J504 (143.07681,44.19194)
144.293304 43.988789 0.004619 0.016417 J505 (144.29330,43.98879)
142.577713 43.908405 -0.001615 0.001096 J506 (142.57771,43.90841)
144.115250 43.828079 0.004786 0.017652 J507 (144.11525,43.82808)
142.409607 43.738522 -0.001425 -0.001229 J508 (142.40961,43.73852)
141.873840 43.740841 -0.001089 -0.011768 J509 (141.87384,43.74084)
142.903015 43.771412 -0.000448 0.006864 J510 (142.90302,43.77141)
143.578156 43.670502 0.002997 0.016144 J511 (143.57816,43.67050)
145.258957 43.232105 0.014886 0.023091 J512 (145.25896,43.23211)
144.079620 43.438835 0.007650 0.022888 J513 (144.07962,43.43884)
142.395340 43.336266 0.000105 -0.000153 J514 (142.39534,43.33627)
144.597656 43.307011 0.011877 0.025454 J515 (144.59766,43.30701)
141.890930 43.248409 0.001123 -0.013626 J516 (141.89093,43.24841)
140.860611 43.209507 0.009827 -0.043412 J517 (140.86061,43.20951)
142.809723 43.165527 0.002331 0.011129 J518 (142.80972,43.16553)
145.520493 43.195164 0.015530 0.021239 J519 (145.52049,43.19516)
141.540115 43.077587 0.004423 -0.025900 J520 (141.54012,43.07759)
143.170563 42.938862 0.006674 0.022615 J521 (143.17056,42.93886)
141.577423 42.884430 0.006318 -0.027143 J522 (141.57742,42.88443)
141.407089 42.773190 0.009684 -0.035606 J523 (141.40709,42.77319)
140.767624 42.551380 0.025689 -0.067588 J525 (140.76762,42.55138)
140.876373 42.473904 0.025898 -0.066633 J526 (140.87637,42.47390)
139.446152 42.060505 0.084898 -0.123820 J527 (139.44615,42.06050)
140.666870 42.123142 0.047067 -0.093774 J528 (140.66687,42.12314)
140.715439 41.976688 0.054764 -0.101448 J529 (140.71544,41.97669)
140.071228 41.803028 0.090786 -0.136543 J530 (140.07123,41.80303)
144.719147 42.982571 0.016802 0.030082 J531 (144.71915,42.98257)
143.315689 42.125587 0.025515 0.050634 J532 (143.31569,42.12559)
141.447586 41.404705 0.076785 -0.095305 J533 (141.44759,41.40471)
140.490768 41.185078 0.161903 -0.194471 J534 (140.49077,41.18508)
140.821991 41.145546 0.154057 -0.187366 J535 (140.82199,41.14555)
141.131805 40.862362 0.206470 -0.218198 J537 (141.13181,40.86236)
140.589218 40.706276 0.288686 -0.274841 J538 (140.58922,40.70628)
141.376205 40.676399 0.252749 -0.233282 J539 (141.37621,40.67640)
140.478531 40.624344 0.320301 -0.288164 J540 (140.47853,40.62434)
140.803345 40.643566 0.305616 -0.286869 J541 (140.80334,40.64357)
140.451569 40.910175 0.228215 -0.237671 J542 (140.45157,40.91018)
141.066330 39.953079 0.702213 -0.415877 J543 (141.06633,39.95308)
140.769180 39.351299 0.975791 -0.407116 J544 (140.76918,39.35130)
141.575485 39.143089 1.266721 -0.322488 J546 (141.57549,39.14309)
141.675293 39.596127 1.183060 -0.354065 J547 (141.67529,39.59613)
140.847870 38.546215 1.044608 -0.341309 J548 (140.84787,38.54622)
141.212906 38.425056 1.069308 -0.354723 J549 (141.21291,38.42506)
141.500687 38.301186 0.922675 -0.371344 J550 (141.50069,38.30119)
139.848938 39.891136 0.552878 -0.308204 J551 (139.84894,39.89114)
140.044724 39.825809 0.614810 -0.335124 J552 (140.04472,39.82581)
140.732849 39.702682 0.813261 -0.417299 J553 (140.73285,39.70268)
140.506699 39.199097 0.967322 -0.377705 J554 (140.50670,39.19910)
139.927490 39.015972 0.836553 -0.283733 J555 (139.92749,39.01597)
140.365158 38.496769 1.015808 -0.288467 J556 (140.36516,38.49677)
140.271133 38.148098 0.955483 -0.209902 J557 (140.27113,38.14810)
140.205658 37.615952 0.757024 -0.141225 J559 (140.20566,37.61595)
140.372894 37.620731 0.767520 -0.174959 J560 (140.37289,37.62073)
140.135880 37.424507 0.678988 -0.126347 J561 (140.13588,37.42451)
139.586166 37.097248 0.513171 -0.052125 J563 (139.58617,37.09725)
139.461685 38.056183 0.695431 -0.097867 J564 (139.46169,38.05618)
138.369888 38.023685 0.435562 -0.034671 J565 (138.36989,38.02369)
138.706940 37.535831 0.445012 -0.012011 J566 (138.70694,37.53583)
138.516373 37.348541 0.390952 0.004283 J567 (138.51637,37.34854)
139.020248 37.319870 0.466545 -0.014947 J568 (139.02025,37.31987)
138.242584 37.056683 0.321678 0.023049 J569 (138.24258,37.05668)
137.893875 36.950871 0.275651 0.031827 J570 (137.89388,36.95087)
139.073914 37.752064 0.548039 -0.043116 J571 (139.07391,37.75206)
137.369522 36.736958 0.216321 0.039875 J572 (137.36952,36.73696)
137.031891 36.649563 0.190054 0.040669 J573 (137.03189,36.64956)
137.138550 37.306969 0.243999 0.023361 J574 (137.13855,37.30697)
136.718765 37.156746 0.205784 0.027580 J575 (136.71877,37.15675)
136.996063 37.123158 0.221686 0.029281 J576 (136.99606,37.12316)
136.755646 36.817478 0.186998 0.035988 J577 (136.75565,36.81748)
136.605331 36.370068 0.150939 0.041795 J578 (136.60533,36.37007)
136.184998 35.968887 0.113493 0.040747 J579 (136.18500,35.96889)
136.055984 35.836842 0.103498 0.039895 J580 (136.05598,35.83684)
140.497604 36.743027 0.454398 -0.221097 J581 (140.49760,36.74303)
139.987762 36.300705 0.369174 -0.122670 J582 (139.98776,36.30070)
139.931503 36.114815 0.337736 -0.105988 J583 (139.93150,36.11481)
140.202438 36.031338 0.348748 -0.175362 J584 (140.20244,36.03134)
140.164764 36.952305 0.516499 -0.135859 J585 (140.16476,36.95230)
139.805740 36.979580 0.509107 -0.078900 J586 (139.80574,36.97958)
139.854263 36.776371 0.460634 -0.091256 J587 (139.85426,36.77637)
140.157684 36.692455 0.442484 -0.147140 J588 (140.15768,36.69246)
139.490585 36.624172 0.402441 -0.044343 J589 (139.49059,36.62417)
140.179306 36.542217 0.410684 -0.159091 J590 (140.17931,36.54222)
138.591446 36.616318 0.301083 0.025052 J591 (138.59145,36.61632)
139.066635 36.234669 0.293253 0.006906 J592 (139.06664,36.23467)
138.912415 36.142754 0.262225 0.019449 J593 (138.91241,36.14275)
139.434021 34.761543 0.060454 -0.015353 J594 (139.43402,34.76154)
139.358582 34.737614 0.057845 -0.011098 J595 (139.35858,34.73761)
139.270935 34.519634 0.039304 -0.010017 J596 (139.27094,34.51963)
139.210938 34.333122 0.027558 -0.010035 J597 (139.21094,34.33312)
139.137573 34.239914 0.023233 -0.008260 J598 (139.13757,34.23991)
139.478806 34.075783 0.013279 -0.024123 J600 (139.47881,34.07578)
139.612854 33.884125 0.006020 -0.029822 J601 (139.61285,33.88412)
139.764618 32.463501 -0.005247 -0.022514 J602 (139.76462,32.46350)
142.162766 26.635151 0.000643 -0.000971 J603 (142.16277,26.63515)
138.690384 35.649517 0.167357 0.034180 J606 (138.69038,35.64952)
139.025772 35.511868 0.160699 0.021132 J607 (139.02577,35.51187)
137.984543 36.239029 0.204923 0.045278 J608 (137.98454,36.23903)
137.871750 36.228371 0.197180 0.046351 J609 (137.87175,36.22837)
138.499283 36.284714 0.246606 0.034560 J610 (138.49928,36.28471)
137.682632 36.084663 0.172711 0.048270 J611 (137.68263,36.08466)
138.214478 36.026161 0.193103 0.044050 J612 (138.21448,36.02616)
138.583023 35.974148 0.209093 0.036082 J613 (138.58302,35.97415)
137.598267 35.880001 0.149700 0.048854 J614 (137.59827,35.88000)
137.983887 35.726292 0.148034 0.046844 J615 (137.98389,35.72629)
137.676392 35.343735 0.104181 0.045095 J616 (137.67639,35.34373)
136.904266 36.261467 0.155460 0.044996 J617 (136.90427,36.26147)
137.363022 36.285645 0.176777 0.046872 J618 (137.36302,36.28564)
137.200668 35.911633 0.139347 0.048191 J619 (137.20067,35.91163)
138.776520 34.855034 0.069317 0.017921 J620 (138.77652,34.85503)
138.928360 35.204395 0.110470 0.020650 J621 (138.92836,35.20440)
138.098282 34.679924 0.056742 0.029480 J622 (138.09828,34.67992)
138.182968 34.677753 0.056377 0.028098 J623 (138.18297,34.67775)
138.046524 34.666409 0.056006 0.029937 J624 (138.04652,34.66641)
138.159042 34.634541 0.053638 0.027552 J625 (138.15904,34.63454)
138.906891 35.047241 0.090257 0.017955 J626 (138.90689,35.04724)
140.086304 36.103634 0.344742 -0.142422 J627 (140.08630,36.10363)
138.939331 34.698906 0.055070 0.008352 J628 (138.93933,34.69891)
137.073563 35.239086 0.088497 0.043977 J629 (137.07356,35.23909)
136.965805 35.168423 0.082965 0.042907 J630 (136.96581,35.16842)
136.862747 34.984394 0.071782 0.040505 J631 (136.86275,34.98439)
136.831879 34.904385 0.067464 0.039455 J632 (136.83188,34.90438)
136.694244 35.050911 0.073849 0.040675 J633 (136.69424,35.05091)
136.393265 34.854900 0.062448 0.037422 J634 (136.39326,34.85490)
136.329758 34.648750 0.053880 0.035031 J635 (136.32976,34.64875)
136.628403 34.431442 0.046391 0.033042 J636 (136.62840,34.43144)
136.342926 34.208157 0.038928 0.029975 J637 (136.34293,34.20816)
136.264740 35.420357 0.087071 0.040913 J638 (136.26474,35.42036)
136.041199 35.085724 0.069167 0.037500 J639 (136.04120,35.08572)
135.034042 35.685078 0.077104 0.031566 J640 (135.03404,35.68508)
135.415833 35.482216 0.076419 0.034552 J641 (135.41583,35.48222)
135.549530 35.275860 0.070861 0.035079 J642 (135.54953,35.27586)
135.773300 35.053135 0.065253 0.035598 J643 (135.77330,35.05313)
135.772400 34.952641 0.061608 0.034967 J644 (135.77240,34.95264)
134.677383 35.621201 0.069369 0.028838 J645 (134.67738,35.62120)
134.728714 35.461262 0.065660 0.029229 J646 (134.72871,35.46126)
135.022034 35.237881 0.063073 0.031076 J647 (135.02203,35.23788)
134.771225 35.162743 0.057984 0.029058 J648 (134.77122,35.16274)
134.945038 34.936188 0.053642 0.029488 J649 (134.94504,34.93619)
135.528351 34.311840 0.040530 0.028700 J650 (135.52835,34.31184)
135.167740 34.025391 0.032712 0.024858 J652 (135.16774,34.02539)
135.496201 33.554413 0.023844 0.021711 J653 (135.49620,33.55441)
133.339691 35.436008 0.047669 0.020006 J654 (133.33969,35.43601)
134.325272 35.361443 0.057690 0.026209 J655 (134.32527,35.36144)
133.137894 35.563534 0.047516 0.018823 J656 (133.13789,35.56353)
132.457321 34.892658 0.032687 0.015815 J657 (132.45732,34.89266)
132.013565 34.571064 0.026805 0.013934 J658 (132.01357,34.57106)
131.864319 34.439720 0.024890 0.013311 J659 (131.86432,34.43972)
133.563995 35.169662 0.045384 0.021230 J660 (133.56400,35.16966)
133.396271 34.993362 0.040931 0.020152 J662 (133.39627,34.99336)
132.851578 34.811604 0.034286 0.017373 J663 (132.85158,34.81160)
133.337631 34.777790 0.037128 0.019548 J664 (133.33763,34.77779)
132.194656 34.370346 0.025748 0.014313 J665 (132.19466,34.37035)
132.455551 34.260921 0.025823 0.015032 J666 (132.45555,34.26092)
132.884384 34.210068 0.027137 0.016460 J667 (132.88438,34.21007)
131.152390 34.764347 0.024293 0.011403 J668 (131.15239,34.76435)
131.176163 34.342087 0.021419 0.011296 J669 (131.17616,34.34209)
131.065674 34.179771 0.020020 0.010932 J670 (131.06567,34.17977)
132.358337 33.909935 0.022047 0.014014 J672 (132.35834,33.90993)
134.605026 34.171810 0.033790 0.023495 J673 (134.60503,34.17181)
133.874985 34.039738 0.028869 0.019730 J674 (133.87498,34.03974)
134.301468 33.789532 0.026383 0.020092 J675 (134.30147,33.78953)
133.998672 34.445454 0.035892 0.021918 J676 (133.99867,34.44545)
133.780670 34.383400 0.033702 0.020653 J677 (133.78067,34.38340)
133.189102 34.252445 0.028995 0.017727 J678 (133.18910,34.25245)
132.781738 33.959473 0.023991 0.015484 J679 (132.78174,33.95947)
132.487259 33.611595 0.019759 0.013680 J680 (132.48726,33.61160)
132.543762 33.177589 0.016311 0.012627 J681 (132.54376,33.17759)
133.228470 33.326908 0.018783 0.014797 J683 (133.22847,33.32691)
133.128632 33.215431 0.017580 0.014134 J684 (133.12863,33.21543)
130.749557 33.745506 0.016804 0.009964 J685 (130.74956,33.74551)
131.016525 33.697403 0.017029 0.010403 J686 (131.01653,33.69740)
130.823883 33.640465 0.016378 0.009997 J687 (130.82388,33.64046)
130.701157 33.327225 0.014587 0.009448 J688 (130.70116,33.32722)
129.940094 33.196030 0.012711 0.008035 J689 (129.94009,33.19603)
129.690018 33.266121 0.012528 0.007688 J690 (129.69002,33.26612)
129.125504 33.255791 0.011377 0.006782 J691 (129.12550,33.25579)
129.026337 32.885628 0.009974 0.006367 J692 (129.02634,32.88563)
130.166428 32.795700 0.011375 0.007915 J693 (130.16643,32.79570)
130.335953 32.793015 0.011608 0.008175 J694 (130.33595,32.79301)
130.216660 32.712292 0.011099 0.007879 J695 (130.21666,32.71229)
130.352280 32.722572 0.011329 0.008101 J696 (130.35228,32.72257)
130.290710 32.660652 0.010986 0.007919 J697 (130.29071,32.66065)
128.619354 32.634274 0.008855 0.005788 J698 (128.61935,32.63427)
131.062897 33.121956 0.014033 0.009759 J699 (131.06290,33.12196)
130.748627 33.011292 0.013132 0.009118 J700 (130.74863,33.01129)
130.996216 32.870747 0.012742 0.009284 J701 (130.99622,32.87075)
130.794907 32.576725 0.011217 0.008530 J702 (130.79491,32.57673)
131.093430 32.950653 0.013218 0.009550 J703 (131.09343,32.95065)
131.132156 32.845001 0.012745 0.009440 J704 (131.13216,32.84500)
131.356644 33.537125 0.016705 0.010852 J705 (131.35664,33.53712)
131.588425 33.349854 0.015951 0.011006 J706 (131.58842,33.34985)
131.121140 33.270271 0.014865 0.010062 J707 (131.12114,33.27027)
131.579483 33.228428 0.015214 0.010780 J709 (131.57948,33.22843)
130.915741 33.190575 0.014201 0.009623 J710 (130.91574,33.19057)
131.530670 32.557049 0.011643 0.009471 J711 (131.53067,32.55705)
131.334015 32.384399 0.010766 0.008902 J712 (131.33401,32.38440)
131.486023 32.069107 0.009481 0.008461 J713 (131.48602,32.06911)
130.865631 32.047718 0.009095 0.007714 J714 (130.86563,32.04772)
131.306305 31.842098 0.008531 0.007822 J715 (131.30630,31.84210)
131.305862 31.399105 0.006939 0.006936 J716 (131.30586,31.39911)
130.179657 32.197075 0.009043 0.007081 J717 (130.17966,32.19707)
130.439651 31.908840 0.008252 0.006957 J718 (130.43965,31.90884)
130.651886 31.624098 0.007425 0.006717 J719 (130.65189,31.62410)
130.708542 31.591841 0.007349 0.006720 J720 (130.70854,31.59184)
130.637360 31.552221 0.007182 0.006580 J721 (130.63736,31.55222)
130.699402 31.496153 0.007033 0.006545 J722 (130.69940,31.49615)
130.274979 30.784655 0.005092 0.005196 J723 (130.27498,30.78465)
131.028595 30.753325 0.005003 0.005528 J724 (131.02859,30.75332)
130.198242 30.461390 0.004501 0.004805 J725 (130.19824,30.46139)
130.903229 30.398676 0.004225 0.004927 J726 (130.90323,30.39868)
130.424377 30.395756 0.004330 0.004788 J727 (130.42438,30.39576)
130.554550 30.236353 0.004021 0.004634 J728 (130.55455,30.23635)
129.705750 29.615330 0.003432 0.003937 J729 (129.70575,29.61533)
129.693573 28.487219 0.002115 0.002883 J730 (129.69357,28.48722)
130.028961 28.371132 0.001946 0.002816 J731 (130.02896,28.37113)
129.921677 28.293980 0.001888 0.002733 J732 (129.92168,28.29398)
129.320450 28.137583 0.001798 0.002502 J733 (129.32045,28.13758)
128.894470 27.816637 0.001533 0.002167 J734 (128.89447,27.81664)
128.650726 27.401239 0.001243 0.001851 J735 (128.65073,27.40124)
127.945053 26.944489 0.001070 0.001590 J736 (127.94505,26.94449)
128.248367 26.859344 0.000992 0.001554 J737 (128.24837,26.85934)
128.144028 26.708273 0.000945 0.001494 J738 (128.14403,26.70827)
127.231628 26.582876 0.001050 0.001492 J739 (127.23163,26.58288)
127.972397 26.482731 0.000891 0.001422 J740 (127.97240,26.48273)
127.832733 26.446926 0.000903 0.001418 J741 (127.83273,26.44693)
127.143646 26.372936 0.001000 0.001438 J742 (127.14365,26.37294)
126.739151 26.347830 0.001058 0.001449 J743 (126.73915,26.34783)
127.345245 26.178795 0.000909 0.001373 J744 (127.34525,26.17879)
127.826187 26.168608 0.000821 0.001335 J745 (127.82619,26.16861)
131.290680 25.953726 0.000162 0.000895 J746 (131.29068,25.95373)
125.170975 24.827959 0.000757 0.001048 J747 (125.17097,24.82796)
124.692444 24.641615 0.000741 0.001003 J748 (124.69244,24.64161)
124.301285 24.536625 0.000743 0.000981 J749 (124.30128,24.53662)
124.172653 24.338877 0.000714 0.000948 J750 (124.17265,24.33888)
123.795853 24.061501 0.000693 0.000910 J751 (123.79585,24.06150)
139.056732 36.539257 0.340934 0.000397 J752 (139.05673,36.53926)
139.269333 36.003735 0.272188 -0.001530 J753 (139.26933,36.00373)
139.182205 35.884048 0.240874 0.009207 J754 (139.18221,35.88405)
139.365967 35.800800 0.238536 -0.002962 J755 (139.36597,35.80080)
140.249161 35.288383 0.198720 -0.133294 J756 (140.24916,35.28838)
139.369904 35.616428 0.198776 0.000073 J758 (139.36990,35.61643)
139.613846 35.160866 0.117902 -0.024181 J759 (139.61385,35.16087)
135.789841 34.882030 0.059257 0.034589 J760 (135.78984,34.88203)
135.618820 34.621052 0.049642 0.031693 J761 (135.61882,34.62105)
134.659668 34.864120 0.049199 0.027312 J762 (134.65967,34.86412)
135.706024 34.698334 0.052545 0.032755 J763 (135.70602,34.69833)
135.819870 34.574001 0.049197 0.032281 J764 (135.81987,34.57400)
134.175797 34.809566 0.043930 0.024130 J765 (134.17580,34.80957)
133.757019 34.579147 0.036746 0.021163 J766 (133.75702,34.57915)
133.288116 34.450439 0.032100 0.018640 J767 (133.28812,34.45044)
132.820221 34.334873 0.028284 0.016494 J768 (132.82022,34.33487)
132.219131 34.191181 0.024144 0.014117 J769 (132.21913,34.19118)
129.954849 33.372181 0.013518 0.008244 J770 (129.95485,33.37218)
130.444519 33.346489 0.014284 0.009047 J771 (130.44452,33.34649)
129.989685 32.945587 0.011727 0.007827 J772 (129.98969,32.94559)
130.430450 32.581673 0.010836 0.008012 J773 (130.43045,32.58167)
130.085190 32.524532 0.010163 0.007422 J774 (130.08519,32.52453)
130.323639 32.426273 0.010074 0.007622 J775 (130.32364,32.42627)
130.469452 31.675102 0.007484 0.006611 J776 (130.46945,31.67510)
130.135757 31.415892 0.006557 0.005918 J777 (130.13576,31.41589)
141.598236 45.219769 -0.002168 -0.009169 J778 (141.59824,45.21977)
142.351837 45.126774 -0.002573 -0.003111 J779 (142.35184,45.12677)
142.717911 44.780170 -0.002319 0.000285 J780 (142.71791,44.78017)
141.793915 44.639927 -0.002328 -0.009433 J781 (141.79391,44.63993)
142.264526 44.365128 -0.002487 -0.004158 J782 (142.26453,44.36513)
141.664597 44.148754 -0.001552 -0.013425 J783 (141.66460,44.14875)
144.506409 43.722778 0.007396 0.019861 J784 (144.50641,43.72278)
141.370590 43.624329 0.001447 -0.023519 J785 (141.37059,43.62433)
142.643066 43.431633 0.000115 0.004853 J787 (142.64307,43.43163)
143.901993 43.101692 0.010222 0.028083 J788 (143.90199,43.10169)
142.870056 43.013653 0.003928 0.014699 J789 (142.87006,43.01365)
142.084595 42.933773 0.003055 -0.008177 J790 (142.08459,42.93377)
143.494965 42.806507 0.011184 0.031103 J791 (143.49496,42.80651)
141.081055 42.420547 0.023283 -0.059871 J792 (141.08105,42.42055)
143.151978 42.486412 0.013836 0.033700 J793 (143.15198,42.48641)
140.371231 41.934853 0.069403 -0.118253 J794 (140.37123,41.93485)
141.452591 39.849018 0.865134 -0.388567 J795 (141.45259,39.84902)
140.988449 39.127007 1.081826 -0.389723 J796 (140.98845,39.12701)
140.645630 37.984406 0.913709 -0.266266 J797 (140.64563,37.98441)
140.822906 40.044975 0.624549 -0.404453 J798 (140.82291,40.04498)
140.094635 38.434341 0.944273 -0.233032 J799 (140.09464,38.43434)
140.841644 37.018448 0.561847 -0.335124 J800 (140.84164,37.01845)
139.402237 37.036934 0.474097 -0.034409 J801 (139.40224,37.03693)
138.944824 36.778061 0.365432 0.004030 J802 (138.94482,36.77806)
140.199921 38.288982 0.964677 -0.225125 J803 (140.19992,38.28898)
139.521927 35.419270 0.164443 -0.013195 J804 (139.52193,35.41927)
139.226044 37.828159 0.595096 -0.057903 J805 (139.22604,37.82816)
138.880447 37.776989 0.509278 -0.035527 J806 (138.88045,37.77699)
138.779541 37.498657 0.452776 -0.012767 J807 (138.77954,37.49866)
138.456818 35.673695 0.160125 0.040075 J809 (138.45682,35.67369)
138.920273 37.589737 0.491876 -0.024299 J810 (138.92027,37.58974)
137.528778 35.575092 0.120652 0.047672 J811 (137.52878,35.57509)
136.470306 35.359730 0.087183 0.042025 J812 (136.47031,35.35973)
138.973862 35.114166 0.099209 0.016850 J813 (138.97386,35.11417)
138.876465 34.719475 0.057025 0.011199 J814 (138.87646,34.71947)
138.609970 35.117153 0.095253 0.028919 J815 (138.60997,35.11715)
138.209976 35.066975 0.086704 0.035907 J817 (138.20998,35.06697)
138.081680 35.044884 0.083867 0.037234 J818 (138.08168,35.04488)
137.946808 34.902050 0.072061 0.036002 J819 (137.94681,34.90205)
138.176743 34.849415 0.068606 0.031919 J820 (138.17674,34.84941)
137.680771 34.752041 0.061734 0.035487 J821 (137.68077,34.75204)
136.788818 35.300838 0.088544 0.043459 J822 (136.78882,35.30084)
134.588211 35.283344 0.059011 0.027993 J823 (134.58821,35.28334)
136.096985 34.179951 0.038078 0.029255 J824 (136.09698,34.17995)
135.735184 33.969482 0.032445 0.026200 J825 (135.73518,33.96948)
135.708786 33.637173 0.025314 0.022839 J826 (135.70879,33.63717)
134.393433 34.217796 0.033777 0.022786 J827 (134.39343,34.21780)
132.046097 33.367970 0.016844 0.011987 J828 (132.04610,33.36797)
132.475342 33.384373 0.017818 0.013045 J829 (132.47534,33.38437)
133.362640 33.704285 0.023012 0.016590 J830 (133.36264,33.70428)
130.464996 33.097355 0.013149 0.008785 J831 (130.46500,33.09735)
129.720718 32.839611 0.010857 0.007280 J832 (129.72072,32.83961)
131.206802 33.127842 0.014223 0.009994 J833 (131.20680,33.12784)
130.360657 32.098434 0.008862 0.007163 J834 (130.36066,32.09843)
130.238968 31.906164 0.008084 0.006719 J835 (130.23897,31.90616)
130.408005 31.796021 0.007842 0.006739 J836 (130.40800,31.79602)
130.599594 31.824060 0.008074 0.007002 J837 (130.59959,31.82406)
138.762787 34.690254 0.055035 0.014427 J838 (138.76279,34.69025)
138.331223 34.836166 0.067661 0.028925 J840 (138.33122,34.83617)
139.069901 34.949757 0.079941 0.008764 J841 (139.06990,34.94976)
138.249893 34.954346 0.077161 0.032966 J842 (138.24989,34.95435)
134.049545 35.174889 0.050340 0.024159 J843 (134.04955,35.17489)
140.810532 40.834408 0.236308 -0.245598 J844 (140.81053,40.83441)
140.324387 37.361824 0.664672 -0.163732 J845 (140.32439,37.36182)
133.461807 33.818356 0.024617 0.017338 J846 (133.46181,33.81836)
137.868759 35.160450 0.091599 0.041399 J847 (137.86876,35.16045)
141.955246 45.514114 -0.002401 -0.005551 J848 (141.95525,45.51411)
141.881790 45.230106 -0.002448 -0.006791 J849 (141.88179,45.23011)
142.292252 44.990505 -0.002615 -0.003674 J850 (142.29225,44.99051)
142.021774 44.916065 -0.002581 -0.006269 J851 (142.02177,44.91607)
142.038712 44.743240 -0.002584 -0.006423 J852 (142.03871,44.74324)
142.571167 44.546501 -0.002404 -0.000706 J853 (142.57117,44.54650)
142.935837 44.332294 -0.001609 0.003874 J854 (142.93584,44.33229)
141.872177 44.317665 -0.002201 -0.009552 J855 (141.87218,44.31767)
143.364594 44.260853 -0.000254 0.008421 J856 (143.36459,44.26085)
142.400894 44.165474 -0.002242 -0.002192 J857 (142.40089,44.16547)
142.601242 44.114449 -0.001952 0.000719 J858 (142.60124,44.11445)
144.993500 44.065033 0.006772 0.016101 J859 (144.99350,44.06503)
141.860748 44.052105 -0.001808 -0.010700 J860 (141.86075,44.05210)
143.534149 43.909927 0.001564 0.012985 J861 (143.53415,43.90993)
142.236542 43.889290 -0.001859 -0.004556 J862 (142.23654,43.88929)
143.176697 43.878723 0.000173 0.009610 J863 (143.17670,43.87872)
145.056870 43.794029 0.008895 0.018463 J864 (145.05687,43.79403)
142.132309 43.725658 -0.001429 -0.006568 J865 (142.13231,43.72566)
143.381088 43.710323 0.001777 0.013665 J866 (143.38109,43.71032)
142.794403 43.646908 -0.000355 0.006084 J867 (142.79440,43.64691)
143.991730 43.644562 0.005418 0.019455 J868 (143.99173,43.64456)
145.220367 43.555996 0.011400 0.020144 J869 (145.22037,43.55600)
144.719040 43.545929 0.009872 0.021956 J870 (144.71904,43.54593)
142.187607 43.521576 -0.000787 -0.005469 J871 (142.18761,43.52158)
141.616776 43.504215 0.000769 -0.019097 J872 (141.61678,43.50422)
143.753860 43.473579 0.005373 0.020416 J873 (143.75386,43.47358)
143.187042 43.366470 0.002803 0.015503 J874 (143.18704,43.36647)
140.378281 43.320705 0.014323 -0.051249 J875 (140.37828,43.32071)
141.345963 43.240528 0.004416 -0.029488 J876 (141.34596,43.24053)
141.652023 43.220894 0.002406 -0.020810 J877 (141.65202,43.22089)
144.970734 43.218189 0.014404 0.025199 J878 (144.97073,43.21819)
143.027756 43.171329 0.003395 0.015625 J879 (143.02776,43.17133)
142.567032 43.165047 0.001458 0.005283 J880 (142.56703,43.16505)
144.496490 43.149391 0.013358 0.028166 J881 (144.49649,43.14939)
141.203293 43.140396 0.006810 -0.035420 J882 (141.20329,43.14040)
143.597702 43.123894 0.007706 0.025124 J883 (143.59770,43.12389)
140.811111 43.082596 0.012412 -0.048078 J884 (140.81111,43.08260)
142.532257 42.890633 0.003685 0.007096 J885 (142.53226,42.89063)
143.655533 42.800343 0.012704 0.033151 J886 (143.65553,42.80034)
142.953690 42.803341 0.006818 0.020600 J887 (142.95369,42.80334)
140.011780 42.685337 0.037237 -0.082437 J888 (140.01178,42.68534)
143.312790 42.673962 0.011756 0.031723 J889 (143.31279,42.67396)
142.395920 42.554260 0.007679 0.006051 J890 (142.39592,42.55426)
142.767944 42.277233 0.015060 0.027351 J891 (142.76794,42.27723)
140.929337 41.740593 0.065361 -0.108329 J892 (140.92934,41.74059)
140.535019 41.711327 0.083669 -0.131285 J893 (140.53502,41.71133)
141.094467 41.466160 0.086680 -0.123311 J894 (141.09447,41.46616)
140.983810 41.199665 0.133948 -0.167948 J895 (140.98381,41.19967)
141.385696 41.160934 0.115620 -0.132753 J896 (141.38570,41.16093)
140.293533 41.121723 0.182211 -0.206387 J897 (140.29353,41.12172)
140.011002 40.730633 0.282898 -0.253097 J898 (140.01100,40.73063)
141.106018 40.579983 0.317688 -0.289115 J899 (141.10602,40.57998)
141.332001 40.508759 0.336662 -0.284627 J901 (141.33200,40.50876)
140.941589 40.447632 0.391163 -0.329951 J902 (140.94159,40.44763)
141.484863 40.271042 0.486463 -0.326449 J903 (141.48486,40.27104)
141.046463 40.106747 0.596882 -0.398571 J904 (141.04646,40.10675)
141.662186 39.970955 0.800573 -0.357040 J905 (141.66219,39.97095)
141.970230 39.738960 0.891259 -0.260731 J906 (141.97023,39.73896)
141.426132 39.639370 1.027362 -0.392047 J907 (141.42613,39.63937)
140.836319 39.554455 0.904877 -0.419457 J908 (140.83632,39.55445)
141.292999 39.464695 1.065956 -0.400584 J909 (141.29300,39.46469)
141.311676 39.235374 1.167418 -0.385575 J910 (141.31168,39.23537)
141.400848 39.012108 1.242890 -0.345087 J911 (141.40085,39.01211)
141.148529 38.995464 1.152061 -0.367607 J912 (141.14853,38.99546)
140.833191 38.934029 1.074553 -0.367176 J913 (140.83319,38.93403)
141.317856 38.743221 1.171492 -0.331062 J914 (141.31786,38.74322)
141.004333 38.686134 1.089508 -0.343626 J915 (141.00433,38.68613)
141.160721 38.660629 1.115396 -0.340512 J916 (141.16072,38.66063)
140.727722 38.571812 1.043103 -0.336154 J917 (140.72772,38.57181)
141.304398 38.509842 1.095036 -0.357747 J918 (141.30440,38.50984)
140.943695 38.177120 0.957465 -0.341815 J919 (140.94370,38.17712)
140.727661 37.824600 0.835415 -0.290799 J920 (140.72766,37.82460)
140.027573 40.339397 0.411103 -0.299978 J921 (140.02757,40.33940)
140.408157 40.183315 0.510551 -0.353916 J922 (140.40816,40.18332)
140.005493 40.099701 0.499576 -0.317997 J923 (140.00549,40.09970)
140.535858 39.921391 0.661703 -0.392737 J924 (140.53586,39.92139)
140.053925 39.527565 0.731236 -0.335632 J925 (140.05392,39.52757)
140.596085 39.508137 0.878190 -0.402700 J926 (140.59608,39.50814)
140.278931 39.296745 0.873637 -0.356626 J927 (140.27893,39.29675)
140.715057 39.146202 1.025067 -0.388468 J928 (140.71506,39.14620)
140.447327 39.054379 0.988004 -0.358860 J929 (140.44733,39.05438)
140.183472 38.938103 0.933779 -0.313346 J930 (140.18347,38.93810)
140.497253 38.752155 1.036747 -0.333381 J931 (140.49725,38.75216)
139.674530 38.701168 0.791546 -0.210347 J932 (139.67453,38.70117)
140.220505 38.628414 0.979404 -0.282665 J933 (140.22050,38.62841)
140.393875 38.170441 0.976509 -0.236402 J934 (140.39388,38.17044)
139.879410 37.920586 0.794454 -0.119985 J935 (139.87941,37.92059)
140.446793 37.833496 0.859270 -0.199100 J936 (140.44679,37.83350)
139.972656 37.669289 0.741914 -0.109482 J937 (139.97266,37.66929)
140.571655 37.591091 0.753823 -0.233991 J938 (140.57166,37.59109)
139.835526 37.461288 0.650763 -0.084912 J939 (139.83553,37.46129)
140.464035 37.444870 0.699454 -0.200680 J940 (140.46404,37.44487)
139.686340 37.326210 0.586895 -0.065154 J941 (139.68634,37.32621)
140.212738 37.293041 0.635262 -0.139745 J942 (140.21274,37.29304)
140.450974 37.210564 0.616113 -0.199303 J943 (140.45097,37.21056)
140.716003 37.183090 0.619582 -0.298149 J944 (140.71600,37.18309)
140.376266 37.023582 0.546868 -0.180122 J945 (140.37627,37.02358)
140.690155 36.932621 0.530503 -0.270113 J946 (140.69016,36.93262)
140.385696 36.475849 0.401006 -0.211339 J947 (140.38570,36.47585)
140.035416 37.124699 0.568814 -0.109512 J948 (140.03542,37.12470)
139.505310 36.872246 0.452152 -0.044316 J949 (139.50531,36.87225)
139.752792 36.537632 0.405979 -0.081901 J950 (139.75279,36.53763)
139.902512 36.456581 0.394741 -0.107530 J951 (139.90251,36.45658)
139.060852 36.837357 0.389726 -0.004694 J952 (139.06085,36.83736)
138.847885 36.591377 0.325154 0.013418 J954 (138.84789,36.59138)
139.016708 36.395348 0.313694 0.006460 J955 (139.01671,36.39535)
139.254639 36.267693 0.318818 -0.010479 J956 (139.25464,36.26769)
138.702988 36.200268 0.251840 0.028547 J957 (138.70299,36.20027)
138.926056 35.929928 0.227755 0.023197 J958 (138.92606,35.92993)
139.968475 35.143803 0.132155 -0.068034 J959 (139.96848,35.14380)
139.366058 35.391487 0.152539 -0.000015 J960 (139.36606,35.39149)
139.111450 37.540340 0.521421 -0.030663 J961 (139.11145,37.54034)
138.634598 37.212112 0.389750 0.006366 J962 (138.63460,37.21211)
139.247101 37.157616 0.474624 -0.023805 J963 (139.24710,37.15762)
138.457352 37.107086 0.352231 0.016045 J964 (138.45735,37.10709)
140.296494 36.778957 0.464984 -0.171288 J965 (140.29649,36.77896)
137.026428 36.919510 0.209564 0.034895 J966 (137.02643,36.91951)
137.551331 36.864346 0.239698 0.036601 J967 (137.55133,36.86435)
137.154480 36.757950 0.205138 0.039022 J968 (137.15448,36.75795)
136.806396 36.592091 0.174537 0.040380 J969 (136.80640,36.59209)
137.239227 36.472801 0.186758 0.044333 J970 (137.23923,36.47280)
137.033936 37.432259 0.243880 0.018910 J971 (137.03394,37.43226)
136.908768 37.226437 0.222396 0.025982 J972 (136.90877,37.22644)
136.540680 36.537266 0.158712 0.039296 J973 (136.54068,36.53727)
136.361649 36.229565 0.133325 0.040987 J974 (136.36165,36.22956)
136.048950 36.109734 0.116885 0.038948 J975 (136.04895,36.10973)
136.657745 35.901413 0.122682 0.044877 J976 (136.65775,35.90141)
136.339584 35.888218 0.113260 0.042284 J977 (136.33958,35.88822)
135.755646 35.486572 0.081882 0.037225 J978 (135.75565,35.48657)
138.444214 35.904934 0.190613 0.040248 J979 (138.44421,35.90493)
138.949997 35.753872 0.198909 0.024384 J980 (138.95000,35.75387)
138.606873 35.467693 0.138252 0.035077 J981 (138.60687,35.46769)
138.624252 36.856686 0.338437 0.018170 J982 (138.62425,36.85669)
138.096725 36.706646 0.266667 0.035830 J983 (138.09673,36.70665)
138.120941 36.523605 0.247166 0.039325 J984 (138.12094,36.52361)
138.366043 36.260986 0.232897 0.038642 J985 (138.36604,36.26099)
137.785431 35.944603 0.163155 0.048358 J986 (137.78543,35.94460)
138.095703 35.878418 0.169442 0.046107 J987 (138.09570,35.87842)
137.450882 35.815552 0.139101 0.048768 J988 (137.45088,35.81555)
137.620163 35.661228 0.130400 0.048138 J989 (137.62016,35.66123)
137.080521 36.140263 0.153150 0.046905 J990 (137.08052,36.14026)
136.784622 35.723488 0.114538 0.045719 J991 (136.78462,35.72349)
137.309097 35.523129 0.111860 0.047141 J992 (137.30910,35.52313)
136.545288 35.480061 0.094915 0.043193 J993 (136.54529,35.48006)
137.252319 35.300552 0.094817 0.044999 J994 (137.25232,35.30055)
137.575333 35.100021 0.084255 0.042055 J995 (137.57533,35.10002)
137.152390 34.917339 0.069963 0.040033 J996 (137.15239,34.91734)
137.338776 34.785915 0.063303 0.037767 J997 (137.33878,34.78592)
136.938477 34.740051 0.059893 0.037448 J998 (136.93848,34.74005)
136.474457 34.420326 0.045883 0.032730 J999 (136.47446,34.42033)
139.488007 35.709999 0.227135 -0.012412 KGNI (139.48801,35.71000)
135.046005 48.521000 0.003879 -0.009066 KHAJ (135.04601,48.52100)
130.878571 31.425312 0.006885 0.006592 KNYA (130.87857,31.42531)
140.658005 35.955002 0.438568 -0.314071 KSMV (140.65800,35.95500)
102.796997 25.030001 0.001138 0.000811 KUNM (102.79700,25.03000)
150.810379 59.577644 -0.000016 0.000308 MAGJ (150.81038,59.57764)
153.979996 24.290001 -0.002011 0.003284 MCIL (153.98000,24.29000)
141.132996 39.134998 1.123923 -0.387250 MIZU (141.13300,39.13500)
139.559998 35.680000 0.224985 -0.019786 MTKA (139.56000,35.68000)
100.713654 14.043016 0.000571 0.000719 NIMT (100.71365,14.04302)
127.768921 26.144817 0.000825 0.001333 OKN1 (127.76892,26.14482)
158.649994 53.020000 0.000265 0.000327 PETS (158.64999,53.02000)
121.080002 14.640000 0.000073 0.000343 PIMO (121.08000,14.64000)
130.878571 31.425308 0.006885 0.006592 S004 (130.87857,31.42531)
141.844818 43.528645 -0.000231 -0.013437 S005 (141.84482,43.52864)
142.195023 27.067532 0.000751 -0.001123 S007 (142.19502,27.06753)
139.081970 35.006851 0.086764 0.009553 S106 (139.08197,35.00685)
139.101685 34.971863 0.082679 0.007786 S107 (139.10168,34.97186)
140.087189 36.106113 0.345153 -0.142661 S110 (140.08719,36.10611)
121.199997 31.100000 0.003192 0.001830 SHAO (121.20000,31.10000)
135.936951 33.577854 0.023922 0.022468 SMST (135.93695,33.57785)
141.845001 43.528999 -0.000233 -0.013431 STK2 (141.84500,43.52900)
127.054001 37.276001 0.016810 0.002724 SUWN (127.05400,37.27600)
120.989998 24.799999 0.000980 0.000987 TCMS (120.99000,24.80000)
120.989998 24.799999 0.000980 0.000987 TNML (120.99000,24.80000)
140.089996 36.110001 0.345840 -0.143360 TSK2 (140.09000,36.11000)
140.087006 36.105999 0.345135 -0.142620 TSKB (140.08701,36.10600)
121.160004 24.950001 0.001001 0.001009 TWTF (121.16000,24.95000)
107.050003 47.869999 0.002117 -0.000327 ULAB (107.05000,47.87000)
138.362000 36.132999 0.215840 0.040324 USUD (138.36200,36.13300)
114.357002 30.532000 0.001903 0.000960 WUHN (114.35700,30.53200)
142.720001 47.029999 -0.001659 -0.000660 YSSK (142.72000,47.03000)
136.503754 35.104763 0.074706 0.040310 Z101 (136.50375,35.10476)
138.185791 35.322075 0.110842 0.040759 Z102 (138.18579,35.32207)
137.423126 34.967480 0.074357 0.040461 Z103 (137.42313,34.96748)
136.981750 34.543915 0.051021 0.034598 Z104 (136.98175,34.54391)
136.802002 34.373581 0.044220 0.032261 Z105 (136.80200,34.37358)
136.388489 34.297928 0.041724 0.031115 Z106 (136.38849,34.29793)
136.139969 33.932949 0.031516 0.026531 Z107 (136.13997,33.93295)
135.743454 34.155849 0.037031 0.028065 Z108 (135.74345,34.15585)
135.290344 34.090851 0.034456 0.025859 Z109 (135.29034,34.09085)
135.399124 33.854500 0.029583 0.024199 Z110 (135.39912,33.85450)
135.871094 33.799084 0.028587 0.024729 Z111 (135.87109,33.79908)
135.406006 33.647251 0.025535 0.022371 Z112 (135.40601,33.64725)
135.834137 33.520081 0.022961 0.021804 Z113 (135.83414,33.52008)
134.510025 33.932796 0.029176 0.021674 Z114 (134.51003,33.93280)
133.796951 33.838840 0.025825 0.018576 Z115 (133.79695,33.83884)
134.484558 33.821980 0.027291 0.020915 Z116 (134.48456,33.82198)
132.564697 33.510353 0.019071 0.013622 Z117 (132.56470,33.51035)
132.360382 33.202183 0.016197 0.012285 Z118 (132.36038,33.20218)
133.431702 33.545727 0.021414 0.016197 Z119 (133.43170,33.54573)
133.699844 33.542534 0.021915 0.016969 Z120 (133.69984,33.54253)
134.056198 33.367382 0.020386 0.017107 Z121 (134.05620,33.36738)
132.974030 33.312130 0.018188 0.014090 Z123 (132.97403,33.31213)
132.822083 33.060120 0.015814 0.012886 Z124 (132.82208,33.06012)
141.669920 35.502980 0.647824 -0.480460 _CHS (141.66992,35.50298)
142.083120 37.166010 0.626229 -0.605614 _FUK (142.08312,37.16601)
143.362340 38.887930 -0.081055 -0.106632 _KMN (143.36234,38.88793)
143.263500 38.636440 -0.282069 -0.146992 _KMS (143.26350,38.63644)
142.916670 38.082940 -0.559694 0.071291 _MGI (142.91667,38.08294)
142.433270 38.150560 0.248532 -0.051354 _MGW (142.43327,38.15056)
