81.836479 11.993977 0.001963
83.672913 11.987956 0.001932
85.509300 11.981938 0.001897
87.345657 11.975924 0.001859
89.181969 11.969913 0.001816
91.018242 11.963904 0.001769
92.854477 11.957899 0.001717
94.690666 11.951898 0.001661
96.526817 11.945898 0.001600
98.362923 11.939902 0.001535
100.198997 11.933909 0.001465
102.035027 11.927920 0.001390
103.871017 11.921934 0.001309
105.706963 11.915951 0.001223
107.542870 11.909970 0.001129
109.378738 11.903993 0.001028
111.214569 11.898019 0.000917
113.050362 11.892048 0.000795
114.886108 11.886080 0.000662
116.721817 11.880115 0.000516
118.557487 11.874153 0.000357
120.393112 11.868194 0.000185
122.228706 11.862238 0.000025
124.064255 11.856286 0.000192
125.899765 11.850336 0.000384
127.735229 11.844390 0.000568
129.570663 11.838447 0.000732
131.406052 11.832506 0.000861
133.241409 11.826569 0.000939
135.076721 11.820635 0.000951
136.911987 11.814703 0.000887
138.747223 11.808775 0.000745
140.582413 11.802850 0.000550
142.417572 11.796928 0.000415
144.252686 11.791009 0.000572
146.087753 11.785093 0.000951
147.922791 11.779181 0.001403
149.757782 11.773271 0.001872
151.592743 11.767365 0.002325
153.427658 11.761460 0.002743
155.262543 11.755560 0.003115
157.097382 11.749662 0.003434
158.932175 11.743768 0.003699
160.766937 11.737876 0.003910
162.601669 11.731988 0.004071
164.436356 11.726102 0.004187
166.270996 11.720220 0.004261
168.105606 11.714340 0.004299
169.940170 11.708464 0.004305
171.774704 11.702591 0.004285
173.609192 11.696720 0.004244
175.443634 11.690853 0.004186
177.278061 11.684989 0.004113
179.112427 11.679128 0.004028
180.946762 11.673269 0.003934
182.781067 11.667414 0.003833
184.615326 11.661562 0.003728
186.449539 11.655713 0.003620
188.283722 11.649866 0.003511
190.117874 11.644024 0.003403
191.951965 11.638184 0.003297
193.786041 11.632346 0.003194
195.620071 11.626513 0.003095
197.454056 11.620681 0.003001
199.288010 11.614853 0.002910
201.121933 11.609028 0.002824
81.849709 13.800868 0.002062
83.699356 13.793908 0.002037
85.548950 13.786952 0.002009
87.398491 13.780000 0.001976
89.247978 13.773050 0.001940
91.097412 13.766105 0.001900
92.946793 13.759163 0.001856
94.796112 13.752225 0.001809
96.645386 13.745291 0.001757
98.494598 13.738359 0.001702
100.343758 13.731432 0.001643
102.192863 13.724508 0.001580
104.041916 13.717588 0.001511
105.890915 13.710672 0.001437
107.739853 13.703759 0.001355
109.588745 13.696851 0.001264
111.437584 13.689945 0.001161
113.286362 13.683043 0.001046
115.135086 13.676145 0.000915
116.983765 13.669250 0.000767
118.832382 13.662359 0.000599
120.680946 13.655472 0.000412
122.529465 13.648587 0.000209
124.377922 13.641707 0.000070
126.226326 13.634830 0.000270
128.074677 13.627957 0.000497
129.922974 13.621088 0.000707
131.771225 13.614222 0.000877
133.619415 13.607360 0.000986
135.467560 13.600501 0.001012
137.315643 13.593646 0.000939
139.163681 13.586794 0.000766
141.011658 13.579947 0.000536
142.859573 13.573102 0.000468
144.707458 13.566261 0.000802
146.555267 13.559423 0.001322
148.403046 13.552590 0.001891
150.250763 13.545760 0.002448
152.098419 13.538934 0.002961
153.946030 13.532110 0.003407
155.793594 13.525291 0.003780
157.641098 13.518476 0.004080
159.488541 13.511662 0.004310
161.335938 13.504854 0.004477
163.183289 13.498049 0.004590
165.030594 13.491247 0.004656
166.877838 13.484449 0.004682
168.725021 13.477654 0.004673
170.572159 13.470864 0.004635
172.419250 13.464076 0.004573
174.266281 13.457293 0.004494
176.113266 13.450512 0.004400
177.960190 13.443735 0.004296
179.807068 13.436962 0.004183
181.653900 13.430193 0.004064
183.500671 13.423427 0.003941
185.347397 13.416664 0.003814
187.194077 13.409904 0.003688
189.040695 13.403149 0.003562
190.887253 13.396397 0.003439
192.733780 13.389648 0.003320
194.580246 13.382903 0.003205
196.426651 13.376162 0.003095
198.273026 13.369424 0.002990
200.119339 13.362689 0.002892
81.864983 15.607481 0.002163
83.729897 15.599567 0.002145
85.594742 15.591659 0.002123
87.459511 15.583754 0.002098
89.324211 15.575852 0.002070
91.188835 15.567956 0.002039
93.053398 15.560064 0.002005
94.917885 15.552176 0.001968
96.782295 15.544291 0.001929
98.646645 15.536412 0.001887
100.510918 15.528537 0.001842
102.375114 15.520665 0.001794
104.239250 15.512798 0.001741
106.103310 15.504935 0.001683
107.967300 15.497076 0.001618
109.831223 15.489222 0.001542
111.695068 15.481371 0.001454
113.558853 15.473525 0.001350
115.422562 15.465683 0.001226
117.286201 15.457845 0.001078
119.149773 15.450011 0.000903
121.013268 15.442182 0.000696
122.876701 15.434356 0.000459
124.740059 15.426535 0.000206
126.603348 15.418717 0.000156
128.466568 15.410905 0.000420
130.329727 15.403096 0.000691
132.192810 15.395291 0.000922
134.055817 15.387490 0.001084
135.918762 15.379694 0.001141
137.781631 15.371902 0.001061
139.644440 15.364114 0.000834
141.507172 15.356330 0.000531
143.369843 15.348550 0.000565
145.232437 15.340775 0.001114
147.094971 15.333002 0.001816
148.957428 15.325235 0.002538
150.819809 15.317472 0.003216
152.682129 15.309712 0.003805
154.544388 15.301957 0.004277
156.406570 15.294207 0.004631
158.268692 15.286459 0.004878
160.130737 15.278717 0.005040
161.992722 15.270978 0.005132
163.854630 15.263244 0.005168
165.716476 15.255513 0.005160
167.578247 15.247787 0.005119
169.439957 15.240065 0.005050
171.301605 15.232346 0.004957
173.163162 15.224632 0.004847
175.024673 15.216922 0.004724
176.886108 15.209216 0.004591
178.747482 15.201514 0.004453
180.608780 15.193816 0.004311
182.470016 15.186123 0.004166
184.331177 15.178433 0.004019
186.192276 15.170748 0.003873
188.053314 15.163066 0.003728
189.914276 15.155389 0.003587
191.775177 15.147716 0.003450
193.636002 15.140046 0.003318
195.496765 15.132381 0.003192
197.357468 15.124720 0.003073
199.218094 15.117063 0.002960
201.078659 15.109410 0.002853
81.882393 17.413780 0.002265
83.764694 17.404898 0.002254
85.646912 17.396019 0.002240
87.529030 17.387146 0.002224
89.411064 17.378277 0.002205
91.292999 17.369413 0.002185
93.174850 17.360556 0.002163
95.056610 17.351702 0.002139
96.938278 17.342852 0.002115
98.819855 17.334007 0.002090
100.701347 17.325167 0.002064
102.582748 17.316332 0.002035
104.464058 17.307503 0.002004
106.345276 17.298677 0.001968
108.226402 17.289856 0.001925
110.107445 17.281040 0.001871
111.988396 17.272230 0.001804
113.869255 17.263424 0.001718
115.750031 17.254622 0.001607
117.630707 17.245825 0.001463
119.511307 17.237034 0.001278
121.391808 17.228247 0.001047
123.272224 17.219463 0.000769
125.152550 17.210686 0.000456
127.032791 17.201914 0.000169
128.912949 17.193144 0.000342
130.792999 17.184381 0.000701
132.672974 17.175623 0.001037
134.552856 17.166868 0.001276
136.432663 17.158119 0.001352
138.312363 17.149374 0.001218
140.191986 17.140635 0.000868
142.071518 17.131899 0.000478
143.950974 17.123169 0.000859
145.830322 17.114443 0.001718
147.709595 17.105722 0.002645
149.588776 17.097006 0.003520
151.467865 17.088295 0.004279
153.346878 17.079588 0.004896
155.225800 17.070887 0.005368
157.104630 17.062189 0.005681
158.983383 17.053495 0.005841
160.862045 17.044807 0.005889
162.740616 17.036123 0.005864
164.619095 17.027445 0.005790
166.497498 17.018772 0.005684
168.375809 17.010101 0.005555
170.254044 17.001438 0.005411
172.132187 16.992777 0.005256
174.010239 16.984121 0.005091
175.888214 16.975471 0.004920
177.766098 16.966825 0.004747
179.643890 16.958183 0.004574
181.521591 16.949547 0.004402
183.399231 16.940916 0.004231
185.276764 16.932287 0.004063
187.154221 16.923666 0.003898
189.031586 16.915047 0.003736
190.908875 16.906433 0.003581
192.786072 16.897825 0.003431
194.663177 16.889221 0.003289
196.540207 16.880621 0.003154
198.417160 16.872026 0.003026
200.294006 16.863436 0.002907
81.902031 19.219734 0.002368
83.803940 19.209864 0.002365
85.705742 19.199997 0.002360
87.607430 19.190138 0.002353
89.509003 19.180283 0.002346
91.410469 19.170433 0.002338
93.311813 19.160589 0.002331
95.213051 19.150751 0.002324
97.114174 19.140919 0.002318
99.015182 19.131092 0.002314
100.916084 19.121269 0.002310
102.816864 19.111452 0.002307
104.717545 19.101641 0.002303
106.618103 19.091835 0.002296
108.518555 19.082035 0.002283
110.418892 19.072241 0.002261
112.319115 19.062450 0.002224
114.219231 19.052668 0.002164
116.119240 19.042889 0.002072
118.019127 19.033115 0.001934
119.918907 19.023348 0.001740
121.818581 19.013584 0.001483
123.718140 19.003828 0.001165
125.617592 18.994076 0.000793
127.516930 18.984329 0.000373
129.416153 18.974588 0.000265
131.315277 18.964853 0.000745
133.214279 18.955122 0.001198
135.113174 18.945398 0.001503
137.011963 18.935678 0.001571
138.910645 18.925964 0.001335
140.809219 18.916254 0.000795
142.707672 18.906551 0.000557
144.606018 18.896852 0.001564
146.504257 18.887161 0.002828
148.402390 18.877474 0.004062
150.300415 18.867790 0.005120
152.198318 18.858114 0.005920
154.096130 18.848442 0.006451
155.993820 18.838776 0.006760
157.891418 18.829115 0.006917
159.788895 18.819460 0.006945
161.686264 18.809811 0.006833
163.583527 18.800165 0.006647
165.480682 18.790525 0.006428
167.377716 18.780891 0.006197
169.274658 18.771261 0.005964
171.171494 18.761639 0.005735
173.068222 18.752020 0.005510
174.964828 18.742407 0.005287
176.861343 18.732800 0.005069
178.757736 18.723196 0.004855
180.654037 18.713598 0.004648
182.550217 18.704006 0.004448
184.446304 18.694420 0.004254
186.342285 18.684839 0.004066
188.238144 18.675262 0.003884
190.133911 18.665691 0.003709
192.029556 18.656126 0.003541
193.925110 18.646566 0.003381
195.820557 18.637011 0.003230
197.715897 18.627460 0.003088
199.611115 18.617916 0.002955
201.506241 18.608376 0.002830
81.923996 21.025311 0.002470
83.847855 21.014431 0.002476
85.771568 21.003557 0.002481
87.695145 20.992689 0.002486
89.618584 20.981827 0.002492
91.541885 20.970972 0.002499
93.465042 20.960121 0.002509
95.388062 20.949278 0.002522
97.310944 20.938442 0.002538
99.233688 20.927610 0.002559
101.156296 20.916786 0.002584
103.078766 20.905968 0.002612
105.001099 20.895155 0.002643
106.923294 20.884348 0.002673
108.845352 20.873547 0.002701
110.767265 20.862753 0.002721
112.689049 20.851965 0.002725
114.610695 20.841183 0.002702
116.532204 20.830406 0.002636
118.453575 20.819635 0.002510
120.374809 20.808872 0.002315
122.295906 20.798115 0.002055
124.216866 20.787363 0.001726
126.137695 20.776617 0.001269
128.058380 20.765877 0.000682
129.978943 20.755142 0.000194
131.899353 20.744415 0.000720
133.819641 20.733694 0.001322
135.739792 20.722979 0.001764
137.659805 20.712269 0.001882
139.579681 20.701565 0.001527
141.499435 20.690868 0.000697
143.419037 20.680176 0.001033
145.338516 20.669491 0.002729
147.257858 20.658812 0.004543
149.177063 20.648138 0.006175
151.096146 20.637470 0.007434
153.015076 20.626810 0.008235
154.933884 20.616154 0.008588
156.852554 20.605505 0.008590
158.771103 20.594862 0.008391
160.689499 20.584223 0.008132
162.607773 20.573593 0.007816
164.525925 20.562967 0.007427
166.443924 20.552347 0.007034
168.361801 20.541733 0.006660
170.279541 20.531126 0.006313
172.197159 20.520525 0.005993
174.114639 20.509930 0.005697
176.031982 20.499338 0.005419
177.949203 20.488756 0.005155
179.866287 20.478178 0.004904
181.783234 20.467606 0.004667
183.700058 20.457039 0.004442
185.616745 20.446480 0.004228
187.533310 20.435925 0.004024
189.449738 20.425377 0.003829
191.366043 20.414835 0.003642
193.282211 20.404299 0.003466
195.198242 20.393768 0.003299
197.114151 20.383244 0.003142
199.029938 20.372725 0.002995
200.945587 20.362213 0.002858
81.948425 22.830481 0.002571
83.896675 22.818567 0.002587
85.844757 22.806662 0.002603
87.792671 22.794762 0.002621
89.740417 22.782869 0.002642
91.687996 22.770985 0.002667
93.635406 22.759106 0.002697
95.582642 22.747234 0.002733
97.529716 22.735369 0.002777
99.476624 22.723511 0.002828
101.423355 22.711660 0.002887
103.369926 22.699816 0.002954
105.316330 22.687979 0.003028
107.262558 22.676147 0.003107
109.208626 22.664324 0.003188
111.154533 22.652508 0.003263
113.100266 22.640697 0.003322
115.045830 22.628895 0.003347
116.991234 22.617098 0.003317
118.936470 22.605309 0.003226
120.881538 22.593525 0.003091
122.826447 22.581749 0.002890
124.771187 22.569981 0.002502
126.715759 22.558218 0.001942
128.660172 22.546463 0.001272
130.604416 22.534714 0.000479
132.548492 22.522972 0.000571
134.492416 22.511236 0.001581
136.436172 22.499508 0.002373
138.379761 22.487785 0.002595
140.323181 22.476070 0.001969
142.266449 22.464363 0.000556
144.209549 22.452662 0.002026
146.152481 22.440968 0.004647
148.095261 22.429279 0.007159
150.037872 22.417599 0.009191
151.980316 22.405924 0.010551
153.922607 22.394255 0.011199
155.864731 22.382595 0.011219
157.806686 22.370941 0.010772
159.748489 22.359293 0.010077
161.690125 22.347652 0.009361
163.631607 22.336018 0.008745
165.572922 22.324390 0.008130
167.514084 22.312769 0.007545
169.455078 22.301155 0.007023
171.395920 22.289547 0.006564
173.336594 22.277946 0.006158
175.277115 22.266354 0.005797
177.217468 22.254765 0.005469
179.157654 22.243185 0.005166
181.097702 22.231609 0.004885
183.037582 22.220043 0.004624
184.977295 22.208483 0.004380
186.916855 22.196928 0.004151
188.856262 22.185381 0.003935
190.795502 22.173840 0.003730
192.734589 22.162306 0.003537
194.673508 22.150778 0.003354
196.612274 22.139256 0.003183
198.550888 22.127741 0.003024
200.489349 22.116234 0.002875
81.975456 24.635214 0.002670
83.950699 24.622240 0.002697
85.925743 24.609276 0.002726
87.900589 24.596319 0.002759
89.875229 24.583368 0.002797
91.849663 24.570427 0.002842
93.823898 24.557493 0.002895
95.797928 24.544567 0.002958
97.771751 24.531649 0.003033
99.745377 24.518738 0.003120
101.718803 24.505833 0.003221
103.692024 24.492937 0.003335
105.665047 24.480049 0.003464
107.637871 24.467169 0.003604
109.610489 24.454296 0.003753
111.582916 24.441431 0.003899
113.555130 24.428574 0.004027
115.527153 24.415724 0.004115
117.498978 24.402882 0.004159
119.470596 24.390047 0.004209
121.442017 24.377220 0.004211
123.413246 24.364401 0.004009
125.384270 24.351589 0.003671
127.355095 24.338785 0.003211
129.325729 24.325989 0.002420
131.296158 24.313200 0.001152
133.266388 24.300419 0.000553
135.236435 24.287643 0.002230
137.206268 24.274878 0.003476
139.175903 24.262119 0.003653
141.145355 24.249369 0.002286
143.114609 24.236624 0.000780
145.083664 24.223888 0.004573
147.052521 24.211161 0.008449
149.021179 24.198439 0.011565
150.989655 24.185724 0.013600
152.957932 24.173019 0.014603
154.926010 24.160320 0.014725
156.893890 24.147629 0.014137
158.861572 24.134947 0.013063
160.829071 24.122271 0.011762
162.796371 24.109602 0.010514
164.763489 24.096941 0.009511
166.730392 24.084288 0.008665
168.697113 24.071640 0.007896
170.663651 24.059002 0.007239
172.629990 24.046371 0.006682
174.596130 24.033747 0.006206
176.562088 24.021132 0.005794
178.527847 24.008522 0.005428
180.493408 23.995920 0.005096
182.458786 23.983326 0.004794
184.423981 23.970739 0.004516
186.388977 23.958160 0.004260
188.353775 23.945589 0.004022
190.318405 23.933025 0.003799
192.282822 23.920467 0.003589
194.247055 23.907919 0.003393
196.211105 23.895376 0.003208
198.174957 23.882841 0.003037
200.138626 23.870314 0.002877
82.005249 26.439484 0.002767
84.010254 26.425421 0.002805
86.015015 26.411367 0.002848
88.019539 26.397322 0.002898
90.023819 26.383286 0.002955
92.027855 26.369259 0.003022
94.031647 26.355238 0.003102
96.035194 26.341228 0.003197
98.038506 26.327227 0.003308
100.041580 26.313232 0.003437
102.044411 26.299248 0.003587
104.046997 26.285271 0.003759
106.049347 26.271303 0.003953
108.051460 26.257345 0.004170
110.053329 26.243393 0.004403
112.054962 26.229452 0.004636
114.056358 26.215517 0.004853
116.057510 26.201593 0.005048
118.058434 26.187675 0.005313
120.059113 26.173767 0.005585
122.059555 26.159868 0.005682
124.059761 26.145977 0.005758
126.059731 26.132093 0.005771
128.059464 26.118219 0.005303
130.058960 26.104353 0.004109
132.058212 26.090496 0.002205
134.057251 26.076647 0.000420
136.056030 26.062807 0.003143
138.054596 26.048975 0.005215
140.052917 26.035151 0.005137
142.050995 26.021336 0.001973
144.048859 26.007528 0.003822
146.046478 25.993731 0.010340
148.043869 25.979940 0.015713
150.041016 25.966160 0.018922
152.037933 25.952385 0.019996
154.034622 25.938622 0.019637
156.031082 25.924864 0.018554
158.027313 25.911116 0.016994
160.023300 25.897377 0.015118
162.019073 25.883646 0.013153
164.014603 25.869923 0.011377
166.009903 25.856207 0.010004
168.004974 25.842501 0.008947
169.999817 25.828802 0.008029
171.994431 25.815113 0.007271
173.988815 25.801432 0.006645
175.982971 25.787758 0.006123
177.976898 25.774094 0.005679
179.970596 25.760437 0.005290
181.964066 25.746788 0.004943
183.957306 25.733149 0.004630
185.950317 25.719517 0.004345
187.943115 25.705893 0.004084
189.935669 25.692278 0.003843
191.928009 25.678671 0.003619
193.920120 25.665071 0.003409
195.912003 25.651482 0.003213
197.903656 25.637897 0.003031
199.895096 25.624325 0.002861
201.886307 25.610758 0.002705
82.038002 28.243263 0.002859
84.075706 28.228077 0.002911
86.113136 28.212902 0.002969
88.150269 28.197737 0.003036
90.187111 28.182579 0.003115
92.223679 28.167433 0.003208
94.259949 28.152296 0.003317
96.295937 28.137167 0.003447
98.331635 28.122049 0.003599
100.367050 28.106941 0.003777
102.402184 28.091841 0.003985
104.437035 28.076752 0.004225
106.471596 28.061672 0.004501
108.505875 28.046600 0.004810
110.539871 28.031540 0.005142
112.573578 28.016489 0.005484
114.607010 28.001446 0.005828
116.640160 27.986414 0.006303
118.673019 27.971390 0.006883
120.705605 27.956377 0.007351
122.737907 27.941372 0.007975
124.769936 27.926378 0.008705
126.801674 27.911392 0.008977
128.833130 27.896416 0.008530
130.864319 27.881451 0.007273
132.895218 27.866493 0.004624
134.925842 27.851545 0.000447
136.956192 27.836607 0.005076
138.986267 27.821678 0.008697
141.016052 27.806759 0.007117
143.045563 27.791849 0.001070
145.074814 27.776947 0.012658
147.103775 27.762056 0.022579
149.132446 27.747173 0.028142
151.160858 27.732302 0.029551
153.188995 27.717438 0.028052
155.216858 27.702583 0.025141
157.244446 27.687738 0.022107
159.271759 27.672903 0.019285
161.298798 27.658077 0.016539
163.325562 27.643259 0.013954
165.352051 27.628452 0.011755
167.378265 27.613653 0.010124
169.404205 27.598864 0.008920
171.429886 27.584084 0.007913
173.455292 27.569313 0.007103
175.480423 27.554552 0.006448
177.505280 27.539801 0.005909
179.529877 27.525057 0.005455
181.554199 27.510323 0.005061
183.578247 27.495598 0.004711
185.602036 27.480883 0.004399
187.625549 27.466177 0.004116
189.648788 27.451479 0.003858
191.671768 27.436792 0.003620
193.694473 27.422113 0.003399
195.716919 27.407444 0.003193
197.739105 27.392782 0.003002
199.761002 27.378132 0.002825
201.782654 27.363489 0.002662
82.073914 30.046530 0.002946
84.147491 30.030184 0.003012
86.220726 30.013849 0.003086
88.293617 29.997524 0.003173
90.366173 29.981211 0.003275
92.438393 29.964907 0.003395
94.510277 29.948614 0.003538
96.581818 29.932333 0.003706
98.653023 29.916061 0.003905
100.723892 29.899801 0.004139
102.794418 29.883553 0.004414
104.864616 29.867313 0.004735
106.934479 29.851084 0.005105
109.004005 29.834866 0.005521
111.073204 29.818659 0.005973
113.142059 29.802462 0.006452
115.210587 29.786276 0.007092
117.278778 29.770100 0.007976
119.346642 29.753935 0.008826
121.414177 29.737780 0.010018
123.481377 29.721636 0.011618
125.548241 29.705502 0.012996
127.614784 29.689379 0.014037
129.680984 29.673265 0.014690
131.746872 29.657164 0.013633
133.812424 29.641071 0.009628
135.877640 29.624990 0.001816
137.942535 29.608919 0.009250
140.007111 29.592859 0.015760
142.071350 29.576809 0.007498
144.135254 29.560768 0.014468
146.198853 29.544739 0.035860
148.262115 29.528721 0.046501
150.325058 29.512712 0.046783
152.387665 29.496714 0.042166
154.449951 29.480726 0.035941
156.511917 29.464750 0.029693
158.573563 29.448782 0.024486
160.634888 29.432825 0.020456
162.695892 29.416880 0.016987
164.756561 29.400944 0.013964
166.816925 29.385017 0.011542
168.876953 29.369102 0.009837
170.936676 29.353197 0.008573
172.996063 29.337303 0.007552
175.055145 29.321417 0.006747
177.113907 29.305544 0.006103
179.172333 29.289679 0.005577
181.230453 29.273825 0.005135
183.288269 29.257982 0.004752
185.345749 29.242147 0.004413
187.402924 29.226326 0.004110
189.459778 29.210512 0.003837
191.516312 29.194710 0.003588
193.572540 29.178917 0.003359
195.628448 29.163134 0.003146
197.684052 29.147362 0.002949
199.739319 29.131599 0.002766
201.794296 29.115849 0.002598
82.113243 31.849258 0.003027
84.226082 31.831711 0.003107
86.338516 31.814175 0.003199
88.450562 31.796650 0.003306
90.562202 31.779137 0.003433
92.673447 31.761637 0.003583
94.784294 31.744148 0.003762
96.894745 31.726671 0.003973
99.004799 31.709208 0.004223
101.114464 31.691753 0.004520
103.223724 31.674313 0.004871
105.332596 31.656883 0.005284
107.441078 31.639465 0.005761
109.549164 31.622061 0.006300
111.656860 31.604666 0.006894
113.764160 31.587284 0.007632
115.871071 31.569914 0.008760
117.977592 31.552555 0.009953
120.083725 31.535208 0.011601
122.189461 31.517872 0.014045
124.294815 31.500547 0.016686
126.399780 31.483236 0.019619
128.504364 31.465937 0.023254
130.608551 31.448647 0.026187
132.712357 31.431370 0.027166
134.815781 31.414104 0.022580
136.918808 31.396851 0.006808
139.021469 31.379608 0.021571
141.123734 31.362379 0.031399
143.225616 31.345160 0.008440
145.327118 31.327951 0.061245
147.428238 31.310757 0.085080
149.528976 31.293571 0.081940
151.629318 31.276400 0.067529
153.729309 31.259239 0.052629
155.828903 31.242088 0.040812
157.928116 31.224951 0.031580
160.026947 31.207825 0.024891
162.125412 31.190708 0.020153
164.223495 31.173605 0.016315
166.321198 31.156513 0.013155
168.418533 31.139433 0.010778
170.515488 31.122362 0.009178
172.612076 31.105305 0.007951
174.708267 31.088259 0.006989
176.804108 31.071224 0.006239
178.899567 31.054199 0.005642
180.994644 31.037188 0.005153
183.089355 31.020187 0.004740
185.183701 31.003197 0.004380
187.277679 30.986219 0.004062
189.371277 30.969252 0.003778
191.464508 30.952295 0.003521
193.557358 30.935352 0.003286
195.649857 30.918419 0.003069
197.741974 30.901497 0.002868
199.833725 30.884586 0.002683
201.925110 30.867687 0.002512
82.156250 33.651428 0.003100
84.312027 33.632629 0.003194
86.467339 33.613846 0.003305
88.622185 33.595078 0.003434
90.776558 33.576321 0.003587
92.930473 33.557575 0.003768
95.083923 33.538845 0.003984
97.236908 33.520126 0.004242
99.389427 33.501423 0.004548
101.541481 33.482735 0.004914
103.693077 33.464054 0.005350
105.844208 33.445389 0.005864
107.994881 33.426739 0.006460
110.145096 33.408100 0.007136
112.294853 33.389477 0.007926
114.444153 33.370861 0.009171
116.592987 33.352264 0.010649
118.741371 33.333679 0.012553
120.889297 33.315105 0.015606
123.036774 33.296543 0.019379
125.183792 33.277996 0.024012
127.330353 33.259464 0.030841
129.476471 33.240944 0.039142
131.622131 33.222435 0.049674
133.767334 33.203938 0.060280
135.912094 33.185455 0.061282
138.056396 33.166988 0.026525
140.200256 33.148533 0.070715
142.343658 33.130089 0.036827
144.486618 33.111656 0.120648
146.629135 33.093239 0.178079
148.771194 33.074837 0.153972
150.912827 33.056442 0.113245
153.054001 33.038063 0.079163
155.194733 33.019699 0.055614
157.335022 33.001343 0.040415
159.474869 32.983006 0.030003
161.614273 32.964676 0.023178
163.753235 32.946362 0.018429
165.891754 32.928059 0.014654
168.029831 32.909767 0.011701
170.167480 32.891491 0.009634
172.304672 32.873226 0.008236
174.441437 32.854977 0.007136
176.577774 32.836739 0.006290
178.713669 32.818512 0.005630
180.849121 32.800297 0.005103
182.984146 32.782097 0.004667
185.118729 32.763908 0.004293
187.252884 32.745731 0.003965
189.386597 32.727570 0.003675
191.519882 32.709419 0.003415
193.652740 32.691280 0.003178
195.785172 32.673157 0.002960
197.917160 32.655045 0.002759
200.048721 32.636944 0.002574
82.203255 35.453018 0.003163
84.405968 35.432922 0.003273
86.608131 35.412838 0.003401
88.809746 35.392769 0.003553
91.010818 35.372715 0.003732
93.211349 35.352676 0.003947
95.411331 35.332653 0.004202
97.610779 35.312645 0.004508
99.809677 35.292652 0.004874
102.008041 35.272671 0.005314
104.205864 35.252705 0.005841
106.403145 35.232754 0.006462
108.599892 35.212818 0.007184
110.796097 35.192898 0.008013
112.991776 35.172993 0.009208
115.186913 35.153099 0.010889
117.381516 35.133224 0.012874
119.575592 35.113361 0.016128
121.769127 35.093510 0.020661
123.962135 35.073677 0.026354
126.154617 35.053860 0.035407
128.346558 35.034054 0.048137
130.537979 35.014263 0.068256
132.728882 34.994488 0.100063
134.919250 34.974728 0.148148
137.109085 34.954979 0.195252
139.298401 34.935246 0.185334
141.487198 34.915527 1.037362
143.675461 34.895824 0.268620
145.863205 34.876137 0.435482
148.050430 34.856461 0.307960
150.237137 34.836800 0.188355
152.423325 34.817154 0.116035
154.608994 34.797520 0.073567
156.794144 34.777901 0.049555
158.978775 34.758297 0.035055
161.162888 34.738708 0.025736
163.346497 34.719131 0.019939
165.529587 34.699574 0.015701
167.712158 34.680023 0.012368
169.894211 34.660492 0.009927
172.075760 34.640972 0.008332
174.256805 34.621468 0.007144
176.437332 34.601978 0.006228
178.617355 34.582500 0.005526
180.796860 34.563038 0.004974
182.975876 34.543591 0.004526
185.154373 34.524158 0.004147
187.332367 34.504738 0.003818
189.509842 34.485332 0.003528
191.686829 34.465939 0.003269
193.863312 34.446560 0.003035
196.039291 34.427197 0.002820
198.214767 34.407845 0.002622
200.389740 34.388508 0.002440
82.254631 37.254013 0.003214
84.508621 37.232555 0.003339
86.761978 37.211117 0.003486
89.014694 37.189690 0.003660
91.266769 37.168285 0.003866
93.518219 37.146893 0.004113
95.769028 37.125519 0.004409
98.019211 37.104160 0.004765
100.268761 37.082821 0.005193
102.517677 37.061493 0.005709
104.765968 37.040184 0.006328
107.013626 37.018894 0.007059
109.260666 36.997616 0.007911
111.507072 36.976357 0.008972
113.752861 36.955116 0.010679
115.998016 36.933887 0.012688
118.242561 36.912678 0.015708
120.486481 36.891483 0.020456
122.729774 36.870304 0.026568
124.972458 36.849140 0.036052
127.214516 36.827995 0.050815
129.455963 36.806866 0.075363
131.696793 36.785751 0.119058
133.937012 36.764656 0.205221
136.176620 36.743572 0.373107
138.415604 36.722507 0.725714
140.653992 36.701458 1.920355
142.891754 36.680424 14.928326
145.128922 36.659409 1.093479
147.365463 36.638409 0.573681
149.601410 36.617420 0.283687
151.836761 36.596451 0.152393
154.071503 36.575500 0.089594
156.305634 36.554562 0.056098
158.539154 36.533638 0.038194
160.772095 36.512733 0.027206
163.004425 36.491844 0.020485
165.236160 36.470970 0.016016
167.467285 36.450111 0.012549
169.697830 36.429268 0.009930
171.927765 36.408440 0.008181
174.157104 36.387630 0.006975
176.385864 36.366837 0.006032
178.614029 36.346054 0.005316
180.841583 36.325291 0.004760
183.068573 36.304543 0.004314
185.294952 36.283810 0.003942
187.520752 36.263092 0.003620
189.745972 36.242393 0.003338
191.970596 36.221706 0.003086
194.194641 36.201035 0.002859
196.418091 36.180382 0.002651
198.640961 36.159740 0.002459
200.863251 36.139118 0.002282
82.310783 39.054390 0.003253
84.620819 39.031509 0.003392
86.930115 39.008648 0.003556
89.238663 38.985802 0.003752
91.546478 38.962978 0.003985
93.853546 38.940170 0.004264
96.159874 38.917381 0.004599
98.465469 38.894611 0.005004
100.770332 38.871861 0.005493
103.074455 38.849125 0.006085
105.377846 38.826412 0.006794
107.680504 38.803715 0.007630
109.982437 38.781036 0.008610
112.283638 38.758373 0.010077
114.584114 38.735733 0.012110
116.883865 38.713108 0.014681
119.182892 38.690502 0.019017
121.481194 38.667915 0.025063
123.778770 38.645344 0.033502
126.075630 38.622795 0.047833
128.371780 38.600262 0.070432
130.667206 38.577744 0.111893
132.961914 38.555248 0.196654
135.255905 38.532768 0.378159
137.549179 38.510307 0.811236
139.841751 38.487865 2.369570
142.133606 38.465439 13.399979
144.424759 38.443031 0.741068
146.715195 38.420643 0.666789
149.004929 38.398270 0.310328
151.293961 38.375916 0.160002
153.582291 38.353580 0.091763
155.869919 38.331261 0.056383
158.156845 38.308960 0.037699
160.443069 38.286678 0.026632
162.728592 38.264412 0.019759
165.013412 38.242165 0.015431
167.297546 38.219933 0.012110
169.580978 38.197723 0.009541
171.863724 38.175526 0.007776
174.145782 38.153351 0.006610
176.427139 38.131191 0.005693
178.707809 38.109047 0.004997
180.987808 38.086922 0.004460
183.267105 38.064816 0.004033
185.545715 38.042725 0.003679
187.823639 38.020653 0.003374
190.100891 37.998600 0.003106
192.377457 37.976562 0.002868
194.653336 37.954540 0.002652
196.928543 37.932537 0.002454
199.203079 37.910553 0.002272
201.476929 37.888584 0.002103
82.372192 40.854137 0.003276
84.743523 40.829758 0.003429
87.113983 40.805401 0.003610
89.483574 40.781063 0.003825
91.852303 40.756748 0.004083
94.220169 40.732452 0.004392
96.587173 40.708179 0.004765
98.953323 40.683926 0.005215
101.318611 40.659691 0.005763
103.683044 40.635479 0.006424
106.046623 40.611286 0.007213
108.409355 40.587112 0.008143
110.771233 40.562962 0.009300
113.132263 40.538834 0.011176
115.492455 40.514721 0.013430
117.851791 40.490631 0.016857
120.210289 40.466560 0.022293
122.567947 40.442513 0.029467
124.924767 40.418484 0.040982
127.280746 40.394474 0.059165
129.635880 40.370487 0.090831
131.990189 40.346519 0.149180
134.343674 40.322571 0.268010
136.696320 40.298641 0.507869
139.048126 40.274734 0.980534
141.399124 40.250847 1.523960
143.749283 40.226978 0.657649
146.098618 40.203129 0.159763
148.447144 40.179302 0.173276
150.794830 40.155495 0.114439
153.141708 40.131706 0.073194
155.487762 40.107941 0.047641
157.833008 40.084190 0.032692
160.177444 40.060463 0.023585
162.521057 40.036755 0.017668
164.863861 40.013065 0.013948
167.205856 39.989395 0.011046
169.547043 39.965748 0.008737
171.887436 39.942116 0.007115
174.227005 39.918507 0.006058
176.565781 39.894917 0.005218
178.903763 39.871346 0.004577
181.240936 39.847794 0.004084
183.577316 39.824265 0.003692
185.912888 39.800751 0.003368
188.247681 39.777260 0.003088
190.581665 39.753784 0.002841
192.914871 39.730331 0.002620
195.247284 39.706898 0.002419
197.578903 39.683483 0.002235
199.909744 39.660088 0.002065
202.239792 39.636711 0.001907
82.439423 42.653236 0.003283
84.877831 42.627281 0.003447
87.315224 42.601345 0.003643
89.751610 42.575436 0.003876
92.186989 42.549549 0.004155
94.621361 42.523682 0.004492
97.054733 42.497841 0.004898
99.487099 42.472023 0.005389
101.918472 42.446228 0.005987
104.348846 42.420460 0.006706
106.778221 42.394711 0.007559
109.206612 42.368984 0.008563
111.634010 42.343281 0.009983
114.060417 42.317604 0.012069
116.485840 42.291946 0.014619
118.910278 42.266312 0.018873
121.333740 42.240704 0.024951
123.756218 42.215115 0.033138
126.177719 42.189548 0.046773
128.598251 42.164005 0.067130
131.017807 42.138489 0.101809
133.436386 42.112991 0.161559
135.854004 42.087517 0.257733
138.270660 42.062065 0.363812
140.686340 42.036636 0.302979
143.101074 42.011230 0.084706
145.514832 41.985844 0.074619
147.927643 41.960484 0.022534
150.339493 41.935143 0.047209
152.750381 41.909828 0.042405
155.160324 41.884533 0.032408
157.569321 41.859261 0.024375
159.977371 41.834011 0.018625
162.384476 41.808784 0.014498
164.790634 41.783577 0.011768
167.195847 41.758392 0.009485
169.600128 41.733234 0.007592
172.003464 41.708092 0.006241
174.405869 41.682976 0.005355
176.807343 41.657883 0.004633
179.207886 41.632809 0.004077
181.607483 41.607758 0.003647
184.006180 41.582726 0.003304
186.403931 41.557720 0.003018
188.800766 41.532734 0.002769
191.196671 41.507771 0.002548
193.591675 41.482826 0.002349
195.985748 41.457909 0.002167
198.378906 41.433010 0.001999
200.771149 41.408131 0.001843
82.513107 44.451679 0.003271
85.025032 44.424049 0.003446
87.535774 44.396446 0.003653
90.045341 44.368870 0.003901
92.553726 44.341316 0.004199
95.060936 44.313793 0.004557
97.566978 44.286297 0.004990
100.071854 44.258823 0.005515
102.575569 44.231377 0.006150
105.078117 44.203960 0.006910
107.579498 44.176563 0.007805
110.079735 44.149197 0.008864
112.578812 44.121857 0.010536
115.076736 44.094540 0.012667
117.573509 44.067249 0.015546
120.069145 44.039986 0.020250
122.563629 44.012749 0.026415
125.056976 43.985535 0.035032
127.549187 43.958351 0.048357
130.040268 43.931190 0.067030
132.530197 43.904053 0.094105
135.019012 43.876942 0.128930
137.506699 43.849857 0.154084
139.993256 43.822800 0.121973
142.478699 43.795765 0.023693
144.963013 43.768757 0.037659
147.446213 43.741776 0.018718
149.928299 43.714817 0.006589
152.409286 43.687885 0.016456
154.889145 43.660976 0.017229
157.367905 43.634094 0.015438
159.845566 43.607235 0.013012
162.322128 43.580402 0.010882
164.797577 43.553596 0.009244
167.271942 43.526814 0.007646
169.745209 43.500057 0.006246
172.217377 43.473324 0.005240
174.688477 43.446617 0.004560
177.158478 43.419933 0.003978
179.627396 43.393276 0.003525
182.095230 43.366642 0.003172
184.561981 43.340031 0.002887
187.027664 43.313446 0.002645
189.492279 43.286888 0.002431
191.955811 43.260349 0.002239
194.418274 43.233841 0.002064
196.879684 43.207352 0.001903
199.340012 43.180889 0.001752
201.799301 43.154453 0.001611
82.594009 46.249443 0.003239
85.186630 46.220036 0.003422
87.777878 46.190659 0.003638
90.367737 46.161316 0.003897
92.956223 46.131996 0.004208
95.543335 46.102711 0.004582
98.129082 46.073456 0.005033
100.713463 46.044228 0.005580
103.296486 46.015030 0.006237
105.878151 45.985863 0.007014
108.458458 45.956722 0.007920
111.037415 45.927612 0.009041
113.615021 45.898533 0.010824
116.191292 45.869484 0.012902
118.766212 45.840462 0.015957
121.339798 45.811470 0.020587
123.912056 45.782505 0.026214
126.482979 45.753571 0.033958
129.052582 45.724667 0.044388
131.620850 45.695793 0.056582
134.187805 45.666943 0.068668
136.753433 45.638126 0.073185
139.317749 45.609337 0.057921
141.880768 45.580574 0.021066
144.442474 45.551842 0.010701
147.002869 45.523140 0.015504
149.561966 45.494465 0.006084
152.119766 45.465820 0.002527
154.676285 45.437202 0.006709
157.231491 45.408611 0.008182
159.785431 45.380051 0.008006
162.338074 45.351517 0.007495
164.889435 45.323013 0.006750
167.439514 45.294537 0.005776
169.988327 45.266087 0.004865
172.535873 45.237667 0.004216
175.082138 45.209274 0.003736
177.627151 45.180908 0.003300
180.170883 45.152573 0.002957
182.713364 45.124264 0.002684
185.254593 45.095982 0.002458
187.794571 45.067726 0.002262
190.333298 45.039501 0.002085
192.870773 45.011303 0.001923
195.407013 44.983131 0.001773
197.942001 44.954990 0.001633
200.475754 44.926872 0.001500
82.683006 48.046520 0.003187
85.364395 48.015217 0.003374
88.044159 47.983952 0.003596
90.722305 47.952717 0.003862
93.398834 47.921520 0.004179
96.073761 47.890354 0.004561
98.747086 47.859222 0.005021
101.418816 47.828125 0.005575
104.088943 47.797058 0.006233
106.757484 47.766029 0.007002
109.424446 47.735031 0.007883
112.089821 47.704067 0.009041
114.753624 47.673138 0.010766
117.415848 47.642239 0.012698
120.076508 47.611374 0.015620
122.735603 47.580544 0.019657
125.393143 47.549747 0.024110
128.049118 47.518982 0.029616
130.703552 47.488251 0.035576
133.356430 47.457550 0.039746
136.007782 47.426884 0.039403
138.657578 47.396252 0.030622
141.305847 47.365650 0.014103
143.952591 47.335083 0.002047
146.597809 47.304546 0.008750
149.241501 47.274044 0.007045
151.883667 47.243572 0.002604
154.524338 47.213131 0.001242
157.163483 47.182724 0.003381
159.801132 47.152351 0.004335
162.437286 47.122009 0.004740
165.071930 47.091698 0.004561
167.705093 47.061420 0.004079
170.336761 47.031174 0.003599
172.966934 47.000957 0.003260
175.595642 46.970776 0.002940
178.222870 46.940620 0.002642
180.848618 46.910503 0.002403
183.472900 46.880413 0.002206
186.095718 46.850357 0.002037
188.717072 46.820332 0.001884
191.336975 46.790337 0.001742
193.955414 46.760372 0.001609
196.572403 46.730438 0.001483
199.187958 46.700539 0.001364
201.802063 46.670670 0.001250
82.781151 49.842896 0.003113
85.560394 49.809563 0.003302
88.337730 49.776272 0.003526
91.113167 49.743015 0.003792
93.886703 49.709801 0.004110
96.658356 49.676624 0.004491
99.428123 49.643486 0.004947
102.196014 49.610386 0.005491
104.962036 49.577324 0.006129
107.726189 49.544304 0.006859
110.488487 49.511318 0.007677
113.248924 49.478371 0.008805
116.007507 49.445465 0.010339
118.764252 49.412594 0.011997
121.519165 49.379761 0.014443
124.272232 49.346966 0.017494
127.023483 49.314209 0.020338
129.772903 49.281490 0.022996
132.520508 49.248806 0.024677
135.266312 49.216164 0.023367
138.010300 49.183556 0.018150
140.752487 49.150986 0.009568
143.492889 49.118454 0.000881
146.231491 49.085957 0.004472
148.968307 49.053497 0.005313
151.703339 49.021076 0.003495
154.436615 48.988693 0.001202
157.168106 48.956345 0.000802
159.897842 48.924030 0.002047
162.625809 48.891754 0.002700
165.352036 48.859516 0.002816
168.076508 48.827312 0.002691
170.799225 48.795147 0.002543
173.520218 48.763020 0.002415
176.239471 48.730923 0.002219
178.957001 48.698864 0.002039
181.672806 48.666843 0.001888
184.386902 48.634857 0.001757
187.099274 48.602905 0.001637
189.809937 48.570992 0.001523
192.518890 48.539112 0.001413
195.226151 48.507267 0.001306
197.931717 48.475460 0.001203
200.635590 48.443684 0.001103
82.889687 51.638554 0.003018
85.777115 51.603035 0.003205
88.662292 51.567562 0.003425
91.545227 51.532135 0.003687
94.425926 51.496750 0.003999
97.304405 51.461414 0.004369
100.180656 51.426117 0.004808
103.054703 51.390869 0.005325
105.926537 51.355659 0.005919
108.796173 51.320499 0.006581
111.663620 51.285381 0.007299
114.528885 51.250305 0.008305
117.391975 51.215275 0.009555
120.252892 51.180286 0.010806
123.111649 51.145344 0.012524
125.968246 51.110443 0.014410
128.822693 51.075584 0.015639
131.675003 51.040771 0.015869
134.525177 51.005997 0.014752
137.373230 50.971268 0.011572
140.219147 50.936584 0.006645
143.062973 50.901939 0.001499
145.904663 50.867340 0.002178
148.744278 50.832779 0.003537
151.581787 50.798264 0.003142
154.417206 50.763790 0.001929
157.250549 50.729359 0.000655
160.081818 50.694965 0.000771
162.911011 50.660618 0.001304
165.738159 50.626312 0.001557
168.563248 50.592045 0.001666
171.386276 50.557823 0.001726
174.207275 50.523640 0.001694
177.026230 50.489498 0.001601
179.843170 50.455399 0.001512
182.658081 50.421337 0.001429
185.470978 50.387321 0.001350
188.281860 50.353344 0.001270
191.090744 50.319405 0.001188
193.897629 50.285511 0.001105
196.702515 50.251656 0.001021
199.505417 50.217838 0.000938
202.306351 50.184063 0.000855
83.010094 53.433479 0.002902
86.017509 53.395599 0.003083
89.022255 53.357769 0.003296
92.024353 53.319992 0.003547
95.023796 53.282265 0.003844
98.020607 53.244587 0.004194
101.014786 53.206966 0.004603
104.006348 53.169392 0.005076
106.995300 53.131870 0.005604
109.981659 53.094398 0.006170
112.965424 53.056980 0.006755
115.946602 53.019608 0.007556
118.925209 52.982288 0.008467
121.901260 52.945019 0.009232
124.874756 52.907799 0.010127
127.845703 52.870632 0.010906
130.814117 52.833511 0.010912
133.779999 52.796440 0.009793
136.743378 52.759418 0.007591
139.704239 52.722446 0.004569
142.662598 52.685528 0.001384
145.618469 52.648651 0.001146
148.571854 52.611828 0.002407
151.522766 52.575050 0.002492
154.471222 52.538326 0.001846
157.417206 52.501644 0.001041
160.360748 52.465015 0.000520
163.301849 52.428432 0.000548
166.240524 52.391899 0.000783
169.176773 52.355412 0.000986
172.110611 52.318974 0.001107
175.042038 52.282581 0.001116
177.971069 52.246235 0.001098
180.897720 52.209938 0.001070
183.821976 52.173691 0.001035
186.743866 52.137486 0.000992
189.663391 52.101330 0.000942
192.580551 52.065220 0.000885
195.495361 52.029160 0.000824
198.407837 51.993141 0.000759
201.317978 51.957172 0.000692
83.144173 55.227657 0.002765
86.285156 55.187202 0.002937
89.422966 55.146812 0.003138
92.557610 55.106480 0.003374
95.689095 55.066208 0.003648
98.817451 55.025993 0.003968
101.942680 54.985844 0.004335
105.064789 54.945751 0.004748
108.183800 54.905716 0.005192
111.299721 54.865742 0.005640
114.412567 54.825825 0.006066
117.522346 54.785969 0.006607
120.629074 54.746170 0.007165
123.732758 54.706429 0.007458
126.833420 54.666748 0.007606
129.931061 54.627121 0.007514
133.025696 54.587555 0.006816
136.117325 54.548046 0.005358
139.205994 54.508595 0.003342
142.291672 54.469196 0.001224
145.374405 54.429859 0.000550
148.454178 54.390575 0.001551
151.531021 54.351353 0.001843
154.604935 54.312183 0.001651
157.675949 54.273067 0.001249
160.744049 54.234013 0.000830
163.809250 54.195011 0.000530
166.871582 54.156063 0.000478
169.931030 54.117172 0.000586
172.987640 54.078339 0.000656
176.041382 54.039558 0.000691
179.092300 54.000832 0.000709
182.140381 53.962162 0.000714
185.185654 53.923546 0.000707
188.228119 53.884983 0.000687
191.267776 53.846474 0.000657
194.304657 53.808022 0.000618
197.338760 53.769619 0.000573
200.370117 53.731274 0.000523
83.294113 57.021057 0.002610
86.584412 56.977791 0.002769
89.870895 56.934597 0.002954
93.153587 56.891476 0.003168
96.432510 56.848423 0.003414
99.707672 56.805443 0.003695
102.979095 56.762531 0.004009
106.246788 56.719688 0.004350
109.510780 56.676914 0.004695
112.771080 56.634212 0.005014
116.027702 56.591576 0.005268
119.280670 56.549011 0.005534
122.529991 56.506512 0.005761
125.775681 56.464081 0.005684
129.017761 56.421719 0.005307
132.256241 56.379425 0.004664
135.491150 56.337196 0.003675
138.722488 56.295036 0.002368
141.950272 56.252941 0.000959
145.174515 56.210911 0.000340
148.395248 56.168949 0.001142
151.612473 56.127056 0.001518
154.826202 56.085224 0.001523
158.036469 56.043461 0.001292
161.243256 56.001762 0.000970
164.446609 55.960129 0.000679
167.646530 55.918560 0.000495
170.843033 55.877052 0.000428
174.036118 55.835613 0.000415
177.225830 55.794235 0.000425
180.412155 55.752922 0.000439
183.595123 55.711674 0.000449
186.774750 55.670486 0.000449
189.951035 55.629364 0.000440
193.124008 55.588306 0.000420
196.293671 55.547306 0.000393
199.460037 55.506374 0.000359
202.623123 55.465500 0.000319
83.462616 58.813652 0.002438
86.920616 58.767296 0.002582
90.374016 58.721020 0.002747
93.822845 58.674831 0.002935
97.267128 58.628723 0.003147
100.706879 58.582699 0.003381
104.142120 58.536758 0.003635
107.572884 58.490898 0.003894
110.999184 58.445118 0.004134
114.421043 58.399422 0.004320
117.838493 58.353809 0.004412
121.251534 58.308273 0.004425
124.660202 58.262817 0.004371
128.064514 58.217445 0.004059
131.464493 58.172150 0.003443
134.860168 58.126934 0.002597
138.251541 58.081799 0.001611
141.638641 58.036743 0.000611
145.021500 57.991764 0.000366
148.400116 57.946861 0.000968
151.774521 57.902039 0.001285
155.144745 57.857292 0.001329
158.510788 57.812622 0.001191
161.872681 57.768032 0.000978
165.230438 57.723515 0.000763
168.584076 57.679073 0.000599
171.933624 57.634708 0.000479
175.279099 57.590420 0.000395
178.620514 57.546207 0.000341
181.957886 57.502068 0.000311
185.291245 57.458004 0.000294
188.620590 57.414013 0.000281
191.945969 57.370098 0.000266
195.267365 57.326256 0.000247
198.584824 57.282486 0.000224
201.898361 57.238789 0.000197
83.653023 60.605408 0.002252
87.300423 60.555622 0.002378
90.942230 60.505936 0.002520
94.578476 60.456348 0.002678
98.209198 60.406860 0.002851
101.834412 60.357475 0.003035
105.454163 60.308182 0.003222
109.068474 60.258991 0.003397
112.677376 60.209896 0.003532
116.280891 60.160900 0.003594
119.879066 60.112000 0.003545
123.471916 60.063190 0.003369
127.059471 60.014481 0.003095
130.641754 59.965866 0.002661
134.218811 59.917347 0.002026
137.790665 59.868919 0.001263
141.357330 59.820587 0.000501
144.918839 59.772346 0.000292
148.475235 59.724201 0.000750
152.026520 59.676147 0.001028
155.572739 59.628185 0.001119
159.113907 59.580311 0.001074
162.650055 59.532532 0.000958
166.181229 59.484840 0.000825
169.707413 59.437241 0.000695
173.228668 59.389732 0.000577
176.745010 59.342312 0.000475
180.256454 59.294979 0.000393
183.763031 59.247734 0.000330
187.264786 59.200581 0.000282
190.761703 59.153511 0.000246
194.253845 59.106529 0.000218
197.741211 59.059635 0.000194
201.223846 59.012829 0.000174
83.869553 62.396275 0.002055
87.732201 62.342659 0.002162
91.587975 62.289165 0.002278
95.436928 62.235794 0.002404
99.279091 62.182537 0.002535
103.114525 62.129406 0.002666
106.943253 62.076389 0.002785
110.765327 62.023491 0.002877
114.580788 61.970707 0.002914
118.389671 61.918045 0.002868
122.192017 61.865494 0.002710
125.987877 61.813061 0.002424
129.777267 61.760738 0.002025
133.560257 61.708534 0.001535
137.336868 61.656441 0.000974
141.107132 61.604462 0.000407
144.871094 61.552593 0.000242
148.628799 61.500835 0.000610
152.380280 61.449192 0.000867
156.125565 61.397655 0.000987
159.864700 61.346230 0.001000
163.597717 61.294910 0.000948
167.324661 61.243702 0.000860
171.045563 61.192600 0.000758
174.760437 61.141605 0.000656
178.469345 61.090721 0.000562
182.172318 61.039940 0.000480
185.869385 60.989262 0.000413
189.560562 60.938690 0.000359
193.245926 60.888226 0.000317
196.925461 60.837864 0.000286
200.599243 60.787601 0.000265
84.117599 64.186188 0.001851
88.226608 64.128258 0.001936
92.327095 64.070480 0.002026
96.419113 64.012848 0.002117
100.502724 63.955364 0.002206
104.577980 63.898026 0.002283
108.644958 63.840832 0.002338
112.703705 63.783779 0.002352
116.754280 63.726868 0.002304
120.796738 63.670097 0.002172
124.831139 63.613472 0.001940
128.857544 63.556984 0.001607
132.875992 63.500633 0.001188
136.886551 63.444420 0.000724
140.889282 63.388348 0.000278
144.884216 63.332405 0.000242
148.871414 63.276604 0.000554
152.850937 63.220936 0.000782
156.822845 63.165398 0.000909
160.787155 63.109997 0.000951
164.743958 63.054726 0.000931
168.693268 62.999584 0.000874
172.635162 62.944576 0.000796
176.569672 62.889694 0.000713
180.496841 62.834946 0.000632
184.416748 62.780319 0.000560
188.329407 62.725826 0.000499
192.234894 62.671455 0.000449
196.133224 62.617210 0.000411
200.024460 62.563091 0.000383
84.404152 65.975060 0.001641
88.797485 65.912231 0.001705
93.180092 65.849586 0.001767
97.552063 65.787125 0.001825
101.913490 65.724838 0.001872
106.264450 65.662735 0.001898
110.605042 65.600815 0.001892
114.935333 65.539062 0.001839
119.255409 65.477493 0.001723
123.565361 65.416092 0.001531
127.865265 65.354866 0.001260
132.155197 65.293816 0.000921
136.435242 65.232933 0.000541
140.705475 65.172211 0.000178
144.965973 65.111664 0.000245
149.216812 65.051285 0.000524
153.458069 64.991074 0.000732
157.689804 64.931023 0.000859
161.912109 64.871132 0.000914
166.125046 64.811401 0.000914
170.328690 64.751839 0.000877
174.523117 64.692429 0.000819
178.708374 64.633179 0.000752
182.884552 64.574089 0.000685
187.051697 64.515160 0.000624
191.209900 64.456375 0.000572
195.359222 64.397751 0.000529
199.499725 64.339279 0.000496
203.631454 64.280952 0.000472
84.738426 67.762764 0.001431
89.463036 67.694298 0.001473
94.173950 67.626068 0.001508
98.871307 67.558067 0.001533
103.555237 67.490295 0.001540
108.225868 67.422745 0.001520
112.883324 67.355415 0.001461
117.527725 67.288307 0.001354
122.159195 67.221428 0.001189
126.777863 67.154755 0.000963
131.383835 67.088303 0.000683
135.977234 67.022064 0.000370
140.558167 66.956032 0.000088
145.126755 66.890213 0.000277
149.683105 66.824608 0.000524
154.227325 66.759201 0.000710
158.759521 66.694000 0.000829
163.279816 66.629005 0.000887
167.788300 66.564209 0.000898
172.285080 66.499611 0.000874
176.770248 66.435211 0.000831
181.243927 66.371010 0.000778
185.706207 66.307007 0.000724
190.157166 66.243187 0.000674
194.596939 66.179565 0.000630
199.025574 66.116135 0.000594
203.443207 66.052887 0.000567
85.132881 69.549133 0.001223
90.247772 69.474113 0.001243
95.344887 69.399391 0.001253
100.424416 69.324966 0.001247
105.486557 69.250832 0.001218
110.531517 69.176979 0.001157
115.559471 69.103416 0.001056
120.570618 69.030128 0.000909
125.565132 68.957130 0.000715
130.543198 68.884399 0.000479
135.505005 68.811943 0.000216
140.450699 68.739754 0.000082
145.380478 68.667839 0.000324
150.294495 68.596184 0.000539
155.192917 68.524796 0.000703
160.075928 68.453659 0.000811
164.943649 68.382782 0.000868
169.796265 68.312164 0.000883
174.633926 68.241791 0.000868
179.456772 68.171677 0.000836
184.264969 68.101799 0.000794
189.058655 68.032173 0.000751
193.837982 67.962784 0.000710
198.603073 67.893639 0.000674
203.354095 67.824730 0.000645
85.604691 71.333923 0.001020
91.185463 71.251167 0.001020
96.742645 71.168800 0.001006
102.276558 71.086815 0.000972
107.787521 71.005219 0.000911
113.275826 70.923988 0.000817
118.741783 70.843132 0.000685
124.185677 70.762642 0.000514
129.607803 70.682510 0.000309
135.008423 70.602737 0.000084
140.387833 70.523315 0.000155
145.746292 70.444244 0.000373
151.084061 70.365509 0.000560
156.401398 70.287125 0.000704
161.698563 70.209068 0.000800
166.975800 70.131340 0.000852
172.233337 70.053947 0.000868
177.471420 69.976875 0.000859
182.690308 69.900124 0.000835
187.890182 69.823685 0.000802
193.071304 69.747559 0.000767
198.233887 69.671745 0.000734
203.378128 69.596237 0.000705
86.178246 73.116768 0.000826
92.323860 73.024727 0.000807
98.437393 72.933205 0.000771
104.519363 72.842209 0.000712
110.570290 72.751717 0.000625
116.590675 72.661720 0.000506
122.581001 72.572220 0.000354
128.541748 72.483208 0.000174
134.473373 72.394676 0.000025
140.376328 72.306610 0.000228
146.251038 72.219009 0.000418
152.097961 72.131866 0.000580
157.917496 72.045174 0.000705
163.710052 71.958923 0.000790
169.476044 71.873108 0.000837
175.215820 71.787727 0.000853
180.929794 71.702774 0.000848
186.618332 71.618240 0.000829
192.281784 71.534119 0.000803
197.920502 71.450409 0.000775
203.534836 71.367096 0.000748
86.889389 74.897148 0.000642
93.732811 74.793732 0.000608
100.531235 74.691040 0.000552
107.285561 74.589073 0.000472
113.996689 74.487801 0.000365
120.665482 74.387222 0.000230
127.292755 74.287315 0.000076
133.879333 74.188072 0.000112
140.425980 74.089478 0.000288
146.933456 73.991524 0.000454
153.402512 73.894196 0.000596
159.833817 73.797485 0.000706
166.228088 73.701378 0.000780
172.585999 73.605858 0.000821
178.908188 73.510933 0.000836
185.195267 73.416573 0.000833
191.447876 73.322777 0.000818
197.666595 73.229538 0.000797
203.852005 73.136841 0.000774
87.792908 76.674217 0.000474
95.518448 76.556526 0.000425
103.178398 76.439896 0.000354
110.774460 76.324295 0.000259
118.308273 76.209694 0.000144
125.781403 76.096077 0.000064
133.195343 75.983414 0.000182
140.551529 75.871689 0.000336
147.851349 75.760872 0.000483
155.096146 75.650948 0.000608
162.287186 75.541893 0.000703
169.425705 75.433685 0.000768
176.512863 75.326317 0.000804
183.549835 75.219757 0.000817
190.537704 75.113991 0.000814
197.477524 75.009010 0.000801
204.370331 74.904785 0.000783
88.976913 78.446617 0.000325
97.849892 78.310471 0.000266
106.622566 78.175934 0.000188
115.298355 78.042953 0.000107
123.880486 77.911476 0.000119
132.372025 77.781456 0.000236
140.775848 77.652847 0.000373
149.094711 77.525597 0.000504
157.331223 77.399673 0.000614
165.487854 77.275040 0.000698
173.566956 77.151649 0.000753
181.570770 77.029472 0.000783
189.501450 76.908478 0.000794
197.361023 76.788620 0.000790
205.151428 76.669884 0.000778
90.592300 80.211967 0.000209
101.013069 80.051041 0.000156
111.270531 79.892723 0.000124
121.372292 79.736893 0.000172
131.325363 79.583443 0.000278
141.136276 79.432266 0.000401
150.811066 79.283272 0.000518
160.355377 79.136368 0.000616
169.774475 78.991463 0.000689
179.073273 78.848495 0.000736
188.256393 78.707375 0.000759
197.328125 78.568039 0.000766
206.292542 78.430428 0.000761
