144.855361 40.110362 0.000029
144.767634 39.895766 0.394683
144.680501 39.681072 0.473832
144.593953 39.466283 0.558203
144.507983 39.251398 0.633230
144.422582 39.036420 0.656245
144.337741 38.821350 0.614020
144.253452 38.606190 0.653229
144.169708 38.390941 0.962413
144.086500 38.175604 1.416381
144.003821 37.960180 1.590449
143.921663 37.744672 1.629361
143.840017 37.529080 1.617435
143.758878 37.313406 1.518187
143.678237 37.097651 1.362343
143.598087 36.881816 1.210346
143.518421 36.665903 1.092902
143.439232 36.449912 1.006007
143.360513 36.233846 0.932976
143.282257 36.017705 0.863027
143.204457 35.801491 0.794571
143.127106 35.585205 0.731243
143.050198 35.368847 0.681006
142.973727 35.152420 0.651422
142.897686 34.935924 0.639780
142.822068 34.719360 0.634216
142.746868 34.502730 0.614458
142.672079 34.286035 0.000029
144.578161 40.177021 0.000029
144.491187 39.962183 0.338384
144.404801 39.747249 0.454894
144.318995 39.532223 0.613378
144.233760 39.317105 0.750399
144.149087 39.101896 0.682128
144.064968 38.886598 0.360055
143.981396 38.671213 0.248212
143.898362 38.455741 0.915854
143.815858 38.240184 3.107268
143.733877 38.024544 2.656035
143.652411 37.808822 2.672030
143.571452 37.593019 2.622941
143.490993 37.377136 2.254169
143.411027 37.161175 1.795972
143.331546 36.945137 1.419261
143.252543 36.729023 1.188972
143.174012 36.512835 1.052882
143.095945 36.296573 0.943507
143.018335 36.080239 0.837595
142.941175 35.863835 0.733894
142.864460 35.647360 0.635117
142.788182 35.430818 0.559044
142.712335 35.214208 0.531617
142.636912 34.997531 0.549364
142.561908 34.780790 0.572631
142.487315 34.563985 0.558916
142.413129 34.347117 0.000029
144.300376 40.243036 0.000029
144.214164 40.027960 0.298464
144.128533 39.812791 0.396997
144.043476 39.597532 0.544113
143.958983 39.382184 0.691947
143.875047 39.166748 0.577595
143.791659 38.951226 0.153951
143.708811 38.735619 0.060646
143.626495 38.519929 0.456431
143.544703 38.304157 7.460848
143.463428 38.088304 1.461928
143.382661 37.872371 2.599019
143.302396 37.656361 3.102401
143.222625 37.440273 1.953489
143.143341 37.224110 1.241026
143.064536 37.007872 0.820394
142.986203 36.791562 0.720884
142.908336 36.575179 0.746155
142.830927 36.358726 0.727051
142.753970 36.142203 0.665906
142.677458 35.925612 0.593393
142.601384 35.708954 0.502956
142.525742 35.492229 0.410264
142.450525 35.275440 0.397938
142.375727 35.058588 0.508130
142.301342 34.841672 0.631799
142.227364 34.624696 0.631059
142.153786 34.407659 0.000029
144.022010 40.308403 0.000029
143.936569 40.093092 0.235888
143.851702 39.877692 0.325348
143.767402 39.662204 0.483556
143.683661 39.446630 0.759376
143.600469 39.230971 1.118050
143.517819 39.015229 1.244514
143.435703 38.799405 5.036485
143.354113 38.583501 1.745570
143.273040 38.367517 7.221152
143.192478 38.151455 0.035622
143.112419 37.935316 1.288243
143.032855 37.719102 3.885077
142.953779 37.502813 1.663731
142.875183 37.286452 0.623704
142.797061 37.070019 0.213777
142.719406 36.853515 0.302987
142.642210 36.636942 0.622451
142.565466 36.420301 0.651629
142.489169 36.203593 0.589806
142.413310 35.986819 0.568050
142.337884 35.769981 0.517006
142.262884 35.553079 0.323361
142.188304 35.336114 0.243371
142.114138 35.119089 0.722719
142.040378 34.902004 1.126665
141.967019 34.684859 0.963612
141.894056 34.467657 0.000029
143.743071 40.373117 0.000029
143.658409 40.157575 0.173963
143.574315 39.941947 0.233381
143.490781 39.726235 0.330164
143.407798 39.510439 0.519278
143.325359 39.294562 0.745079
143.243455 39.078603 0.042180
143.162079 38.862566 0.035423
143.081222 38.646451 0.029841
143.000877 38.430259 0.041123
142.921035 38.213992 1.552577
142.841690 37.997651 0.051929
142.762835 37.781237 0.293215
142.684461 37.564752 1.017687
142.606561 37.348196 0.134425
142.529129 37.131571 0.048721
142.452157 36.914878 0.204512
142.375639 36.698119 0.932363
142.299567 36.481294 0.645616
142.223936 36.264404 0.505484
142.148738 36.047452 0.601602
142.073966 35.830437 0.832830
141.999615 35.613361 0.658003
141.925678 35.396226 0.879435
141.852148 35.179031 4.733437
141.779020 34.961779 3.019778
141.706287 34.744471 1.790580
141.633944 34.527107 0.000029
143.467121 40.436367 0.000029
143.383236 40.220602 0.099163
143.299912 40.004754 0.120304
143.217142 39.788823 0.132095
143.134917 39.572813 0.148896
143.053229 39.356723 0.264309
142.972069 39.140556 0.408192
142.891431 38.924312 0.597751
142.811305 38.707992 0.322723
142.731685 38.491600 0.873132
142.652562 38.275134 0.647158
142.573930 38.058597 0.044291
142.495781 37.841990 0.248342
142.418107 37.625314 1.586226
142.340901 37.408570 1.070911
142.264157 37.191760 0.203346
142.187867 36.974884 8.265013
142.112024 36.757944 1.340977
142.036623 36.540942 0.449975
141.961655 36.323877 0.328391
141.887115 36.106752 0.483745
141.812996 35.889566 0.855996
141.739291 35.672323 0.182786
141.665994 35.455022 0.094246
141.593100 35.237664 2.011054
141.520601 35.020252 2.542513
141.448492 34.802785 1.276601
141.376767 34.585265 0.000029
143.193546 40.498309 0.000029
143.110438 40.282326 0.051943
143.027885 40.066263 0.064201
142.945879 39.850122 0.062692
142.864411 39.633902 0.052651
142.783474 39.417607 0.102057
142.703058 39.201236 0.423622
142.623157 38.984791 0.691299
142.543763 38.768274 1.476360
142.464867 38.551686 2.075332
142.386463 38.335028 1.453334
142.308542 38.118301 0.027780
142.231098 37.901507 0.716666
142.154124 37.684646 1.454707
142.077612 37.467720 1.021043
142.001555 37.250731 0.018723
141.925946 37.033678 0.017788
141.850778 36.816564 0.249702
141.776046 36.599389 0.262899
141.701741 36.382154 0.211691
141.627858 36.164862 0.407768
141.554390 35.947512 0.834525
141.481331 35.730106 0.283309
141.408675 35.512645 0.150127
141.336414 35.295130 1.020439
141.264544 35.077562 0.721567
141.193058 34.859943 0.167252
141.121950 34.642272 0.000029
142.918811 40.559754 0.000029
142.836490 40.343558 0.036861
142.754717 40.127285 0.053431
142.673484 39.910935 0.087034
142.592783 39.694510 0.252463
142.512605 39.478012 3.518871
142.432943 39.261442 6.849148
142.353788 39.044800 0.332489
142.275133 38.828089 0.232309
142.196971 38.611309 0.258809
142.119294 38.394462 0.377709
142.042094 38.177549 0.143410
141.965364 37.960571 0.061274
141.889098 37.743529 0.080393
141.813287 37.526424 0.043727
141.737925 37.309258 0.018761
141.663005 37.092032 0.023781
141.588521 36.874746 0.402583
141.514465 36.657403 0.440936
141.440831 36.440002 0.193070
141.367613 36.222546 0.241611
141.294804 36.005035 1.175097
141.222398 35.787470 2.673119
141.150388 35.569852 1.497131
141.078769 35.352183 0.148752
141.007535 35.134463 0.050864
140.936678 34.916694 0.029860
140.866194 34.698876 0.000029
142.648485 40.619479 0.000029
142.566945 40.403077 0.032573
142.485946 40.186601 0.293337
142.405480 39.970051 4.037565
142.325539 39.753429 7.105991
142.246115 39.536735 7.217575
142.167199 39.319973 7.199611
142.088785 39.103142 4.958766
142.010864 38.886243 10.229871
141.933429 38.669279 7.487132
141.856472 38.452250 5.055960
141.779986 38.235157 7.698947
141.703964 38.018002 5.541721
141.628399 37.800786 3.053049
141.553284 37.583510 3.586402
141.478611 37.366175 3.698746
141.404374 37.148782 3.552918
141.330567 36.931332 4.760750
141.257182 36.713826 2.004085
141.184213 36.496266 1.133700
141.111653 36.278653 1.384869
141.039497 36.060987 2.044327
140.967738 35.843269 0.782139
140.896369 35.625502 1.065749
140.825386 35.407685 0.776690
140.754780 35.189820 0.019190
140.684548 34.971907 0.010962
140.614682 34.753948 0.000029
142.383789 40.677245 0.000029
142.303020 40.460646 0.017272
142.222784 40.243974 0.043416
142.143075 40.027232 0.048228
142.063884 39.810421 0.019486
141.985203 39.593541 0.013061
141.907024 39.376594 0.018380
141.829340 39.159581 0.198218
141.752143 38.942504 0.304028
141.675425 38.725363 1.568709
141.599179 38.508160 0.013473
141.523398 38.290896 0.009344
141.448074 38.073572 0.028038
141.373201 37.856189 0.939457
141.298771 37.638749 0.354450
141.224778 37.421252 0.540185
141.151214 37.203699 0.027275
141.078074 36.986093 0.015608
141.005350 36.768432 0.015364
140.933037 36.550720 0.023590
140.861127 36.332957 0.416536
140.789614 36.115143 0.300710
140.718493 35.897280 0.359923
140.647756 35.679369 1.084008
140.577399 35.461412 0.037614
140.507414 35.243408 0.010353
140.437797 35.025359 0.006091
140.368541 34.807266 0.000029
142.120584 40.733988 0.000029
142.040586 40.517197 0.010716
141.961115 40.300336 0.013689
141.882164 40.083407 0.012197
141.803725 39.866412 0.009774
141.725788 39.649350 0.011669
141.648347 39.432224 0.499648
141.571395 39.215035 0.300920
141.494922 38.997784 0.013679
141.418922 38.780472 0.099802
141.343388 38.563100 0.007876
141.268313 38.345669 0.007764
141.193688 38.128181 0.561004
141.119507 37.910636 0.570538
141.045764 37.693036 0.009571
140.972451 37.475383 0.007882
140.899562 37.257675 0.007079
140.827090 37.039916 0.005517
140.755028 36.822106 0.005985
140.683371 36.604246 0.008508
140.612111 36.386337 0.013487
140.541243 36.168381 0.021948
140.470760 35.950377 0.142252
140.400656 35.732328 0.169252
140.330925 35.514234 0.016314
140.261561 35.296096 0.007463
140.192559 35.077915 0.004589
140.123913 34.859692 0.000029
141.857873 40.789933 0.000029
141.778651 40.572954 0.033532
141.699950 40.355909 0.082087
141.621761 40.138798 0.379255
141.544077 39.921622 0.249658
141.466889 39.704383 0.534777
141.390190 39.487083 0.418021
141.313972 39.269721 0.121572
141.238228 39.052300 0.106784
141.162951 38.834821 0.229592
141.088132 38.617284 0.062902
141.013765 38.399691 0.015969
140.939843 38.182043 0.203005
140.866359 37.964341 0.022187
140.793305 37.746586 0.009473
140.720676 37.528780 0.010744
140.648464 37.310922 0.164673
140.576663 37.093015 0.167062
140.505267 36.875059 0.156642
140.434268 36.657056 0.096118
140.363661 36.439005 0.091571
140.293440 36.220910 0.592329
140.223598 36.002769 0.898113
140.154130 35.784585 0.026403
140.085029 35.566359 0.012068
140.016289 35.348091 0.007203
139.947905 35.129782 0.004927
139.879871 34.911433 0.000029
