144.855361 40.110362 0.000001
144.767634 39.895766 0.006677
144.680501 39.681072 0.057670
144.593953 39.466283 0.703325
144.507983 39.251398 1.188664
144.422582 39.036420 0.877787
144.337741 38.821350 0.022901
144.253452 38.606190 0.110734
144.169708 38.390941 2.875003
144.086500 38.175604 5.430861
144.003821 37.960180 4.846971
143.921663 37.744672 4.358260
143.840017 37.529080 5.074636
143.758878 37.313406 5.209811
143.678237 37.097651 4.252355
143.598087 36.881816 2.985937
143.518421 36.665903 2.179335
143.439232 36.449912 1.818276
143.360513 36.233846 1.550255
143.282257 36.017705 1.183673
143.204457 35.801491 0.723500
143.127106 35.585205 0.269375
143.050198 35.368847 0.022759
142.973727 35.152420 0.010356
142.897686 34.935924 0.015168
142.822068 34.719360 0.012222
142.746868 34.502730 0.009897
142.672079 34.286035 0.000001
144.578161 40.177021 0.000001
144.491187 39.962183 0.765926
144.404801 39.747249 4.206796
144.318995 39.532223 8.958190
144.233760 39.317105 11.917850
144.149087 39.101896 10.873611
144.064968 38.886598 7.814533
143.981396 38.671213 10.864438
143.898362 38.455741 25.981497
143.815858 38.240184 40.007541
143.733877 38.024544 39.249525
143.652411 37.808822 38.990036
143.571452 37.593019 44.151695
143.490993 37.377136 45.097555
143.411027 37.161175 38.685728
143.331546 36.945137 29.435591
143.252543 36.729023 22.646625
143.174012 36.512835 18.986912
143.095945 36.296573 16.452928
143.018335 36.080239 13.492129
142.941175 35.863835 9.762971
142.864460 35.647360 5.672620
142.788182 35.430818 2.094999
142.712335 35.214208 0.095717
142.636912 34.997531 0.007826
142.561908 34.780790 0.007713
142.487315 34.563985 0.006490
142.413129 34.347117 0.000001
144.300376 40.243036 0.000001
144.214164 40.027960 1.198401
144.128533 39.812791 6.511017
144.043476 39.597532 13.944654
143.958983 39.382184 19.042923
143.875047 39.166748 17.997886
143.791659 38.951226 12.388388
143.708811 38.735619 14.108591
143.626495 38.519929 34.648826
143.544703 38.304157 54.340010
143.463428 38.088304 45.019379
143.382661 37.872371 42.863074
143.302396 37.656361 55.683557
143.222625 37.440273 59.623684
143.143341 37.224110 49.278471
143.064536 37.007872 34.492451
142.986203 36.791562 25.973772
142.908336 36.575179 23.423911
142.830927 36.358726 22.103643
142.753970 36.142203 19.285630
142.677458 35.925612 14.701609
142.601384 35.708954 9.053503
142.525742 35.492229 3.591184
142.450525 35.275440 0.272675
142.375727 35.058588 0.008043
142.301342 34.841672 0.010396
142.227364 34.624696 0.006600
142.153786 34.407659 0.000001
144.022010 40.308403 0.000001
143.936569 40.093092 0.815394
143.851702 39.877692 6.082698
143.767402 39.662204 14.365643
143.683661 39.446630 21.636602
143.600469 39.230971 23.755360
143.517819 39.015229 20.776137
143.435703 38.799405 23.181272
143.354113 38.583501 35.448300
143.273040 38.367517 50.397767
143.192478 38.151455 30.920095
143.112419 37.935316 24.818883
143.032855 37.719102 44.841239
142.953779 37.502813 51.107014
142.875183 37.286452 37.164388
142.797061 37.070019 18.925202
142.719406 36.853515 13.545621
142.642210 36.636942 16.307548
142.565466 36.420301 18.855523
142.489169 36.203593 18.254442
142.413310 35.986819 15.064475
142.337884 35.769981 10.131095
142.262884 35.553079 4.375152
142.188304 35.336114 0.429749
142.114138 35.119089 0.144286
142.040378 34.902004 0.254742
141.967019 34.684859 0.021824
141.894056 34.467657 0.000001
143.743071 40.373117 0.000001
143.658409 40.157575 0.014426
143.574315 39.941947 3.003586
143.490781 39.726235 9.041501
143.407798 39.510439 15.758100
143.325359 39.294562 19.372030
143.243455 39.078603 17.351802
143.162079 38.862566 19.458596
143.081222 38.646451 25.361270
143.000877 38.430259 40.678148
142.921035 38.213992 41.450220
142.841690 37.997651 25.088601
142.762835 37.781237 33.212294
142.684461 37.564752 36.473385
142.606561 37.348196 19.735324
142.529129 37.131571 0.001453
142.452157 36.914878 0.002338
142.375639 36.698119 6.888504
142.299567 36.481294 11.587254
142.223936 36.264404 12.549332
142.148738 36.047452 11.408361
142.073966 35.830437 8.699754
141.999615 35.613361 4.114858
141.925678 35.396226 0.547922
141.852148 35.179031 1.025973
141.779020 34.961779 1.051515
141.706287 34.744471 0.358365
141.633944 34.527107 0.000001
143.467121 40.436367 0.000001
143.383236 40.220602 0.001757
143.299912 40.004754 0.004936
143.217142 39.788823 1.696241
143.134917 39.572813 5.099061
143.053229 39.356723 8.848272
142.972069 39.140556 13.344326
142.891431 38.924312 20.292030
142.811305 38.707992 28.536475
142.731685 38.491600 39.447768
142.652562 38.275134 37.304742
142.573930 38.058597 22.204555
142.495781 37.841990 26.156900
142.418107 37.625314 29.936617
142.340901 37.408570 17.369568
142.264157 37.191760 0.001064
142.187867 36.974884 0.001186
142.112024 36.757944 2.939571
142.036623 36.540942 4.823833
141.961655 36.323877 5.079534
141.887115 36.106752 5.067780
141.812996 35.889566 4.626060
141.739291 35.672323 1.883981
141.665994 35.455022 0.009805
141.593100 35.237664 0.670616
141.520601 35.020252 0.239936
141.448492 34.802785 0.002440
141.376767 34.585265 0.000001
143.193546 40.498309 0.000001
143.110438 40.282326 0.000951
143.027885 40.066263 0.001194
142.945879 39.850122 0.001157
142.864411 39.633902 0.000985
142.783474 39.417607 0.004866
142.703058 39.201236 4.192732
142.623157 38.984791 9.799291
142.543763 38.768274 18.232257
142.464867 38.551686 23.247499
142.386463 38.335028 15.046467
142.308542 38.118301 10.438668
142.231098 37.901507 18.590631
142.154124 37.684646 22.727359
142.077612 37.467720 16.454040
142.001555 37.250731 4.609935
141.925946 37.033678 0.001467
141.850778 36.816564 0.336421
141.776046 36.599389 0.563156
141.701741 36.382154 0.005845
141.627858 36.164862 0.240006
141.554390 35.947512 1.689010
141.481331 35.730106 0.911639
141.408675 35.512645 0.002353
141.336414 35.295130 0.002206
141.264544 35.077562 0.000810
141.193058 34.859943 0.000505
141.121950 34.642272 0.000001
142.918811 40.559754 0.000001
142.836490 40.343558 0.000550
142.754717 40.127285 0.000833
142.673484 39.910935 0.001059
142.592783 39.694510 0.001424
142.512605 39.478012 1.896335
142.432943 39.261442 3.882658
142.353788 39.044800 0.367340
142.275133 38.828089 3.063093
142.196971 38.611309 6.764490
142.119294 38.394462 6.053751
142.042094 38.177549 7.136047
141.965364 37.960571 8.828730
141.889098 37.743529 7.869283
141.813287 37.526424 3.597086
141.737925 37.309258 0.001084
141.663005 37.092032 0.001529
141.588521 36.874746 2.889355
141.514465 36.657403 2.762591
141.440831 36.440002 0.217757
141.367613 36.222546 0.014751
141.294804 36.005035 2.047171
141.222398 35.787470 2.251470
141.150388 35.569852 0.461888
141.078769 35.352183 0.000565
141.007535 35.134463 0.000247
140.936678 34.916694 0.000198
140.866194 34.698876 0.000001
142.648485 40.619479 0.000001
142.566945 40.403077 0.000377
142.485946 40.186601 0.001457
142.405480 39.970051 1.323438
142.325539 39.753429 2.859207
142.246115 39.536735 5.265966
142.167199 39.319973 7.661420
142.088785 39.103142 5.996064
142.010864 38.886243 7.959342
141.933429 38.669279 10.095065
141.856472 38.452250 9.675628
141.779986 38.235157 12.886156
141.703964 38.018002 12.609085
141.628399 37.800786 8.955251
141.553284 37.583510 6.503825
141.478611 37.366175 6.926761
141.404374 37.148782 8.006036
141.330567 36.931332 9.479797
141.257182 36.713826 7.809018
141.184213 36.496266 4.749919
141.111653 36.278653 3.741488
141.039497 36.060987 3.587227
140.967738 35.843269 1.071108
140.896369 35.625502 0.000896
140.825386 35.407685 0.000303
140.754780 35.189820 0.000126
140.684548 34.971907 0.000093
140.614682 34.753948 0.000001
142.383789 40.677245 0.000001
142.303020 40.460646 0.000178
142.222784 40.243974 0.000332
142.143075 40.027232 0.000440
142.063884 39.810421 0.000289
141.985203 39.593541 0.000223
141.907024 39.376594 0.000435
141.829340 39.159581 0.001145
141.752143 38.942504 0.026109
141.675425 38.725363 3.651859
141.599179 38.508160 0.000327
141.523398 38.290896 0.000170
141.448074 38.073572 0.001360
141.373201 37.856189 1.031876
141.298771 37.638749 0.002139
141.224778 37.421252 0.006864
141.151214 37.203699 0.000666
141.078074 36.986093 0.000281
141.005350 36.768432 0.000263
140.933037 36.550720 0.000496
140.861127 36.332957 0.107927
140.789614 36.115143 0.006456
140.718493 35.897280 0.001712
140.647756 35.679369 0.000837
140.577399 35.461412 0.000216
140.507414 35.243408 0.000090
140.437797 35.025359 0.000058
140.368541 34.807266 0.000001
142.120584 40.733988 0.000001
142.040586 40.517197 0.000109
141.961115 40.300336 0.000148
141.882164 40.083407 0.000166
141.803725 39.866412 0.000169
141.725788 39.649350 0.000290
141.648347 39.432224 0.002670
141.571395 39.215035 0.002020
141.494922 38.997784 0.000739
141.418922 38.780472 0.348055
141.343388 38.563100 0.000353
141.268313 38.345669 0.000295
141.193688 38.128181 2.696138
141.119507 37.910636 2.230537
141.045764 37.693036 0.000259
140.972451 37.475383 0.000176
140.899562 37.257675 0.000157
140.827090 37.039916 0.000100
140.755028 36.822106 0.000100
140.683371 36.604246 0.000159
140.612111 36.386337 0.000363
140.541243 36.168381 0.000706
140.470760 35.950377 0.000953
140.400656 35.732328 0.000688
140.330925 35.514234 0.000152
140.261561 35.296096 0.000067
140.192559 35.077915 0.000042
140.123913 34.859692 0.000001
141.857873 40.789933 0.000001
141.778651 40.572954 0.000453
141.699950 40.355909 0.002107
141.621761 40.138798 0.048460
141.544077 39.921622 0.358943
141.466889 39.704383 2.241533
141.390190 39.487083 2.219545
141.313972 39.269721 0.834255
141.238228 39.052300 1.926924
141.162951 38.834821 4.036570
141.088132 38.617284 2.297132
141.013765 38.399691 1.053185
140.939843 38.182043 4.696412
140.866359 37.964341 2.034329
140.793305 37.746586 0.000642
140.720676 37.528780 0.000897
140.648464 37.310922 1.610266
140.576663 37.093015 1.114727
140.505267 36.875059 0.046418
140.434268 36.657056 0.003326
140.363661 36.439005 0.002469
140.293440 36.220910 0.089333
140.223598 36.002769 0.004688
140.154130 35.784585 0.000365
140.085029 35.566359 0.000126
140.016289 35.348091 0.000067
139.947905 35.129782 0.000045
139.879871 34.911433 0.000001
