102.234985 51.769707 -0.003234 -0.002751 BADG
115.891998 39.609001 0.005285 -0.001450 BJFS
142.199997 27.070000 -0.023306 0.000270 CCJ2
125.444000 43.791000 0.015991 -0.004010 CHAN
145.742996 15.230000 -0.001957 -0.001704 CNMR
127.374001 36.398998 0.022350 0.006951 DAEJ
130.340057 31.450253 0.014384 0.015277 G091
130.540588 31.377237 0.003033 0.018907 G092
130.867111 31.242748 0.019674 0.031807 G093
127.993683 26.386345 0.021762 -0.010684 G094
127.760361 26.312714 0.012408 -0.006486 G095
127.677628 26.194576 0.002065 0.001383 G096
130.191071 32.017410 0.012497 0.011955 G123
127.824677 26.179472 0.008224 0.000630 G124
136.081070 20.425549 0.007486 0.000295 G140
127.665207 26.213327 0.008452 0.000369 G212
142.194611 27.093943 -0.010348 -0.001035 G213
144.869995 13.590000 -0.003611 -0.000021 GUAM
144.800003 13.430000 0.004645 0.001033 GUUG
104.316177 52.219021 -0.001531 0.000212 IRKJ
104.316238 52.219025 0.003279 -0.001376 IRKM
104.316002 52.219002 -0.003721 -0.000909 IRKT
130.190140 32.013245 0.009777 0.015140 J096
130.466446 31.503769 0.009084 0.024916 J097
130.299484 31.264591 0.007775 0.013844 J098
127.768921 26.144814 0.008250 -0.014357 J100
129.482056 34.655552 0.022819 0.010417 J456
129.311508 34.268208 0.022806 0.011181 J457
128.843109 32.669384 0.023743 -0.001365 J462
129.987305 32.326241 0.009638 0.014324 J467
129.795441 31.768684 0.008720 0.013519 J487
130.278152 31.717379 0.016395 0.001867 J488
130.640366 31.235224 0.008077 0.012024 J490
130.723053 31.106205 0.008135 0.015612 J491
130.964218 30.530867 0.005344 0.016973 J492
130.638382 30.381721 0.000446 0.018788 J493
129.489029 28.399088 0.016331 0.008264 J494
128.432327 27.032185 0.002651 0.007922 J495
127.898453 26.694811 0.014734 0.011013 J496
131.227798 25.831211 0.024007 -0.008414 J497
125.373795 24.753119 -0.009904 0.018130 J498
142.162766 26.635151 -0.016101 -0.010934 J603
129.125504 33.255791 0.007625 0.008568 J691
129.026337 32.885628 0.017702 0.007652 J692
128.619354 32.634274 0.012538 0.004798 J698
130.637360 31.552221 0.017093 0.030069 J721
130.699402 31.496153 0.011458 0.017442 J722
130.274979 30.784655 0.010074 0.013008 J723
131.028595 30.753325 0.005937 0.020462 J724
130.198242 30.461390 0.004550 0.036943 J725
130.903229 30.398676 -0.001476 0.020445 J726
130.424377 30.395756 0.005166 0.020679 J727
130.554550 30.236353 -0.000799 0.020666 J728
129.705750 29.615330 -0.022890 0.041446 J729
129.693573 28.487219 0.005971 0.017113 J730
130.028961 28.371132 0.001301 0.018548 J731
129.921677 28.293980 0.013616 0.032926 J732
129.320450 28.137583 0.012406 0.005653 J733
128.894470 27.816637 0.006879 0.010373 J734
128.650726 27.401239 -0.007437 0.014405 J735
127.945053 26.944489 0.007976 0.003184 J736
128.248367 26.859344 0.015374 -0.003773 J737
128.144028 26.708273 0.009367 0.007041 J738
127.231628 26.582876 0.000918 0.004110 J739
127.972397 26.482731 -0.002597 -0.001151 J740
127.832733 26.446926 0.002050 0.008142 J741
127.143646 26.372936 0.005282 -0.001326 J742
126.739151 26.347830 0.003323 0.002059 J743
127.345245 26.178795 0.020738 -0.008901 J744
127.826187 26.168608 0.013731 -0.005555 J745
131.290680 25.953726 0.002816 0.002261 J746
125.170975 24.827959 -0.014467 0.018957 J747
124.692444 24.641615 -0.017439 0.017536 J748
124.301285 24.536625 -0.018702 0.010286 J749
123.795853 24.061501 -0.000456 -0.004889 J751
130.469452 31.675102 0.011292 0.012935 J776
130.135757 31.415892 0.013699 0.012794 J777
130.238968 31.906164 0.009947 0.014439 J835
130.408005 31.796021 0.006926 0.002814 J836
135.046005 48.521000 0.007763 -0.027572 KHAJ
150.810379 59.577644 -0.001906 0.006971 MAGJ
153.979996 24.290001 -0.004386 0.007024 MCIL
127.768921 26.144817 0.001742 -0.014733 OKN1
121.080002 14.640000 0.009265 -0.003054 PIMO
142.195023 27.067532 -0.013786 -0.001979 S007
121.199997 31.100000 0.004479 0.006438 SHAO
127.054001 37.276001 0.022135 0.007465 SUWN
120.989998 24.799999 0.005612 0.007337 TCMS
120.989998 24.799999 0.004783 0.004997 TNML
121.160004 24.950001 0.014967 -0.003038 TWTF
107.050003 47.869999 -0.000246 0.010377 ULAB
114.357002 30.532000 0.009442 0.012703 WUHN
142.720001 47.029999 -0.008900 0.005548 YSSK
