102.234985 51.769707 0.001669 -0.000365 BADG
115.891998 39.609001 0.003915 0.000291 BJFS
142.199997 27.070000 0.000753 -0.001118 CCJ2
125.444000 43.791000 0.012568 -0.004445 CHAN
145.742996 15.230000 -0.000131 0.000485 CNMR
127.374001 36.398998 0.016245 0.003920 DAEJ
130.340057 31.450253 0.006730 0.006137 G091
130.540588 31.377237 0.006600 0.006200 G092
130.867111 31.242748 0.006315 0.006256 G093
127.993683 26.386345 0.000856 0.001389 G094
127.760361 26.312714 0.000874 0.001382 G095
127.677628 26.194576 0.000855 0.001354 G096
130.191071 32.017410 0.008420 0.006829 G123
127.824677 26.179472 0.000824 0.001339 G124
136.081070 20.425549 -0.000269 -0.000518 G140
127.665207 26.213327 0.000862 0.001360 G212
142.194611 27.093943 0.000757 -0.001135 G213
144.869995 13.590000 -0.000124 0.000327 GUAM
144.800003 13.430000 -0.000123 0.000316 GUUG
104.316177 52.219021 0.001678 -0.000453 IRKJ
104.316238 52.219025 0.001678 -0.000453 IRKM
104.316002 52.219002 0.001678 -0.000453 IRKT
130.190140 32.013245 0.008405 0.006822 J096
130.466446 31.503769 0.006945 0.006334 J097
130.299484 31.264591 0.006208 0.005836 J098
127.768921 26.144814 0.000825 0.001333 J100
129.482056 34.655552 0.018217 0.008038 J456
129.311508 34.268208 0.015948 0.007675 J457
128.843109 32.669384 0.009134 0.006012 J462
129.987305 32.326241 0.009300 0.007012 J467
129.795441 31.768684 0.007364 0.006078 J487
130.278152 31.717379 0.007500 0.006477 J488
130.640366 31.235224 0.006225 0.006057 J490
130.723053 31.106205 0.005888 0.005911 J491
130.964218 30.530867 0.004490 0.005143 J492
130.638382 30.381721 0.004251 0.004826 J493
129.489029 28.399088 0.002044 0.002767 J494
128.432327 27.032185 0.001051 0.001635 J495
127.898453 26.694811 0.000978 0.001497 J496
131.227798 25.831211 0.000135 0.000841 J497
125.373795 24.753119 0.000727 0.001034 J498
142.162766 26.635151 0.000643 -0.000971 J603
129.125504 33.255791 0.011377 0.006782 J691
129.026337 32.885628 0.009974 0.006367 J692
128.619354 32.634274 0.008855 0.005788 J698
130.637360 31.552221 0.007182 0.006580 J721
130.699402 31.496153 0.007033 0.006545 J722
130.274979 30.784655 0.005092 0.005196 J723
131.028595 30.753325 0.005003 0.005528 J724
130.198242 30.461390 0.004501 0.004805 J725
130.903229 30.398676 0.004225 0.004927 J726
130.424377 30.395756 0.004330 0.004788 J727
130.554550 30.236353 0.004021 0.004634 J728
129.705750 29.615330 0.003432 0.003937 J729
129.693573 28.487219 0.002115 0.002883 J730
130.028961 28.371132 0.001946 0.002816 J731
129.921677 28.293980 0.001888 0.002733 J732
129.320450 28.137583 0.001798 0.002502 J733
128.894470 27.816637 0.001533 0.002167 J734
128.650726 27.401239 0.001243 0.001851 J735
127.945053 26.944489 0.001070 0.001590 J736
128.248367 26.859344 0.000992 0.001554 J737
128.144028 26.708273 0.000945 0.001494 J738
127.231628 26.582876 0.001050 0.001492 J739
127.972397 26.482731 0.000891 0.001422 J740
127.832733 26.446926 0.000903 0.001418 J741
127.143646 26.372936 0.001000 0.001438 J742
126.739151 26.347830 0.001058 0.001449 J743
127.345245 26.178795 0.000909 0.001373 J744
127.826187 26.168608 0.000821 0.001335 J745
131.290680 25.953726 0.000162 0.000895 J746
125.170975 24.827959 0.000757 0.001048 J747
124.692444 24.641615 0.000741 0.001003 J748
124.301285 24.536625 0.000743 0.000981 J749
123.795853 24.061501 0.000693 0.000910 J751
130.469452 31.675102 0.007484 0.006611 J776
130.135757 31.415892 0.006557 0.005918 J777
130.238968 31.906164 0.008084 0.006719 J835
130.408005 31.796021 0.007842 0.006739 J836
135.046005 48.521000 0.003879 -0.009066 KHAJ
150.810379 59.577644 -0.000016 0.000308 MAGJ
153.979996 24.290001 -0.002011 0.003284 MCIL
127.768921 26.144817 0.000825 0.001333 OKN1
121.080002 14.640000 0.000073 0.000343 PIMO
142.195023 27.067532 0.000751 -0.001123 S007
121.199997 31.100000 0.003192 0.001830 SHAO
127.054001 37.276001 0.016810 0.002724 SUWN
120.989998 24.799999 0.000980 0.000987 TCMS
120.989998 24.799999 0.000980 0.000987 TNML
121.160004 24.950001 0.001001 0.001009 TWTF
107.050003 47.869999 0.002117 -0.000327 ULAB
114.357002 30.532000 0.001903 0.000960 WUHN
142.720001 47.029999 -0.001659 -0.000660 YSSK
