G213
S007
CCJ2
J603
KHAJ
YSSK
J456
J457
BADG (102.23499,51.76971)  3442.659975
PIMO (121.08000,14.64000)  3355.023807
IRKT (104.31600,52.21900)  3312.123244
IRKJ (104.31618,52.21902)  3312.112003
IRKM (104.31624,52.21902)  3312.108024
ULAB (107.05000,47.87000)  3034.762202
GUUG (144.80000,13.43000)  2765.701198
GUAM (144.87000,13.59000)  2748.668229
WUHN (114.35700,30.53200)  2703.295056
CNMR (145.74300,15.23000)  2577.480225
TCMS (120.99000,24.80000)  2511.530674
TNML (120.99000,24.80000)  2511.530674
TWTF (121.16000,24.95000)  2487.651409
MAGJ (150.81038,59.57764)  2441.321451
J751 (123.79585,24.06150)  2363.372127
BJFS (115.89200,39.60900)  2291.646450
J749 (124.30128,24.53662)  2289.875444
J748 (124.69244,24.64161)  2254.074761
J747 (125.17097,24.82796)  2205.801795
J498 (125.37379,24.75312)  2197.855344
SHAO (121.20000,31.10000)  2091.458276
G140 (136.08107,20.42555)  2071.635875
J743 (126.73915,26.34783)  1975.230790
J744 (127.34525,26.17879)  1947.293451
J742 (127.14365,26.37294)  1945.318678
G096 (127.67763,26.19458)  1923.594688
G212 (127.66521,26.21333)  1922.888678
J739 (127.23163,26.58288)  1922.420693
J100 (127.76892,26.14481)  1921.581694
OKN1 (127.76892,26.14482)  1921.581379
J745 (127.82619,26.16861)  1915.797399
G124 (127.82468,26.17947)  1915.001575
G095 (127.76036,26.31271)  1908.346869
MCIL (153.98000,24.29000)  1902.567137
J741 (127.83273,26.44693)  1892.491672
G094 (127.99368,26.38634)  1886.671137
J740 (127.97240,26.48273)  1880.177685
J496 (127.89845,26.69481)  1867.854713
J738 (128.14403,26.70827)  1850.194164
J736 (127.94505,26.94449)  1844.492676
J737 (128.24837,26.85934)  1830.846361
J495 (128.43233,27.03218)  1804.383795
J735 (128.65073,27.40124)  1759.706996
J497 (131.22780,25.83121)  1734.302299
J746 (131.29068,25.95373)  1719.546981
J734 (128.89447,27.81664)  1709.743923
J733 (129.32045,28.13758)  1655.071055
J494 (129.48903,28.39909)  1622.724573
J732 (129.92168,28.29398)  1601.943237
J730 (129.69357,28.48722)  1601.775810
J731 (130.02896,28.37113)  1588.516290
CHAN (125.44400,43.79100)  1544.781038
J729 (129.70575,29.61533)  1513.325315
J725 (130.19824,30.46139)  1415.256889
J728 (130.55455,30.23635)  1406.412052
J727 (130.42438,30.39576)  1403.804969
J698 (128.61935,32.63427)  1395.437331
J493 (130.63838,30.38172)  1389.582113
J723 (130.27498,30.78465)  1386.314227
J462 (128.84311,32.66938)  1375.398633
J726 (130.90323,30.39868)  1369.569044
J492 (130.96422,30.53087)  1355.328130
J487 (129.79544,31.76868)  1355.120438
J777 (130.13576,31.41589)  1352.630655
SUWN (127.05400,37.27600)  1352.464667
J098 (130.29948,31.26459)  1350.734188
J692 (129.02634,32.88563)  1348.438322
DAEJ (127.37400,36.39900)  1343.901300
G091 (130.34006,31.45025)  1334.953801
J724 (131.02859,30.75332)  1334.186034
J491 (130.72305,31.10620)  1330.599569
J490 (130.64037,31.23522)  1327.533471
G092 (130.54059,31.37724)  1325.007135
J097 (130.46645,31.50377)  1321.836132
J488 (130.27815,31.71738)  1321.627319
J691 (129.12550,33.25579)  1320.158319
J835 (130.23897,31.90616)  1312.174442
G093 (130.86711,31.24275)  1310.353202
J776 (130.46945,31.67510)  1309.993360
J096 (130.19014,32.01324)  1308.972653
G123 (130.19107,32.01741)  1308.632600
J836 (130.40800,31.79602)  1306.553031
J721 (130.63736,31.55222)  1305.747078
J722 (130.69940,31.49615)  1304.982441
J467 (129.98730,32.32624)  1304.908524

