81.836479 11.993977 0.003575
83.672913 11.987956 0.003500
85.509300 11.981938 0.003419
87.345657 11.975924 0.003332
89.181969 11.969913 0.003237
91.018242 11.963904 0.003136
92.854477 11.957899 0.003027
94.690666 11.951898 0.002911
96.526817 11.945898 0.002788
98.362923 11.939902 0.002657
100.198997 11.933909 0.002518
102.035027 11.927920 0.002371
103.871017 11.921934 0.002216
105.706963 11.915951 0.002053
107.542870 11.909970 0.001879
109.378738 11.903993 0.001697
111.214569 11.898019 0.001504
113.050362 11.892048 0.001302
114.886108 11.886080 0.001092
116.721817 11.880115 0.000880
118.557487 11.874153 0.000678
120.393112 11.868194 0.000521
122.228706 11.862238 0.000473
124.064255 11.856286 0.000570
125.899765 11.850336 0.000752
127.735229 11.844390 0.000957
129.570663 11.838447 0.001144
131.406052 11.832506 0.001288
133.241409 11.826569 0.001365
135.076721 11.820635 0.001357
136.911987 11.814703 0.001251
138.747223 11.808775 0.001044
140.582413 11.802850 0.000764
142.417572 11.796928 0.000544
144.252686 11.791009 0.000717
146.087753 11.785093 0.001219
147.922791 11.779181 0.001831
149.757782 11.773271 0.002472
151.592743 11.767365 0.003104
153.427658 11.761460 0.003703
155.262543 11.755560 0.004250
157.097382 11.749662 0.004737
158.932175 11.743768 0.005159
160.766937 11.737876 0.005517
162.601669 11.731988 0.005812
164.436356 11.726102 0.006048
166.270996 11.720220 0.006230
168.105606 11.714340 0.006363
169.940170 11.708464 0.006453
171.774704 11.702591 0.006505
173.609192 11.696720 0.006526
175.443634 11.690853 0.006520
177.278061 11.684989 0.006491
179.112427 11.679128 0.006442
180.946762 11.673269 0.006377
182.781067 11.667414 0.006297
184.615326 11.661562 0.006208
186.449539 11.655713 0.006111
188.283722 11.649866 0.006008
190.117874 11.644024 0.005902
191.951965 11.638184 0.005794
193.786041 11.632346 0.005686
195.620071 11.626513 0.005578
197.454056 11.620681 0.005471
199.288010 11.614853 0.005367
201.121933 11.609028 0.005264
81.849709 13.800868 0.003728
83.699356 13.793908 0.003661
85.548950 13.786952 0.003588
87.398491 13.780000 0.003509
89.247978 13.773050 0.003423
91.097412 13.766105 0.003330
92.946793 13.759163 0.003230
94.796112 13.752225 0.003124
96.645386 13.745291 0.003010
98.494598 13.738359 0.002890
100.343758 13.731432 0.002761
102.192863 13.724508 0.002625
104.041916 13.717588 0.002480
105.890915 13.710672 0.002326
107.739853 13.703759 0.002160
109.588745 13.696851 0.001982
111.437584 13.689945 0.001791
113.286362 13.683043 0.001585
115.135086 13.676145 0.001364
116.983765 13.669250 0.001128
118.832382 13.662359 0.000884
120.680946 13.655472 0.000645
122.529465 13.648587 0.000460
124.377922 13.641707 0.000445
126.226326 13.634830 0.000621
128.074677 13.627957 0.000867
129.922974 13.621088 0.001106
131.771225 13.614222 0.001298
133.619415 13.607360 0.001414
135.467560 13.600501 0.001428
137.315643 13.593646 0.001317
139.163681 13.586794 0.001077
141.011658 13.579947 0.000746
142.859573 13.573102 0.000568
144.707458 13.566261 0.000954
146.555267 13.559423 0.001633
148.403046 13.552590 0.002387
150.250763 13.545760 0.003139
152.098419 13.538934 0.003846
153.946030 13.532110 0.004481
155.793594 13.525291 0.005035
157.641098 13.518476 0.005505
159.488541 13.511662 0.005893
161.335938 13.504854 0.006204
163.183289 13.498049 0.006445
165.030594 13.491247 0.006626
166.877838 13.484449 0.006752
168.725021 13.477654 0.006830
170.572159 13.470864 0.006866
172.419250 13.464076 0.006868
174.266281 13.457293 0.006840
176.113266 13.450512 0.006790
177.960190 13.443735 0.006720
179.807068 13.436962 0.006635
181.653900 13.430193 0.006536
183.500671 13.423427 0.006426
185.347397 13.416664 0.006309
187.194077 13.409904 0.006186
189.040695 13.403149 0.006060
190.887253 13.396397 0.005933
192.733780 13.389648 0.005805
194.580246 13.382903 0.005679
196.426651 13.376162 0.005556
198.273026 13.369424 0.005435
200.119339 13.362689 0.005317
81.864983 15.607481 0.003883
83.729897 15.599567 0.003824
85.594742 15.591659 0.003760
87.459511 15.583754 0.003690
89.324211 15.575852 0.003614
91.188835 15.567956 0.003531
93.053398 15.560064 0.003443
94.917885 15.552176 0.003349
96.782295 15.544291 0.003249
98.646645 15.536412 0.003142
100.510918 15.528537 0.003028
102.375114 15.520665 0.002907
104.239250 15.512798 0.002777
106.103310 15.504935 0.002637
107.967300 15.497076 0.002486
109.831223 15.489222 0.002320
111.695068 15.481371 0.002137
113.558853 15.473525 0.001935
115.422562 15.465683 0.001711
117.286201 15.457845 0.001462
119.149773 15.450011 0.001188
121.013268 15.442182 0.000893
122.876701 15.434356 0.000595
124.740059 15.426535 0.000384
126.603348 15.418717 0.000472
128.466568 15.410905 0.000761
130.329727 15.403096 0.001074
132.192810 15.395291 0.001349
134.055817 15.387490 0.001547
135.918762 15.379694 0.001620
137.781631 15.371902 0.001516
139.644440 15.364114 0.001210
141.507172 15.356330 0.000745
143.369843 15.348550 0.000567
145.232437 15.340775 0.001239
147.094971 15.333002 0.002158
148.957428 15.325235 0.003109
150.819809 15.317472 0.004014
152.682129 15.309712 0.004817
154.544388 15.301957 0.005487
156.406570 15.294207 0.006024
158.268692 15.286459 0.006441
160.130737 15.278717 0.006757
161.992722 15.270978 0.006987
163.854630 15.263244 0.007144
165.716476 15.255513 0.007241
167.578247 15.247787 0.007289
169.439957 15.240065 0.007296
171.301605 15.232346 0.007268
173.163162 15.224632 0.007209
175.024673 15.216922 0.007128
176.886108 15.209216 0.007028
178.747482 15.201514 0.006915
180.608780 15.193816 0.006790
182.470016 15.186123 0.006657
184.331177 15.178433 0.006516
186.192276 15.170748 0.006371
188.053314 15.163066 0.006223
189.914276 15.155389 0.006075
191.775177 15.147716 0.005927
193.636002 15.140046 0.005782
195.496765 15.132381 0.005639
197.357468 15.124720 0.005501
199.218094 15.117063 0.005367
201.078659 15.109410 0.005237
81.882393 17.413780 0.004036
83.764694 17.404898 0.003988
85.646912 17.396019 0.003934
87.529030 17.387146 0.003874
89.411064 17.378277 0.003810
91.292999 17.369413 0.003741
93.174850 17.360556 0.003667
95.056610 17.351702 0.003588
96.938278 17.342852 0.003504
98.819855 17.334007 0.003415
100.701347 17.325167 0.003321
102.582748 17.316332 0.003220
104.464058 17.307503 0.003112
106.345276 17.298677 0.002993
108.226402 17.289856 0.002862
110.107445 17.281040 0.002716
111.988396 17.272230 0.002550
113.869255 17.263424 0.002361
115.750031 17.254622 0.002143
117.630707 17.245825 0.001888
119.511307 17.237034 0.001592
121.391808 17.228247 0.001250
123.272224 17.219463 0.000871
125.152550 17.210686 0.000495
127.032791 17.201914 0.000332
128.912949 17.193144 0.000641
130.792999 17.184381 0.001086
132.672974 17.175623 0.001521
134.552856 17.166868 0.001843
136.432663 17.158119 0.001951
138.312363 17.149374 0.001770
140.191986 17.140635 0.001272
142.071518 17.131899 0.000561
143.950974 17.123169 0.000850
145.830322 17.114443 0.002005
147.709595 17.105722 0.003223
149.588776 17.097006 0.004352
151.467865 17.088295 0.005322
153.346878 17.079588 0.006122
155.225800 17.070887 0.006765
157.104630 17.062189 0.007242
158.983383 17.053495 0.007557
160.862045 17.044807 0.007750
162.740616 17.036123 0.007853
164.619095 17.027445 0.007888
166.497498 17.018772 0.007874
168.375809 17.010101 0.007822
170.254044 17.001438 0.007741
172.132187 16.992777 0.007636
174.010239 16.984121 0.007511
175.888214 16.975471 0.007371
177.766098 16.966825 0.007220
179.643890 16.958183 0.007061
181.521591 16.949547 0.006897
183.399231 16.940916 0.006729
185.276764 16.932287 0.006559
187.154221 16.923666 0.006387
189.031586 16.915047 0.006216
190.908875 16.906433 0.006046
192.786072 16.897825 0.005881
194.663177 16.889221 0.005719
196.540207 16.880621 0.005562
198.417160 16.872026 0.005411
200.294006 16.863436 0.005266
81.902031 19.219734 0.004189
83.803940 19.209864 0.004151
85.705742 19.199997 0.004108
87.607430 19.190138 0.004062
89.509003 19.180283 0.004011
91.410469 19.170433 0.003957
93.311813 19.160589 0.003900
95.213051 19.150751 0.003840
97.114174 19.140919 0.003777
99.015182 19.131092 0.003711
100.916084 19.121269 0.003641
102.816864 19.111452 0.003567
104.717545 19.101641 0.003487
106.618103 19.091835 0.003397
108.518555 19.082035 0.003297
110.418892 19.072241 0.003180
112.319115 19.062450 0.003043
114.219231 19.052668 0.002877
116.119240 19.042889 0.002672
118.019127 19.033115 0.002417
119.918907 19.023348 0.002101
121.818581 19.013584 0.001723
123.718140 19.003828 0.001300
125.617592 18.994076 0.000852
127.516930 18.984329 0.000414
129.416153 18.974588 0.000539
131.315277 18.964853 0.001166
133.214279 18.955122 0.001765
135.113174 18.945398 0.002167
137.011963 18.935678 0.002247
138.910645 18.925964 0.001902
140.809219 18.916254 0.001084
142.707672 18.906551 0.000409
144.606018 18.896852 0.001916
146.504257 18.887161 0.003654
148.402390 18.877474 0.005292
150.300415 18.867790 0.006639
152.198318 18.858114 0.007598
154.096130 18.848442 0.008189
155.993820 18.838776 0.008520
157.891418 18.829115 0.008726
159.788895 18.819460 0.008845
161.686264 18.809811 0.008844
163.583527 18.800165 0.008769
165.480682 18.790525 0.008644
167.377716 18.780891 0.008489
169.274658 18.771261 0.008318
171.171494 18.761639 0.008137
173.068222 18.752020 0.007948
174.964828 18.742407 0.007752
176.861343 18.732800 0.007551
178.757736 18.723196 0.007348
180.654037 18.713598 0.007146
182.550217 18.704006 0.006944
184.446304 18.694420 0.006744
186.342285 18.684839 0.006546
188.238144 18.675262 0.006350
190.133911 18.665691 0.006158
192.029556 18.656126 0.005971
193.925110 18.646566 0.005789
195.820557 18.637011 0.005614
197.715897 18.627460 0.005446
199.611115 18.617916 0.005284
201.506241 18.608376 0.005130
81.923996 21.025311 0.004339
83.847855 21.014431 0.004312
85.771568 21.003557 0.004283
87.695145 20.992689 0.004251
89.618584 20.981827 0.004216
91.541885 20.970972 0.004181
93.465042 20.960121 0.004144
95.388062 20.949278 0.004106
97.310944 20.938442 0.004068
99.233688 20.927610 0.004030
101.156296 20.916786 0.003992
103.078766 20.905968 0.003951
105.001099 20.895155 0.003907
106.923294 20.884348 0.003857
108.845352 20.873547 0.003797
110.767265 20.862753 0.003723
112.689049 20.851965 0.003626
114.610695 20.841183 0.003495
116.532204 20.830406 0.003313
118.453575 20.819635 0.003063
120.374809 20.808872 0.002749
122.295906 20.798115 0.002404
124.216866 20.787363 0.002044
126.137695 20.776617 0.001525
128.058380 20.765877 0.000836
129.978943 20.755142 0.000487
131.899353 20.744415 0.001131
133.819641 20.733694 0.001896
135.739792 20.722979 0.002491
137.659805 20.712269 0.002667
139.579681 20.701565 0.002170
141.499435 20.690868 0.000869
143.419037 20.680176 0.001181
145.338516 20.669491 0.003676
147.257858 20.658812 0.006233
149.177063 20.648138 0.008466
151.096146 20.637470 0.010097
153.015076 20.626810 0.011007
154.933884 20.616154 0.011249
156.852554 20.605505 0.011028
158.771103 20.594862 0.010627
160.689499 20.584223 0.010281
162.607773 20.573593 0.009989
164.525925 20.562967 0.009675
166.443924 20.552347 0.009356
168.361801 20.541733 0.009040
170.279541 20.531126 0.008738
172.197159 20.520525 0.008450
174.114639 20.509930 0.008175
176.031982 20.499338 0.007910
177.949203 20.488756 0.007651
179.866287 20.478178 0.007400
181.783234 20.467606 0.007157
183.700058 20.457039 0.006922
185.616745 20.446480 0.006694
187.533310 20.435925 0.006472
189.449738 20.425377 0.006257
191.366043 20.414835 0.006047
193.282211 20.404299 0.005846
195.198242 20.393768 0.005652
197.114151 20.383244 0.005466
199.029938 20.372725 0.005289
200.945587 20.362213 0.005120
81.948425 22.830481 0.004485
83.896675 22.818567 0.004471
85.844757 22.806662 0.004457
87.792671 22.794762 0.004441
89.740417 22.782869 0.004425
91.687996 22.770985 0.004410
93.635406 22.759106 0.004397
95.582642 22.747234 0.004386
97.529716 22.735369 0.004378
99.476624 22.723511 0.004374
101.423355 22.711660 0.004373
103.369926 22.699816 0.004374
105.316330 22.687979 0.004376
107.262558 22.676147 0.004377
109.208626 22.664324 0.004373
111.154533 22.652508 0.004356
113.100266 22.640697 0.004314
115.045830 22.628895 0.004230
116.991234 22.617098 0.004083
118.936470 22.605309 0.003885
120.881538 22.593525 0.003720
122.826447 22.581749 0.003573
124.771187 22.569981 0.003165
126.715759 22.558218 0.002521
128.660172 22.546463 0.001774
130.604416 22.534714 0.000941
132.548492 22.522972 0.000945
134.492416 22.511236 0.002252
136.436172 22.499508 0.003452
138.379761 22.487785 0.003870
140.323181 22.476070 0.003020
142.266449 22.464363 0.000797
144.209549 22.452662 0.002693
146.152481 22.440968 0.006542
148.095261 22.429279 0.010147
150.037872 22.417599 0.012976
151.980316 22.405924 0.014761
153.922607 22.394255 0.015445
155.864731 22.382595 0.015149
157.806686 22.370941 0.014168
159.748489 22.359293 0.012935
161.690125 22.347652 0.011850
163.631607 22.336018 0.011098
165.572922 22.324390 0.010488
167.514084 22.312769 0.009955
169.455078 22.301155 0.009471
171.395920 22.289547 0.009037
173.336594 22.277946 0.008647
175.277115 22.266354 0.008293
177.217468 22.254765 0.007965
179.157654 22.243185 0.007656
181.097702 22.231609 0.007364
183.037582 22.220043 0.007088
184.977295 22.208483 0.006825
186.916855 22.196928 0.006575
188.856262 22.185381 0.006335
190.795502 22.173840 0.006103
192.734589 22.162306 0.005882
194.673508 22.150778 0.005669
196.612274 22.139256 0.005467
198.550888 22.127741 0.005274
200.489349 22.116234 0.005091
81.975456 24.635214 0.004625
83.950699 24.622240 0.004627
85.925743 24.609276 0.004628
87.900589 24.596319 0.004630
89.875229 24.583368 0.004635
91.849663 24.570427 0.004644
93.823898 24.557493 0.004658
95.797928 24.544567 0.004678
97.771751 24.531649 0.004706
99.745377 24.518738 0.004742
101.718803 24.505833 0.004786
103.692024 24.492937 0.004839
105.665047 24.480049 0.004899
107.637871 24.467169 0.004965
109.610489 24.454296 0.005032
111.582916 24.441431 0.005089
113.555130 24.428574 0.005119
115.527153 24.415724 0.005100
117.498978 24.402882 0.005054
119.470596 24.390047 0.005151
121.442017 24.377220 0.005319
123.413246 24.364401 0.005190
125.384270 24.351589 0.004917
127.355095 24.338785 0.004570
129.325729 24.325989 0.003736
131.296158 24.313200 0.002130
133.266388 24.300419 0.001123
135.236435 24.287643 0.003342
137.206268 24.274878 0.005339
139.175903 24.262119 0.005779
141.145355 24.249369 0.003832
143.114609 24.236624 0.001295
145.083664 24.223888 0.006805
147.052521 24.211161 0.012609
149.021179 24.198439 0.017081
150.989655 24.185724 0.019763
152.957932 24.173019 0.020866
154.926010 24.160320 0.020714
156.893890 24.147629 0.019511
158.861572 24.134947 0.017546
160.829071 24.122271 0.015322
162.796371 24.109602 0.013385
164.763489 24.096941 0.012040
166.730392 24.084288 0.011113
168.697113 24.071640 0.010365
170.663651 24.059002 0.009726
172.629990 24.046371 0.009177
174.596130 24.033747 0.008701
176.562088 24.021132 0.008281
178.527847 24.008522 0.007903
180.493408 23.995920 0.007555
182.458786 23.983326 0.007233
184.423981 23.970739 0.006932
186.388977 23.958160 0.006651
188.353775 23.945589 0.006385
190.318405 23.933025 0.006132
192.282822 23.920467 0.005891
194.247055 23.907919 0.005662
196.211105 23.895376 0.005444
198.174957 23.882841 0.005237
200.138626 23.870314 0.005041
82.005249 26.439484 0.004759
84.010254 26.425421 0.004776
86.015015 26.411367 0.004795
88.019539 26.397322 0.004818
90.023819 26.383286 0.004846
92.027855 26.369259 0.004882
94.031647 26.355238 0.004926
96.035194 26.341228 0.004982
98.038506 26.327227 0.005050
100.041580 26.313232 0.005133
102.044411 26.299248 0.005231
104.046997 26.285271 0.005346
106.049347 26.271303 0.005479
108.051460 26.257345 0.005627
110.053329 26.243393 0.005782
112.054962 26.229452 0.005931
114.056358 26.215517 0.006054
116.057510 26.201593 0.006174
118.058434 26.187675 0.006562
120.059113 26.173767 0.007129
122.059555 26.159868 0.007442
124.059761 26.145977 0.007843
126.059731 26.132093 0.008319
128.059464 26.118219 0.008063
130.058960 26.104353 0.006587
132.058212 26.090496 0.003980
134.057251 26.076647 0.001447
136.056030 26.062807 0.004926
138.054596 26.048975 0.008541
140.052917 26.035151 0.008835
142.050995 26.021336 0.004255
144.048859 26.007528 0.006101
146.046478 25.993731 0.016310
148.043869 25.979940 0.024595
150.041016 25.966160 0.029119
152.037933 25.952385 0.030048
154.034622 25.938622 0.028692
156.031082 25.924864 0.026471
158.027313 25.911116 0.023770
160.023300 25.897377 0.020597
162.019073 25.883646 0.017322
164.014603 25.869923 0.014559
166.009903 25.856207 0.012659
168.004974 25.842501 0.011447
169.999817 25.828802 0.010522
171.994431 25.815113 0.009763
173.988815 25.801432 0.009130
175.982971 25.787758 0.008593
177.976898 25.774094 0.008130
179.970596 25.760437 0.007720
181.964066 25.746788 0.007348
183.957306 25.733149 0.007007
185.950317 25.719517 0.006693
187.943115 25.705893 0.006401
189.935669 25.692278 0.006127
191.928009 25.678671 0.005869
193.920120 25.665071 0.005624
195.912003 25.651482 0.005392
197.903656 25.637897 0.005172
199.895096 25.624325 0.004965
201.886307 25.610758 0.004769
82.038002 28.243263 0.004885
84.075706 28.228077 0.004919
86.113136 28.212902 0.004957
88.150269 28.197737 0.005002
90.187111 28.182579 0.005055
92.223679 28.167433 0.005120
94.259949 28.152296 0.005199
96.295937 28.137167 0.005295
98.331635 28.122049 0.005410
100.367050 28.106941 0.005546
102.402184 28.091841 0.005708
104.437035 28.076752 0.005898
106.471596 28.061672 0.006117
108.505875 28.046600 0.006363
110.539871 28.031540 0.006626
112.573578 28.016489 0.006889
114.607010 28.001446 0.007165
116.640160 27.986414 0.007809
118.673019 27.971390 0.008822
120.705605 27.956377 0.009676
122.737907 27.941372 0.010942
124.769936 27.926378 0.012617
126.801674 27.911392 0.013602
128.833130 27.896416 0.013439
130.864319 27.881451 0.012118
132.895218 27.866493 0.008407
134.925842 27.851545 0.002323
136.956192 27.836607 0.008769
138.986267 27.821678 0.015714
141.016052 27.806759 0.013906
143.045563 27.791849 0.004346
145.074814 27.776947 0.020821
147.103775 27.762056 0.037202
149.132446 27.747173 0.045719
151.160858 27.732302 0.046894
153.188995 27.717438 0.043259
155.216858 27.702583 0.037496
157.244446 27.687738 0.031888
159.271759 27.672903 0.027170
161.298798 27.658077 0.022694
163.325562 27.643259 0.018467
165.352051 27.628452 0.015067
167.378265 27.613653 0.012812
169.404205 27.598864 0.011420
171.429886 27.584084 0.010391
173.455292 27.569313 0.009564
175.480423 27.554552 0.008888
177.505280 27.539801 0.008324
179.529877 27.525057 0.007843
181.554199 27.510323 0.007419
183.578247 27.495598 0.007038
185.602036 27.480883 0.006692
187.625549 27.466177 0.006375
189.648788 27.451479 0.006082
191.671768 27.436792 0.005808
193.694473 27.422113 0.005549
195.716919 27.407444 0.005306
197.739105 27.392782 0.005076
199.761002 27.378132 0.004860
201.782654 27.363489 0.004656
82.073914 30.046530 0.005001
84.147491 30.030184 0.005052
86.220726 30.013849 0.005111
88.293617 29.997524 0.005179
90.366173 29.981211 0.005260
92.438393 29.964907 0.005357
94.510277 29.948614 0.005474
96.581818 29.932333 0.005614
98.653023 29.916061 0.005781
100.723892 29.899801 0.005979
102.794418 29.883553 0.006214
104.864616 29.867313 0.006491
106.934479 29.851084 0.006812
109.004005 29.834866 0.007173
111.073204 29.818659 0.007563
113.142059 29.802462 0.007978
115.210587 29.786276 0.008776
117.278778 29.770100 0.010219
119.346642 29.753935 0.011619
121.414177 29.737780 0.013744
123.481377 29.721636 0.016834
125.548241 29.705502 0.019645
127.614784 29.689379 0.022051
129.680984 29.673265 0.024294
131.746872 29.657164 0.023586
133.812424 29.641071 0.017343
135.877640 29.624990 0.003957
137.942535 29.608919 0.018197
140.007111 29.592859 0.031796
142.071350 29.576809 0.018939
144.135254 29.560768 0.023589
146.198853 29.544739 0.061189
148.262115 29.528721 0.079311
150.325058 29.512712 0.078196
152.387665 29.496714 0.068427
154.449951 29.480726 0.056297
156.511917 29.464750 0.044830
158.573563 29.448782 0.035524
160.634888 29.432825 0.028883
162.695892 29.416880 0.023318
164.756561 29.400944 0.018442
166.816925 29.385017 0.014756
168.876953 29.369102 0.012450
170.936676 29.353197 0.011023
172.996063 29.337303 0.009975
175.055145 29.321417 0.009141
177.113907 29.305544 0.008467
179.172333 29.289679 0.007908
181.230453 29.273825 0.007433
183.288269 29.257982 0.007014
185.345749 29.242147 0.006639
187.402924 29.226326 0.006300
189.459778 29.210512 0.005990
191.516312 29.194710 0.005703
193.572540 29.178917 0.005434
195.628448 29.163134 0.005182
197.684052 29.147362 0.004945
199.739319 29.131599 0.004722
201.794296 29.115849 0.004513
82.113243 31.849258 0.005105
84.226082 31.831711 0.005174
86.338516 31.814175 0.005254
88.450562 31.796650 0.005347
90.562202 31.779137 0.005458
92.673447 31.761637 0.005589
94.784294 31.744148 0.005747
96.894745 31.726671 0.005935
99.004799 31.709208 0.006159
101.114464 31.691753 0.006426
103.223724 31.674313 0.006744
105.332596 31.656883 0.007121
107.441078 31.639465 0.007557
109.549164 31.622061 0.008050
111.656860 31.604666 0.008591
113.764160 31.587284 0.009418
115.871071 31.569914 0.011172
117.977592 31.552555 0.013060
120.083725 31.535208 0.015820
122.189461 31.517872 0.020240
124.294815 31.500547 0.025112
126.399780 31.483236 0.030715
128.504364 31.465937 0.038348
130.608551 31.448647 0.044989
132.712357 31.431370 0.048057
134.815781 31.414104 0.039698
136.918808 31.396851 0.007575
139.021469 31.379608 0.047425
141.123734 31.362379 0.068986
143.225616 31.345160 0.013376
145.327118 31.327951 0.104588
147.428238 31.310757 0.149293
149.528976 31.293571 0.142832
151.629318 31.276400 0.114865
153.729309 31.259239 0.086392
155.828903 31.242088 0.064291
157.928116 31.224951 0.047768
160.026947 31.207825 0.036049
162.125412 31.190708 0.028373
164.223495 31.173605 0.022249
166.321198 31.156513 0.017218
168.418533 31.139433 0.013699
170.515488 31.122362 0.011643
172.612076 31.105305 0.010313
174.708267 31.088259 0.009318
176.804108 31.071224 0.008532
178.899567 31.054199 0.007899
180.994644 31.037188 0.007374
183.089355 31.020187 0.006923
185.183701 31.003197 0.006525
187.277679 30.986219 0.006169
189.371277 30.969252 0.005846
191.464508 30.952295 0.005550
193.557358 30.935352 0.005276
195.649857 30.918419 0.005019
197.741974 30.901497 0.004778
199.833725 30.884586 0.004551
201.925110 30.867687 0.004339
82.156250 33.651428 0.005195
84.312027 33.632629 0.005283
86.467339 33.613846 0.005384
88.622185 33.595078 0.005503
90.776558 33.576321 0.005644
92.930473 33.557575 0.005812
95.083923 33.538845 0.006012
97.236908 33.520126 0.006252
99.389427 33.501423 0.006538
101.541481 33.482735 0.006881
103.693077 33.464054 0.007291
105.844208 33.445389 0.007777
107.994881 33.426739 0.008340
110.145096 33.408100 0.008980
112.294853 33.389477 0.009779
114.444153 33.370861 0.011589
116.592987 33.352264 0.013895
118.741371 33.333679 0.016938
120.889297 33.315105 0.022244
123.036774 33.296543 0.028953
125.183792 33.277996 0.037298
127.330353 33.259464 0.050560
129.476471 33.240944 0.066970
131.622131 33.222435 0.087828
133.767334 33.203938 0.107480
135.912094 33.185455 0.104488
138.056396 33.166988 0.029884
140.200256 33.148533 0.156961
142.343658 33.130089 0.089252
144.486618 33.111656 0.200971
146.629135 33.093239 0.315327
148.771194 33.074837 0.274690
150.912827 33.056442 0.199397
153.054001 33.038063 0.135307
155.194733 33.019699 0.091248
157.335022 33.001343 0.063345
159.474869 32.983006 0.044963
161.614273 32.964676 0.033281
163.753235 32.946362 0.025723
165.891754 32.928059 0.019693
168.029831 32.909767 0.015096
170.167480 32.891491 0.012182
172.304672 32.873226 0.010527
174.441437 32.854977 0.009376
176.577774 32.836739 0.008492
178.713669 32.818512 0.007795
180.849121 32.800297 0.007229
182.984146 32.782097 0.006755
185.118729 32.763908 0.006342
187.252884 32.745731 0.005976
189.386597 32.727570 0.005647
191.519882 32.709419 0.005347
193.652740 32.691280 0.005071
195.785172 32.673157 0.004814
197.917160 32.655045 0.004572
200.048721 32.636944 0.004346
82.203255 35.453018 0.005268
84.405968 35.432922 0.005374
86.608131 35.412838 0.005498
88.809746 35.392769 0.005643
91.010818 35.372715 0.005815
93.211349 35.352676 0.006020
95.411331 35.332653 0.006265
97.610779 35.312645 0.006558
99.809677 35.292652 0.006910
102.008041 35.272671 0.007333
104.205864 35.252705 0.007841
106.403145 35.232754 0.008442
108.599892 35.212818 0.009140
110.796097 35.192898 0.009945
112.991776 35.172993 0.011489
115.186913 35.153099 0.014092
117.381516 35.133224 0.017148
119.575592 35.113361 0.022604
121.769127 35.093510 0.030521
123.962135 35.073677 0.040442
126.154617 35.053860 0.057382
128.346558 35.034054 0.081669
130.537979 35.014263 0.120363
132.728882 34.994488 0.179758
134.919250 34.974728 0.262712
137.109085 34.954979 0.320429
139.298401 34.935246 0.245287
141.487198 34.915527 1.098129
143.675461 34.895824 0.426400
145.863205 34.876137 0.763361
148.050430 34.856461 0.553232
150.237137 34.836800 0.337808
152.423325 34.817154 0.204047
154.608994 34.797520 0.124669
156.794144 34.777901 0.080233
158.978775 34.758297 0.054120
161.162888 34.738708 0.037806
163.346497 34.719131 0.028259
165.529587 34.699574 0.021551
167.712158 34.680023 0.016246
169.894211 34.660492 0.012613
172.075760 34.640972 0.010558
174.256805 34.621468 0.009270
176.437332 34.601978 0.008317
178.617355 34.582500 0.007577
180.796860 34.563038 0.006988
182.975876 34.543591 0.006502
185.154373 34.524158 0.006086
187.332367 34.504738 0.005719
189.509842 34.485332 0.005391
191.686829 34.465939 0.005094
193.863312 34.446560 0.004821
196.039291 34.427197 0.004568
198.214767 34.407845 0.004330
200.389740 34.388508 0.004107
82.254631 37.254013 0.005322
84.508621 37.232555 0.005447
86.761978 37.211117 0.005592
89.014694 37.189690 0.005763
91.266769 37.168285 0.005966
93.518219 37.146893 0.006208
95.769028 37.125519 0.006497
98.019211 37.104160 0.006845
100.268761 37.082821 0.007264
102.517677 37.061493 0.007771
104.765968 37.040184 0.008378
107.013626 37.018894 0.009095
109.260666 36.997616 0.009932
111.507072 36.976357 0.011090
113.752861 36.955116 0.013642
115.998016 36.933887 0.016694
118.242561 36.912678 0.021541
120.486481 36.891483 0.029695
122.729774 36.870304 0.040203
124.972458 36.849140 0.057311
127.214516 36.827995 0.085031
129.455963 36.806866 0.131794
131.696793 36.785751 0.213886
133.937012 36.764656 0.369806
136.176620 36.743572 0.647528
138.415604 36.722507 1.113479
140.653992 36.701458 2.179039
142.891754 36.680424 13.839233
145.128922 36.659409 1.796177
147.365463 36.638409 1.017914
149.601410 36.617420 0.511142
151.836761 36.596451 0.271733
154.071503 36.575500 0.155338
156.305634 36.554562 0.093027
158.539154 36.533638 0.060243
160.772095 36.512733 0.040869
163.004425 36.491844 0.029390
165.236160 36.470970 0.022284
167.467285 36.450111 0.016744
169.697830 36.429268 0.012714
171.927765 36.408440 0.010326
174.157104 36.387630 0.008964
176.385864 36.366837 0.007985
178.614029 36.346054 0.007234
180.841583 36.325291 0.006643
183.068573 36.304543 0.006163
185.294952 36.283810 0.005756
187.520752 36.263092 0.005399
189.745972 36.242393 0.005080
191.970596 36.221706 0.004792
194.194641 36.201035 0.004528
196.418091 36.180382 0.004283
198.640961 36.159740 0.004053
200.863251 36.139118 0.003837
82.310783 39.054390 0.005355
84.620819 39.031509 0.005497
86.930115 39.008648 0.005663
89.238663 38.985802 0.005859
91.546478 38.962978 0.006092
93.853546 38.940170 0.006369
96.159874 38.917381 0.006702
98.465469 38.894611 0.007104
100.770332 38.871861 0.007589
103.074455 38.849125 0.008176
105.377846 38.826412 0.008878
107.680504 38.803715 0.009707
109.982437 38.781036 0.010684
112.283638 38.758373 0.012628
114.584114 38.735733 0.015740
116.883865 38.713108 0.019681
119.182892 38.690502 0.026926
121.481194 38.667915 0.037312
123.778770 38.645344 0.051932
126.075630 38.622795 0.078556
128.371780 38.600262 0.121091
130.667206 38.577744 0.199377
132.961914 38.555248 0.356457
135.255905 38.532768 0.674908
137.549179 38.510307 1.351429
139.841751 38.487865 3.258890
142.133606 38.465439 14.220343
144.424759 38.443031 0.586801
146.715195 38.420643 1.144344
149.004929 38.398270 0.553716
151.293961 38.375916 0.285936
153.582291 38.353580 0.160728
155.869919 38.331261 0.094886
158.156845 38.308960 0.060392
160.443069 38.286678 0.040602
162.728592 38.264412 0.028625
165.013412 38.242165 0.021636
167.297546 38.219933 0.016327
169.580978 38.197723 0.012293
171.863724 38.175526 0.009802
174.145782 38.153351 0.008442
176.427139 38.131191 0.007488
178.707809 38.109047 0.006764
180.987808 38.086922 0.006198
183.267105 38.064816 0.005741
185.545715 38.042725 0.005356
187.823639 38.020653 0.005019
190.100891 37.998600 0.004719
192.377457 37.976562 0.004446
194.653336 37.954540 0.004196
196.928543 37.932537 0.003963
199.203079 37.910553 0.003745
201.476929 37.888584 0.003539
82.372192 40.854137 0.005365
84.743523 40.829758 0.005523
87.113983 40.805401 0.005708
89.483574 40.781063 0.005926
91.852303 40.756748 0.006186
94.220169 40.732452 0.006497
96.587173 40.708179 0.006871
98.953323 40.683926 0.007322
101.318611 40.659691 0.007868
103.683044 40.635479 0.008529
106.046623 40.611286 0.009315
108.409355 40.587112 0.010243
110.771233 40.562962 0.011498
113.132263 40.538834 0.014275
115.492455 40.514721 0.017679
117.851791 40.490631 0.023143
120.210289 40.466560 0.032408
122.567947 40.442513 0.044645
124.924767 40.418484 0.065359
127.280746 40.394474 0.099247
129.635880 40.370487 0.159323
131.990189 40.346519 0.268911
134.343674 40.322571 0.485265
136.696320 40.298641 0.890518
139.048126 40.274734 1.556314
141.399124 40.250847 1.769607
143.749283 40.226978 0.690800
146.098618 40.203129 0.241203
148.447144 40.179302 0.299138
150.794830 40.155495 0.202069
153.141708 40.131706 0.128013
155.487762 40.107941 0.080550
157.833008 40.084190 0.052707
160.177444 40.060463 0.036176
162.521057 40.036755 0.025722
164.863861 40.013065 0.019617
167.205856 39.989395 0.014957
169.547043 39.965748 0.011284
171.887436 39.942116 0.008956
174.227005 39.918507 0.007709
176.565781 39.894917 0.006839
178.903763 39.871346 0.006178
181.240936 39.847794 0.005663
183.577316 39.824265 0.005247
185.912888 39.800751 0.004897
188.247681 39.777260 0.004590
190.581665 39.753784 0.004314
192.914871 39.730331 0.004063
195.247284 39.706898 0.003831
197.578903 39.683483 0.003615
199.909744 39.660088 0.003411
202.239792 39.636711 0.003218
82.439423 42.653236 0.005349
84.877831 42.627281 0.005521
87.315224 42.601345 0.005722
89.751610 42.575436 0.005961
92.186989 42.549549 0.006245
94.621361 42.523682 0.006584
97.054733 42.497841 0.006993
99.487099 42.472023 0.007487
101.918472 42.446228 0.008086
104.348846 42.420460 0.008806
106.778221 42.394711 0.009660
109.206612 42.368984 0.010663
111.634010 42.343281 0.012450
114.060417 42.317604 0.015630
116.485840 42.291946 0.019500
118.910278 42.266312 0.026528
121.333740 42.240704 0.036957
123.756218 42.215115 0.051039
126.177719 42.189548 0.076255
128.598251 42.164005 0.114514
131.017807 42.138489 0.180453
133.436386 42.112991 0.292403
135.854004 42.087517 0.464154
138.270660 42.062065 0.628296
140.686340 42.036636 0.459374
143.101074 42.011230 0.208393
145.514832 41.985844 0.170557
147.927643 41.960484 0.031423
150.339493 41.935143 0.080233
152.750381 41.909828 0.073192
155.160324 41.884533 0.054474
157.569321 41.859261 0.039169
159.977371 41.834011 0.028506
162.384476 41.808784 0.021068
164.790634 41.783577 0.016528
167.195847 41.758392 0.012817
169.600128 41.733234 0.009774
172.003464 41.708092 0.007833
174.405869 41.682976 0.006806
176.807343 41.657883 0.006067
179.207886 41.632809 0.005501
181.607483 41.607758 0.005058
184.006180 41.582726 0.004698
186.403931 41.557720 0.004393
188.800766 41.532734 0.004122
191.196671 41.507771 0.003877
193.591675 41.482826 0.003652
195.985748 41.457909 0.003442
198.378906 41.433010 0.003245
200.771149 41.408131 0.003058
82.513107 44.451679 0.005306
85.025032 44.424049 0.005489
87.535774 44.396446 0.005704
90.045341 44.368870 0.005958
92.553726 44.341316 0.006261
95.060936 44.313793 0.006624
97.566978 44.286297 0.007060
100.071854 44.258823 0.007587
102.575569 44.231377 0.008225
105.078117 44.203960 0.008985
107.579498 44.176563 0.009880
110.079735 44.149197 0.010961
112.578812 44.121857 0.013314
115.076736 44.094540 0.016558
117.573509 44.067249 0.021045
120.069145 44.039986 0.029004
122.563629 44.012749 0.039608
125.056976 43.985535 0.054804
127.549187 43.958351 0.079841
130.040268 43.931190 0.115517
132.530197 43.904053 0.167475
135.019012 43.876942 0.233002
137.506699 43.849857 0.275922
139.993256 43.822800 0.207354
142.478699 43.795765 0.023943
144.963013 43.768757 0.085354
147.446213 43.741776 0.045135
149.928299 43.714817 0.012133
152.409286 43.687885 0.027802
154.889145 43.660976 0.028530
157.367905 43.634094 0.024506
159.845566 43.607235 0.019693
162.322128 43.580402 0.015675
164.797577 43.553596 0.012903
167.271942 43.526814 0.010238
169.745209 43.500057 0.007966
172.217377 43.473324 0.006548
174.688477 43.446617 0.005801
177.158478 43.419933 0.005220
179.627396 43.393276 0.004767
182.095230 43.366642 0.004409
184.561981 43.340031 0.004115
187.027664 43.313446 0.003860
189.492279 43.286888 0.003631
191.955811 43.260349 0.003420
194.418274 43.233841 0.003223
196.879684 43.207352 0.003038
199.340012 43.180889 0.002862
201.799301 43.154453 0.002693
82.594009 46.249443 0.005233
85.186630 46.220036 0.005424
87.777878 46.190659 0.005649
90.367737 46.161316 0.005915
92.956223 46.131996 0.006231
95.543335 46.102711 0.006608
98.129082 46.073456 0.007063
100.713463 46.044228 0.007610
103.296486 46.015030 0.008267
105.878151 45.985863 0.009042
108.458458 45.956722 0.009944
111.037415 45.927612 0.011171
113.615021 45.898533 0.013830
116.191292 45.869484 0.016985
118.766212 45.840462 0.021896
121.339798 45.811470 0.029870
123.912056 45.782505 0.039619
126.482979 45.753571 0.053676
129.052582 45.724667 0.073698
131.620850 45.695793 0.097725
134.187805 45.666943 0.121988
136.753433 45.638126 0.131644
139.317749 45.609337 0.103037
141.880768 45.580574 0.033677
144.442474 45.551842 0.024112
147.002869 45.523140 0.031872
149.561966 45.494465 0.013771
152.119766 45.465820 0.005346
154.676285 45.437202 0.010944
157.231491 45.408611 0.012735
159.785431 45.380051 0.011848
162.338074 45.351517 0.010642
164.889435 45.323013 0.009304
167.439514 45.294537 0.007593
169.988327 45.266087 0.006110
172.535873 45.237667 0.005246
175.082138 45.209274 0.004769
177.627151 45.180908 0.004350
180.170883 45.152573 0.004017
182.713364 45.124264 0.003748
185.254593 45.095982 0.003521
187.794571 45.067726 0.003318
190.333298 45.039501 0.003131
192.870773 45.011303 0.002955
195.407013 44.983131 0.002788
197.942001 44.954990 0.002628
200.475754 44.926872 0.002473
82.683006 48.046520 0.005130
85.364395 48.015217 0.005326
88.044159 47.983952 0.005556
90.722305 47.952717 0.005827
93.398834 47.921520 0.006149
96.073761 47.890354 0.006533
98.747086 47.859222 0.006993
101.418816 47.828125 0.007544
104.088943 47.797058 0.008198
106.757484 47.766029 0.008958
109.424446 47.735031 0.009827
112.089821 47.704067 0.011211
114.753624 47.673138 0.013854
117.415848 47.642239 0.016811
120.076508 47.611374 0.021640
122.735603 47.580544 0.028727
125.393143 47.549747 0.036589
128.049118 47.518982 0.046939
130.703552 47.488251 0.059009
133.356430 47.457550 0.068323
136.007782 47.426884 0.069589
138.657578 47.396252 0.054918
141.305847 47.365650 0.025427
143.952591 47.335083 0.004784
146.597809 47.304546 0.016047
149.241501 47.274044 0.012744
151.883667 47.243572 0.005110
154.524338 47.213131 0.002344
157.163483 47.182724 0.005084
159.801132 47.152351 0.006185
162.437286 47.122009 0.006601
165.071930 47.091698 0.006137
167.705093 47.061420 0.005203
170.336761 47.031174 0.004434
172.966934 47.000957 0.004055
175.595642 46.970776 0.003777
178.222870 46.940620 0.003506
180.848618 46.910503 0.003286
183.472900 46.880413 0.003101
186.095718 46.850357 0.002937
188.717072 46.820332 0.002784
191.336975 46.790337 0.002637
193.955414 46.760372 0.002495
196.572403 46.730438 0.002356
199.187958 46.700539 0.002220
201.802063 46.670670 0.002087
82.781151 49.842896 0.004997
85.560394 49.809563 0.005194
88.337730 49.776272 0.005423
91.113167 49.743015 0.005694
93.886703 49.709801 0.006013
96.658356 49.676624 0.006393
99.428123 49.643486 0.006845
102.196014 49.610386 0.007382
104.962036 49.577324 0.008007
107.726189 49.544304 0.008720
110.488487 49.511318 0.009517
113.248924 49.478371 0.010964
116.007507 49.445465 0.013353
118.764252 49.412594 0.015935
121.519165 49.379761 0.020092
124.272232 49.346966 0.025611
127.023483 49.314209 0.030862
129.772903 49.281490 0.036261
132.520508 49.248806 0.040616
135.266312 49.216164 0.039783
138.010300 49.183556 0.031887
140.752487 49.150986 0.017576
143.492889 49.118454 0.003299
146.231491 49.085957 0.007281
148.968307 49.053497 0.008656
151.703339 49.021076 0.005633
154.436615 48.988693 0.001967
157.168106 48.956345 0.000964
159.897842 48.924030 0.002756
162.625809 48.891754 0.003627
165.352036 48.859516 0.003609
168.076508 48.827312 0.003283
170.799225 48.795147 0.003079
173.520218 48.763020 0.003021
176.239471 48.730923 0.002874
178.957001 48.698864 0.002729
181.672806 48.666843 0.002604
184.386902 48.634857 0.002491
187.099274 48.602905 0.002383
189.809937 48.570992 0.002273
192.518890 48.539112 0.002163
195.226151 48.507267 0.002051
197.931717 48.475460 0.001938
200.635590 48.443684 0.001824
82.889687 51.638554 0.004833
85.777115 51.603035 0.005026
88.662292 51.567562 0.005250
91.545227 51.532135 0.005513
94.425926 51.496750 0.005822
97.304405 51.461414 0.006186
100.180656 51.426117 0.006616
103.054703 51.390869 0.007118
105.926537 51.355659 0.007690
108.796173 51.320499 0.008322
111.663620 51.285381 0.009010
114.528885 51.250305 0.010361
117.391975 51.215275 0.012347
120.252892 51.180286 0.014351
123.111649 51.145344 0.017385
125.968246 51.110443 0.021013
128.822693 51.075584 0.023629
131.675003 51.040771 0.024743
134.525177 51.005997 0.023912
137.373230 50.971268 0.019508
140.219147 50.936584 0.011840
143.062973 50.901939 0.003694
145.904663 50.867340 0.003224
148.744278 50.832779 0.005313
151.581787 50.798264 0.004731
154.417206 50.763790 0.002879
157.250549 50.729359 0.000776
160.081818 50.694965 0.000812
162.911011 50.660618 0.001562
165.738159 50.626312 0.001808
168.563248 50.592045 0.001929
171.386276 50.557823 0.002081
174.207275 50.523640 0.002136
177.026230 50.489498 0.002093
179.843170 50.455399 0.002043
182.658081 50.421337 0.001991
185.470978 50.387321 0.001935
188.281860 50.353344 0.001870
191.090744 50.319405 0.001796
193.897629 50.285511 0.001716
196.702515 50.251656 0.001631
199.505417 50.217838 0.001540
202.306351 50.184063 0.001447
83.010094 53.433479 0.004640
86.017509 53.395599 0.004825
89.022255 53.357769 0.005038
92.024353 53.319992 0.005287
95.023796 53.282265 0.005576
98.020607 53.244587 0.005913
101.014786 53.206966 0.006305
104.006348 53.169392 0.006753
106.995300 53.131870 0.007247
109.981659 53.094398 0.007769
112.965424 53.056980 0.008312
115.946602 53.019608 0.009413
118.925209 52.982288 0.010912
121.901260 52.945019 0.012208
124.874756 52.907799 0.013927
127.845703 52.870632 0.015725
130.814117 52.833511 0.016340
133.779999 52.796440 0.015088
136.743378 52.759418 0.012083
139.704239 52.722446 0.007676
142.662598 52.685528 0.002934
145.618469 52.648651 0.001734
148.571854 52.611828 0.003484
151.522766 52.575050 0.003605
154.471222 52.538326 0.002611
157.417206 52.501644 0.001395
160.360748 52.465015 0.000563
163.301849 52.428432 0.000471
166.240524 52.391899 0.000785
169.176773 52.355412 0.001107
172.110611 52.318974 0.001348
175.042038 52.282581 0.001419
177.971069 52.246235 0.001448
180.897720 52.209938 0.001461
183.821976 52.173691 0.001458
186.743866 52.137486 0.001441
189.663391 52.101330 0.001408
192.580551 52.065220 0.001362
195.495361 52.029160 0.001306
198.407837 51.993141 0.001242
201.317978 51.957172 0.001170
83.144173 55.227657 0.004419
86.285156 55.187202 0.004591
89.422966 55.146812 0.004789
92.557610 55.106480 0.005016
95.689095 55.066208 0.005277
98.817451 55.025993 0.005577
101.942680 54.985844 0.005917
105.064789 54.945751 0.006293
108.183800 54.905716 0.006689
111.299721 54.865742 0.007077
114.412567 54.825825 0.007441
117.522346 54.785969 0.008186
120.629074 54.746170 0.009173
123.732758 54.706429 0.009776
126.833420 54.666748 0.010285
129.931061 54.627121 0.010600
133.025696 54.587555 0.010018
136.117325 54.548046 0.008167
139.205994 54.508595 0.005340
142.291672 54.469196 0.002314
145.374405 54.429859 0.000964
148.454178 54.390575 0.002145
151.531021 54.351353 0.002554
154.604935 54.312183 0.002296
157.675949 54.273067 0.001767
160.744049 54.234013 0.001209
163.809250 54.195011 0.000752
166.871582 54.156063 0.000574
169.931030 54.117172 0.000697
172.987640 54.078339 0.000809
176.041382 54.039558 0.000885
179.092300 54.000832 0.000944
182.140381 53.962162 0.000986
185.185654 53.923546 0.001010
188.228119 53.884983 0.001015
191.267776 53.846474 0.001003
194.304657 53.808022 0.000976
197.338760 53.769619 0.000938
200.370117 53.731274 0.000889
83.294113 57.021057 0.004172
86.584412 56.977791 0.004328
89.870895 56.934597 0.004505
93.153587 56.891476 0.004705
96.432510 56.848423 0.004930
99.707672 56.805443 0.005182
102.979095 56.762531 0.005458
106.246788 56.719688 0.005750
109.510780 56.676914 0.006033
112.771080 56.634212 0.006275
116.027702 56.591576 0.006443
119.280670 56.549011 0.006788
122.529991 56.506512 0.007284
125.775681 56.464081 0.007351
129.017761 56.421719 0.007007
132.256241 56.379425 0.006344
135.491150 56.337196 0.005188
138.722488 56.295036 0.003503
141.950272 56.252941 0.001619
145.174515 56.210911 0.000689
148.395248 56.168949 0.001614
151.612473 56.127056 0.002151
154.826202 56.085224 0.002182
158.036469 56.043461 0.001878
161.243256 56.001762 0.001430
164.446609 55.960129 0.001008
167.646530 55.918560 0.000715
170.843033 55.877052 0.000585
174.036118 55.835613 0.000546
177.225830 55.794235 0.000558
180.412155 55.752922 0.000592
183.595123 55.711674 0.000628
186.774750 55.670486 0.000654
189.951035 55.629364 0.000665
193.124008 55.588306 0.000662
196.293671 55.547306 0.000646
199.460037 55.506374 0.000618
202.623123 55.465500 0.000580
83.462616 58.813652 0.003903
86.920616 58.767296 0.004039
90.374016 58.721020 0.004191
93.822845 58.674831 0.004358
97.267128 58.628723 0.004541
100.706879 58.582699 0.004737
104.142120 58.536758 0.004942
107.572884 58.490898 0.005139
110.999184 58.445118 0.005303
114.421043 58.399422 0.005397
117.838493 58.353809 0.005379
121.251534 58.308273 0.005353
124.660202 58.262817 0.005412
128.064514 58.217445 0.005138
131.464493 58.172150 0.004412
134.860168 58.126934 0.003357
138.251541 58.081799 0.002101
141.638641 58.036743 0.000845
145.021500 57.991764 0.000698
148.400116 57.946861 0.001461
151.774521 57.902039 0.001881
155.144745 57.857292 0.001927
158.510788 57.812622 0.001723
161.872681 57.768032 0.001419
165.230438 57.723515 0.001114
168.584076 57.679073 0.000879
171.933624 57.634708 0.000702
175.279099 57.590420 0.000569
178.620514 57.546207 0.000483
181.957886 57.502068 0.000439
185.291245 57.458004 0.000423
188.620590 57.414013 0.000419
191.945969 57.370098 0.000416
195.267365 57.326256 0.000407
198.584824 57.282486 0.000391
201.898361 57.238789 0.000367
83.653023 60.605408 0.003616
87.300423 60.555622 0.003729
90.942230 60.505936 0.003852
94.578476 60.456348 0.003982
98.209198 60.406860 0.004118
101.834412 60.357475 0.004254
105.454163 60.308182 0.004381
109.068474 60.258991 0.004481
112.677376 60.209896 0.004527
116.280891 60.160900 0.004482
119.879066 60.112000 0.004308
123.471916 60.063190 0.004015
127.059471 60.014481 0.003705
130.641754 59.965866 0.003236
134.218811 59.917347 0.002476
137.790665 59.868919 0.001516
141.357330 59.820587 0.000575
144.918839 59.772346 0.000573
148.475235 59.724201 0.001163
152.026520 59.676147 0.001516
155.572739 59.628185 0.001623
159.113907 59.580311 0.001551
162.650055 59.532532 0.001387
166.181229 59.484840 0.001204
169.707413 59.437241 0.001023
173.228668 59.389732 0.000853
176.745010 59.342312 0.000704
180.256454 59.294979 0.000582
183.763031 59.247734 0.000488
187.264786 59.200581 0.000420
190.761703 59.153511 0.000372
194.253845 59.106529 0.000337
197.741211 59.059635 0.000309
201.223846 59.012829 0.000286
83.869553 62.396275 0.003314
87.732201 62.342659 0.003403
91.587975 62.289165 0.003494
95.436928 62.235794 0.003584
99.279091 62.182537 0.003670
103.114525 62.129406 0.003743
106.943253 62.076389 0.003792
110.765327 62.023491 0.003798
114.580788 61.970707 0.003734
118.389671 61.918045 0.003571
122.192017 61.865494 0.003280
125.987877 61.813061 0.002850
129.777267 61.760738 0.002320
133.560257 61.708534 0.001723
137.336868 61.656441 0.001047
141.107132 61.604462 0.000396
144.871094 61.552593 0.000504
148.628799 61.500835 0.000987
152.380280 61.449192 0.001313
156.125565 61.397655 0.001458
159.864700 61.346230 0.001466
163.597717 61.294910 0.001391
167.324661 61.243702 0.001267
171.045563 61.192600 0.001123
174.760437 61.141605 0.000976
178.469345 61.090721 0.000839
182.172318 61.039940 0.000719
185.869385 60.989262 0.000619
189.560562 60.938690 0.000539
193.245926 60.888226 0.000476
196.925461 60.837864 0.000430
200.599243 60.787601 0.000396
84.117599 64.186188 0.003003
88.226608 64.128258 0.003065
92.327095 64.070480 0.003123
96.419113 64.012848 0.003173
100.502724 63.955364 0.003208
104.577980 63.898026 0.003219
108.644958 63.840832 0.003193
112.703705 63.783779 0.003112
116.754280 63.726868 0.002955
120.796738 63.670097 0.002700
124.831139 63.613472 0.002334
128.857544 63.556984 0.001860
132.875992 63.500633 0.001303
136.886551 63.444420 0.000723
140.889282 63.388348 0.000300
144.884216 63.332405 0.000559
148.871414 63.276604 0.000950
152.850937 63.220936 0.001228
156.822845 63.165398 0.001379
160.787155 63.109997 0.001423
164.743958 63.054726 0.001388
168.693268 62.999584 0.001302
172.635162 62.944576 0.001190
176.569672 62.889694 0.001068
180.496841 62.834946 0.000950
184.416748 62.780319 0.000844
188.329407 62.725826 0.000752
192.234894 62.671455 0.000678
196.133224 62.617210 0.000619
200.024460 62.563091 0.000575
84.404152 65.975060 0.002687
88.797485 65.912231 0.002723
93.180092 65.849586 0.002748
97.552063 65.787125 0.002757
101.913490 65.724838 0.002742
106.264450 65.662735 0.002694
110.605042 65.600815 0.002601
114.935333 65.539062 0.002447
119.255409 65.477493 0.002217
123.565361 65.416092 0.001903
127.865265 65.354866 0.001505
132.155197 65.293816 0.001046
136.435242 65.232933 0.000583
140.705475 65.172211 0.000338
144.965973 65.111664 0.000598
149.216812 65.051285 0.000929
153.458069 64.991074 0.001179
157.689804 64.931023 0.001330
161.912109 64.871132 0.001390
166.125046 64.811401 0.001380
170.328690 64.751839 0.001321
174.523117 64.692429 0.001234
178.708374 64.633179 0.001136
182.884552 64.574089 0.001038
187.051697 64.515160 0.000947
191.209900 64.456375 0.000869
195.359222 64.397751 0.000804
199.499725 64.339279 0.000754
203.631454 64.280952 0.000717
84.738426 67.762764 0.002373
89.463036 67.694298 0.002382
94.173950 67.626068 0.002375
98.871307 67.558067 0.002344
103.555237 67.490295 0.002284
108.225868 67.422745 0.002183
112.883324 67.355415 0.002033
117.527725 67.288307 0.001823
122.159195 67.221428 0.001547
126.777863 67.154755 0.001210
131.383835 67.088303 0.000833
135.977234 67.022064 0.000484
140.558167 66.956032 0.000398
145.126755 66.890213 0.000648
149.683105 66.824608 0.000934
154.227325 66.759201 0.001158
158.759521 66.694000 0.001300
163.279816 66.629005 0.001366
167.788300 66.564209 0.001370
172.285080 66.499611 0.001330
176.770248 66.435211 0.001264
181.243927 66.371010 0.001185
185.706207 66.307007 0.001105
190.157166 66.243187 0.001031
194.596939 66.179565 0.000966
199.025574 66.116135 0.000912
203.443207 66.052887 0.000871
85.132881 69.549133 0.002064
90.247772 69.474113 0.002049
95.344887 69.399391 0.002011
100.424416 69.324966 0.001945
105.486557 69.250832 0.001844
110.531517 69.176979 0.001700
115.559471 69.103416 0.001507
120.570618 69.030128 0.001264
125.565132 68.957130 0.000976
130.543198 68.884399 0.000672
135.505005 68.811943 0.000439
140.450699 68.739754 0.000470
145.380478 68.667839 0.000705
150.294495 68.596184 0.000954
155.192917 68.524796 0.001152
160.075928 68.453659 0.001283
164.943649 68.382782 0.001348
169.796265 68.312164 0.001360
174.633926 68.241791 0.001333
179.456772 68.171677 0.001283
184.264969 68.101799 0.001221
189.058655 68.032173 0.001156
193.837982 67.962784 0.001096
198.603073 67.893639 0.001044
203.354095 67.824730 0.001001
85.604691 71.333923 0.001768
91.185463 71.251167 0.001729
96.742645 71.168800 0.001664
102.276558 71.086815 0.001567
107.787521 71.005219 0.001434
113.275826 70.923988 0.001260
118.741783 70.843132 0.001046
124.185677 70.762642 0.000803
129.607803 70.682510 0.000570
135.008423 70.602737 0.000447
140.387833 70.523315 0.000545
145.746292 70.444244 0.000761
151.084061 70.365509 0.000979
156.401398 70.287125 0.001153
161.698563 70.209068 0.001271
166.975800 70.131340 0.001333
172.233337 70.053947 0.001349
177.471420 69.976875 0.001331
182.690308 69.900124 0.001293
187.890182 69.823685 0.001245
193.071304 69.747559 0.001194
198.233887 69.671745 0.001147
203.378128 69.596237 0.001106
86.178246 73.116768 0.001488
92.323860 73.024727 0.001429
98.437393 72.933205 0.001342
104.519363 72.842209 0.001222
110.570290 72.751717 0.001069
116.590675 72.661720 0.000885
122.581001 72.572220 0.000688
128.541748 72.483208 0.000524
134.473373 72.394676 0.000488
140.376328 72.306610 0.000614
146.251038 72.219009 0.000811
152.097961 72.131866 0.001002
157.917496 72.045174 0.001156
163.710052 71.958923 0.001261
169.476044 71.873108 0.001319
175.215820 71.787727 0.001336
180.929794 71.702774 0.001325
186.618332 71.618240 0.001297
192.281784 71.534119 0.001259
197.920502 71.450409 0.001220
203.534836 71.367096 0.001183
86.889389 74.897148 0.001233
93.732811 74.793732 0.001159
100.531235 74.691040 0.001056
107.285561 74.589073 0.000925
113.996689 74.487801 0.000773
120.665482 74.387222 0.000622
127.292755 74.287315 0.000522
133.879333 74.188072 0.000540
140.425980 74.089478 0.000674
146.933456 73.991524 0.000852
153.402512 73.894196 0.001022
159.833817 73.797485 0.001159
166.228088 73.701378 0.001252
172.585999 73.605858 0.001304
178.908188 73.510933 0.001322
185.195267 73.416573 0.001315
191.447876 73.322777 0.001294
197.666595 73.229538 0.001265
203.852005 73.136841 0.001235
87.792908 76.674217 0.001010
95.518448 76.556526 0.000928
103.178398 76.439896 0.000822
110.774460 76.324295 0.000703
118.308273 76.209694 0.000594
125.781403 76.096077 0.000544
133.195343 75.983414 0.000593
140.551529 75.871689 0.000724
147.851349 75.760872 0.000886
155.096146 75.650948 0.001037
162.287186 75.541893 0.001158
169.425705 75.433685 0.001241
176.512863 75.326317 0.001288
183.549835 75.219757 0.001305
190.537704 75.113991 0.001301
197.477524 75.009010 0.001285
204.370331 74.904785 0.001263
88.976913 78.446617 0.000831
97.849892 78.310471 0.000752
106.622566 78.175934 0.000665
115.298355 78.042953 0.000593
123.880486 77.911476 0.000577
132.372025 77.781456 0.000640
140.775848 77.652847 0.000766
149.094711 77.525597 0.000912
157.331223 77.399673 0.001048
165.487854 77.275040 0.001156
173.566956 77.151649 0.001228
181.570770 77.029472 0.001269
189.501450 76.908478 0.001284
197.361023 76.788620 0.001281
205.151428 76.669884 0.001268
90.592300 80.211967 0.000709
101.013069 80.051041 0.000651
111.270531 79.892723 0.000608
121.372292 79.736893 0.000613
131.325363 79.583443 0.000681
141.136276 79.432266 0.000799
150.811066 79.283272 0.000933
160.355377 79.136368 0.001055
169.774475 78.991463 0.001150
179.073273 78.848495 0.001212
188.256393 78.707375 0.001246
197.328125 78.568039 0.001258
206.292542 78.430428 0.001255
