139.547653 39.185562 0.566704 -0.200973 019B
130.600006 31.823999 0.010555 0.004180 AIRA
102.234985 51.769707 0.002354 -0.000245 BADG
115.891998 39.609001 0.006360 0.000301 BJFS
142.199997 27.070000 -0.001241 -0.000333 CCJ2
125.444000 43.791000 0.013748 -0.004054 CHAN
145.742996 15.230000 -0.000426 0.000591 CNMR
100.533936 13.735914 0.000628 0.000389 CUSV
127.374001 36.398998 0.017737 0.002136 DAEJ
135.928299 33.877003 0.035176 0.009842 G000
135.087646 35.419525 0.055946 0.009661 G001
135.340698 35.333458 0.057488 0.010295 G002
135.634216 35.155182 0.057498 0.011066 G003
135.219940 34.326462 0.038627 0.009836 G004
134.376114 34.760426 0.039175 0.008789 G006
136.041901 34.710644 0.052232 0.011714 G007
136.173141 34.493874 0.048588 0.011590 G008
136.002640 34.292927 0.043130 0.010933 G009
135.854797 34.241966 0.041194 0.010623 G010
135.554001 33.940796 0.034485 0.009604 G011
135.882095 33.668758 0.031666 0.009239 G012
135.533844 33.658344 0.030280 0.008933 G013
134.195267 35.529858 0.047718 0.007886 G014
133.495132 35.506935 0.041188 0.006927 G015
133.869751 35.493202 0.044200 0.007456 G016
134.155945 35.340591 0.044901 0.008097 G017
132.921997 35.491909 0.036820 0.006267 G018
133.192093 35.310692 0.037037 0.006802 G019
132.902695 35.309727 0.035144 0.006467 G020
132.669006 35.233078 0.033119 0.006290 G021
132.385559 35.031902 0.030105 0.006163 G022
132.685165 34.856747 0.030257 0.006578 G023
132.109467 34.777946 0.027117 0.006039 G024
131.810318 34.624344 0.024998 0.005825 G025
133.680756 35.282959 0.040275 0.007463 G026
133.912689 35.105026 0.040036 0.007956 G027
133.800446 34.738079 0.035188 0.007955 G028
133.972595 34.590286 0.034583 0.008187 G029
132.902100 35.035213 0.032825 0.006710 G030
132.908112 34.633671 0.029537 0.006896 G031
133.341293 34.612202 0.031426 0.007389 G032
133.140182 34.515621 0.029611 0.007163 G033
132.691956 34.184635 0.025228 0.006671 G035
132.531631 34.069233 0.023891 0.006498 G036
131.735321 34.195274 0.022257 0.005830 G037
132.052734 34.090061 0.022572 0.006087 G038
131.113037 34.020523 0.019694 0.005347 G039
132.119965 33.845917 0.021295 0.006088 G040
134.457306 33.993687 0.030272 0.008402 G041
134.211166 33.934563 0.028632 0.008061 G042
134.175980 34.478535 0.034469 0.008434 G044
133.899384 34.325920 0.031363 0.008009 G045
133.350693 33.974171 0.025863 0.007218 G046
133.047394 33.884090 0.024165 0.006884 G047
132.798523 33.642731 0.021745 0.006529 G048
132.743683 33.305054 0.019426 0.006241 G049
132.633636 33.096088 0.017968 0.005997 G050
133.531021 33.625805 0.023555 0.007105 G051
133.154495 33.607021 0.022403 0.006784 G052
134.099319 33.497108 0.024002 0.007415 G053
133.089539 33.416664 0.020888 0.006573 G054
134.205536 33.394894 0.023351 0.007349 G055
132.972137 33.193138 0.019159 0.006288 G056
132.831467 32.961067 0.017499 0.005981 G058
132.555435 32.738613 0.015882 0.005627 G059
130.722427 33.929722 0.018386 0.005072 G060
130.971115 33.867008 0.018656 0.005238 G061
130.296906 33.683071 0.016542 0.004789 G062
130.675674 33.579769 0.016829 0.005006 G063
130.995422 33.564732 0.017363 0.005205 G064
130.079269 33.503036 0.015509 0.004644 G065
130.097214 33.292004 0.014798 0.004618 G066
129.862946 33.073387 0.013749 0.004449 G067
129.958954 32.768307 0.012898 0.004405 G068
130.621765 33.060135 0.014713 0.004832 G069
130.872650 32.995934 0.014812 0.004939 G070
130.748367 32.709232 0.013581 0.004744 G071
130.827347 32.396080 0.012554 0.004609 G073
130.179886 32.367409 0.011878 0.004336 G074
130.656494 32.343513 0.012222 0.004511 G075
130.986389 32.292397 0.012336 0.004609 G076
131.521149 33.514332 0.018150 0.005537 G077
131.291672 33.383755 0.017103 0.005340 G078
131.748413 33.096195 0.016529 0.005478 G079
132.039047 32.936356 0.016190 0.005535 G080
131.441528 32.898895 0.015186 0.005191 G081
131.629227 32.852222 0.015232 0.005260 G082
131.364700 32.527931 0.013566 0.004918 G083
131.583023 32.316231 0.012942 0.004854 G084
131.347488 32.111889 0.011987 0.004614 G085
131.254456 32.001804 0.011535 0.004501 G086
130.976959 31.877796 0.010947 0.004327 G087
131.470062 31.785973 0.010931 0.004393 G088
130.735672 31.743780 0.010396 0.004166 G089
130.998306 31.564604 0.009997 0.004107 G090
130.340057 31.450253 0.009389 0.003878 G091
130.540588 31.377237 0.009280 0.003876 G092
130.867111 31.242748 0.009039 0.003845 G093
127.993683 26.386345 0.002501 0.001406 G094
127.760361 26.312714 0.002483 0.001398 G095
127.677628 26.194576 0.002423 0.001367 G096
153.978653 24.290094 -0.004454 0.005400 G098
137.550842 36.114304 0.138333 0.011505 G099
138.727310 35.360771 0.139839 0.014923 G100
140.858307 43.209526 0.038537 -0.044655 G101
139.489197 42.078789 0.092158 -0.081324 G102
140.859207 40.897495 0.240502 -0.203680 G103
139.703461 39.942116 0.423774 -0.223902 G104
139.545959 38.563339 0.642058 -0.154810 G105
140.249451 35.129383 0.223090 -0.049210 G107
139.615540 35.160152 0.158166 -0.003650 G108
138.281250 37.814758 0.301072 -0.030595 G109
138.508514 37.356544 0.305886 -0.019818 G110
136.900330 37.405727 0.158824 -0.004733 G111
136.148849 36.254585 0.094469 0.008909 G112
139.132965 34.895485 0.113390 0.009117 G113
138.764206 34.806900 0.096863 0.012069 G114
138.327408 34.870670 0.090929 0.013926 G115
136.823837 34.903965 0.066362 0.013318 G116
135.191544 34.144146 0.035716 0.009531 G117
134.315933 35.593685 0.049813 0.007967 G118
131.604645 34.627590 0.024287 0.005646 G119
133.243500 33.333500 0.020643 0.006601 G120
129.849289 33.473080 0.015041 0.004514 G121
134.178116 33.266125 0.022146 0.007135 G122
130.191071 32.017410 0.010854 0.004165 G123
127.824677 26.179472 0.002397 0.001352 G124
132.982178 32.869484 0.017181 0.005962 G125
132.810654 32.762100 0.016333 0.005767 G126
137.814484 35.777534 0.130696 0.014012 G127
136.728745 35.405132 0.081316 0.013245 G128
136.431931 34.603333 0.053452 0.012194 G129
135.589935 33.747604 0.031753 0.009198 G130
133.940872 33.722511 0.025602 0.007560 G131
133.043228 33.545834 0.021683 0.006648 G132
132.488770 33.039463 0.017410 0.005865 G133
132.922653 33.391029 0.020348 0.006434 G134
133.699570 35.490398 0.042694 0.007222 G135
137.636871 34.702118 0.070513 0.013614 G136
131.384033 33.078835 0.015889 0.005259 G137
137.595978 36.576969 0.166177 0.006220 G138
136.540482 34.285072 0.046695 0.011565 G139
136.081070 20.425549 -0.000121 -0.000631 G140
132.961685 33.103912 0.018576 0.006195 G141
132.675827 32.927689 0.017073 0.005867 G142
136.295578 34.930733 0.060313 0.012412 G143
138.794662 34.970566 0.109196 0.012795 G144
141.283188 38.901936 1.120575 -0.360258 G145
135.426102 34.085499 0.036077 0.009741 G146
131.835007 34.043789 0.021682 0.005902 G147
136.728226 34.490002 0.053291 0.012323 G148
136.693192 34.296612 0.048077 0.011742 G149
140.898788 42.557934 0.060914 -0.065061 G150
132.650330 34.492138 0.027328 0.006648 G151
133.924103 33.622295 0.024640 0.007431 G152
134.114166 33.774574 0.026663 0.007782 G153
135.305313 33.769405 0.030955 0.008971 G154
135.970596 33.660805 0.031856 0.009280 G155
136.024353 33.820427 0.034647 0.009773 G156
132.339813 34.397049 0.025469 0.006354 G157
136.772705 37.000721 0.139717 0.001948 G158
141.054657 39.362015 0.918637 -0.397324 G159
137.723373 34.672314 0.070538 0.013513 G160
137.442459 34.680382 0.067012 0.013470 G161
139.533829 38.511196 0.639283 -0.147752 G162
139.276184 36.602337 0.348899 -0.023350 G163
132.268814 34.575432 0.026408 0.006260 G164
141.685333 45.407822 0.008597 -0.011732 G201
144.285797 44.019413 0.006477 -0.003223 G202
144.371399 42.975571 0.010690 -0.006391 G203
140.724533 41.781658 0.112449 -0.106292 G204
139.824921 34.918789 0.149349 -0.009706 G206
137.224579 36.762173 0.153603 0.004451 G207
135.773193 33.475948 0.028517 0.008633 G208
132.066208 34.897312 0.027716 0.005938 G209
129.866196 32.735119 0.012695 0.004353 G210
131.409302 31.576969 0.010217 0.004207 G211
127.665207 26.213327 0.002435 0.001373 G212
142.194611 27.093943 -0.001246 -0.000342 G213
144.869995 13.590000 -0.000327 0.000345 GUAM
144.800003 13.430000 -0.000320 0.000327 GUUG
139.542297 36.295162 0.336883 -0.024683 I001
140.174271 36.263268 0.368468 -0.104141 I002
139.810532 36.203671 0.337928 -0.043066 I003
140.544479 36.181309 0.460413 -0.186488 I004
139.345169 36.120953 0.288150 -0.005707 I005
140.343155 36.096935 0.394127 -0.137914 I006
139.636719 36.087227 0.307902 -0.020451 I007
139.799927 36.010895 0.302922 -0.031640 I008
140.659241 35.955456 0.468038 -0.183738 I009
140.402954 35.970409 0.400115 -0.142849 I010
139.464279 35.925503 0.265644 -0.002889 I011
139.992722 35.940292 0.304693 -0.054746 I012
139.651855 35.937469 0.280862 -0.014551 I013
140.145493 35.873650 0.318586 -0.079593 I014
140.407013 35.803329 0.372721 -0.127751 I015
139.812805 35.780212 0.260763 -0.024030 I016
140.024750 35.786465 0.282918 -0.053609 I018
139.488266 35.710369 0.228877 0.001584 I019
140.315140 35.717453 0.331214 -0.102866 I020
140.646820 35.777302 0.417019 -0.166588 I021
140.837234 35.726357 0.460679 -0.187288 I022
139.902359 35.675465 0.249312 -0.032408 I023
140.448303 35.642353 0.344150 -0.121242 I024
140.186569 35.544144 0.268718 -0.070215 I025
139.673355 35.563404 0.214330 -0.007923 I026
140.318237 35.530117 0.292305 -0.090252 I027
139.467834 35.521408 0.196706 0.003779 I028
139.322571 35.482639 0.183405 0.008520 I029
140.051331 35.447784 0.231033 -0.046527 I030
139.045181 35.415352 0.160477 0.013071 I031
139.653748 35.436485 0.193970 -0.006244 I032
140.337372 35.421127 0.276168 -0.085256 I033
139.466064 35.326683 0.169627 0.003232 I034
139.262695 35.304901 0.157646 0.009158 I035
139.825516 35.311703 0.189216 -0.018709 I036
140.146790 35.333141 0.229289 -0.053089 I037
138.881653 35.321602 0.142747 0.014089 I038
139.843567 35.143711 0.172262 -0.016733 I039
140.268021 35.165901 0.230253 -0.054335 I041
139.110443 35.148605 0.134772 0.010849 I042
138.901855 35.110016 0.123776 0.012857 I043
140.079269 35.111862 0.194599 -0.033022 I044
139.954346 35.254807 0.194667 -0.028837 I045
138.997925 35.014828 0.118836 0.011393 I046
139.864075 34.954082 0.155877 -0.012494 I047
139.131165 34.939308 0.116865 0.009341 I048
138.924820 34.916115 0.108783 0.011519 I049
137.672333 34.835331 0.076610 0.014071 I050
139.381393 34.784420 0.113189 0.004876 I051
138.017532 34.785950 0.080306 0.013883 I052
138.989822 34.751350 0.098645 0.010111 I053
139.433212 34.686787 0.107682 0.004281 I055
139.257904 34.371826 0.080689 0.006990 I057
139.134460 34.200478 0.068380 0.007581 I058
139.503845 34.121067 0.070824 0.005798 I059
139.547150 34.059113 0.067885 0.005707 I060
139.013687 34.921822 0.111811 0.010694 I061
139.124359 34.878475 0.111785 0.009161 I062
139.268127 35.723759 0.216328 0.008456 I063
138.975861 35.623348 0.181881 0.013398 I064
139.157227 35.610275 0.191857 0.011535 I065
139.204865 35.428520 0.170080 0.010916 I066
139.664841 35.267094 0.172818 -0.006716 I067
139.049332 35.245514 0.142046 0.012248 I068
138.445251 35.443581 0.134732 0.015443 I069
138.814041 35.496590 0.157643 0.014705 I070
138.563431 35.362080 0.132936 0.015301 I071
138.770676 35.305538 0.136509 0.014609 I072
138.445694 35.289463 0.122431 0.015315 I073
138.253510 35.200977 0.109606 0.015218 I074
138.616989 35.203182 0.121771 0.014763 I075
138.721542 35.173592 0.122992 0.014275 I076
138.524704 35.067406 0.108545 0.014428 I077
138.368698 35.103458 0.106517 0.014849 I078
138.134903 35.103912 0.100077 0.014979 I079
138.378296 34.990524 0.099400 0.014382 I081
137.695236 35.079292 0.088180 0.014713 I084
138.786057 34.776073 0.095349 0.011775 I085
138.838425 34.610001 0.086066 0.010640 I086
138.074860 34.939796 0.089311 0.014455 I088
137.932144 34.843857 0.081565 0.014138 I089
137.817947 34.941345 0.084084 0.014451 I090
138.136917 34.757755 0.081045 0.013668 I091
138.225601 34.738308 0.081653 0.013469 I092
138.053543 34.715252 0.077519 0.013559 I093
138.129288 34.642902 0.075306 0.013153 I094
137.937439 34.670422 0.073605 0.013446 I095
137.911270 34.755394 0.077032 0.013805 I096
137.791794 34.792835 0.076740 0.013958 I097
137.823425 34.671883 0.071964 0.013497 I098
137.575485 34.937675 0.079352 0.014300 I099
137.434006 34.864815 0.073945 0.014001 I102
137.554337 34.808727 0.073590 0.013931 I103
137.514938 34.718052 0.069416 0.013627 I104
139.171036 35.040627 0.126908 0.009261 I105
139.797241 33.119949 0.024945 0.001208 I113
104.316177 52.219021 0.002489 -0.000370 IRKJ
104.316238 52.219025 0.002489 -0.000370 IRKM
104.316002 52.219002 0.002489 -0.000370 IRKT
141.750443 45.402992 0.008453 -0.011501 J001
143.224182 44.433685 0.008416 -0.008911 J002
141.756317 44.397949 0.014450 -0.019002 J003
144.675842 43.915691 0.005526 -0.000931 J004
144.449005 43.507858 0.007500 -0.003277 J005
142.482483 43.589657 0.018921 -0.023193 J007
141.510376 43.854012 0.021644 -0.027472 J008
145.129623 43.070080 0.005364 0.001731 J009
144.431931 42.963261 0.010287 -0.005649 J010
143.459229 43.028625 0.018566 -0.019691 J011
142.401978 42.980515 0.030974 -0.036528 J012
141.030914 43.177853 0.038123 -0.044456 J013
141.730667 42.983253 0.037692 -0.044190 J014
143.331009 42.321594 0.038668 -0.043721 J015
142.364609 42.356903 0.055346 -0.060142 J016
139.857666 42.450733 0.071869 -0.069748 J017
140.942413 42.374214 0.069655 -0.072610 J018
143.156525 42.005856 0.061827 -0.070181 J019
139.519592 42.153545 0.087854 -0.078716 J020
140.107330 42.008076 0.096407 -0.089904 J021
140.747833 41.826073 0.108462 -0.103293 J022
140.040649 41.466377 0.143271 -0.122064 J023
141.213272 41.300774 0.168848 -0.149552 J024
140.272980 40.778984 0.255667 -0.198267 J026
141.789093 40.133450 0.639328 -0.327817 J027
141.939957 39.572384 1.112611 -0.304489 J028
141.203918 39.110626 1.050744 -0.366939 J029
139.776154 39.967903 0.429447 -0.232440 J030
140.048233 39.398697 0.678320 -0.289893 J031
139.808853 38.894604 0.708687 -0.223865 J032
140.318741 38.758595 0.893331 -0.298036 J033
140.366089 38.331028 0.890717 -0.251066 J035
141.441162 38.449196 0.917227 -0.464622 J036
140.954178 38.317486 0.929953 -0.401236 J037
140.908081 37.800671 0.906526 -0.388541 J038
139.791504 37.643696 0.611931 -0.081621 J040
140.902512 37.090714 0.593288 -0.343959 J041
140.611832 36.539928 0.499976 -0.194506 J042
139.726425 36.401848 0.368394 -0.045001 J043
138.906265 36.697025 0.304911 -0.011853 J044
138.865402 36.259033 0.251432 0.002287 J045
137.851120 36.499767 0.178515 0.006547 J046
137.943802 35.923580 0.146373 0.013111 J047
138.583298 35.590336 0.154566 0.015035 J048
139.509567 38.230690 0.624985 -0.113296 J049
138.988861 37.896469 0.439964 -0.054836 J050
138.574402 37.397678 0.318880 -0.022436 J051
137.487228 36.928959 0.177094 0.001129 J052
136.889160 37.382374 0.157518 -0.004278 J053
136.649933 36.663410 0.123271 0.006070 J054
136.172974 36.231174 0.094452 0.009090 J055
136.105804 35.602562 0.075396 0.011530 J056
135.233383 35.549904 0.060256 0.009738 J057
137.347916 36.135994 0.130306 0.011245 J058
137.248367 35.800484 0.110468 0.013200 J059
136.900024 35.526073 0.089345 0.013407 J060
137.467575 35.396767 0.097949 0.014609 J061
136.158234 35.094727 0.062786 0.012200 J062
137.041290 35.128109 0.077380 0.013912 J063
136.502289 34.758999 0.058194 0.012580 J064
136.851135 34.465389 0.053737 0.012381 J065
136.198364 34.060658 0.039808 0.010597 J066
135.500977 34.837997 0.049649 0.010794 J067
135.851410 34.392300 0.044005 0.010909 J068
135.221497 34.157684 0.036077 0.009593 J069
135.764420 33.483360 0.028594 0.008649 J070
134.550385 34.784813 0.040753 0.009067 J071
133.058655 35.433876 0.037247 0.006497 J074
132.208969 35.002811 0.029059 0.006009 J075
131.610367 34.616493 0.024244 0.005655 J076
133.527985 34.548798 0.031766 0.007614 J077
132.575439 34.340355 0.025933 0.006579 J078
130.913635 33.996555 0.019110 0.005204 J079
134.023911 34.286026 0.031539 0.008141 J080
134.626022 33.926857 0.030205 0.008509 J081
134.122131 33.315895 0.022452 0.007174 J082
133.578262 33.529148 0.022902 0.007045 J083
133.241791 33.272900 0.020216 0.006538 J084
132.966415 32.755737 0.016498 0.005830 J085
132.281174 33.469009 0.019463 0.006040 J086
130.476776 33.730721 0.017063 0.004903 J087
131.691376 33.461544 0.018223 0.005631 J088
130.967819 33.331085 0.016313 0.005122 J089
131.876373 32.924587 0.015902 0.005439 J090
129.850296 33.476070 0.015052 0.004515 J091
130.645599 32.546410 0.012897 0.004615 J093
131.632324 32.445446 0.013504 0.004973 J094
131.469681 32.021755 0.011751 0.004584 J095
130.190140 32.013245 0.010841 0.004162 J096
130.466446 31.503769 0.009585 0.003941 J097
130.299484 31.264591 0.008901 0.003754 J098
131.087540 31.258533 0.009152 0.003894 J099
127.768921 26.144814 0.002383 0.001345 J100
142.169739 45.335827 0.007677 -0.010116 J101
141.038208 45.275967 0.010988 -0.015021 J102
142.537094 45.002399 0.008035 -0.010061 J103
141.741394 44.892460 0.011013 -0.014808 J104
142.265244 44.728497 0.010182 -0.013167 J105
141.330063 44.427048 0.016065 -0.021168 J106
142.625595 44.294567 0.011456 -0.014038 J107
144.029770 44.063873 0.007181 -0.004865 J108
145.186096 44.019184 0.004046 0.001560 J109
142.151688 44.006779 0.016140 -0.020527 J110
143.333694 44.005619 0.010192 -0.010619 J111
143.926941 42.894516 0.015531 -0.014043 J112
144.986969 43.549397 0.005184 0.000726 J113
143.787262 43.848896 0.009018 -0.007689 J114
145.131439 43.661823 0.004541 0.001483 J115
144.774323 43.408688 0.006342 -0.000789 J116
141.431183 43.404678 0.029811 -0.036282 J117
145.114960 43.382526 0.004957 0.001512 J118
145.801132 43.366852 0.002426 0.004234 J119
140.597076 43.292583 0.038171 -0.043895 J120
143.562424 43.289471 0.014397 -0.014577 J121
144.325027 43.232933 0.009438 -0.005525 J122
143.298019 43.231995 0.017242 -0.018885 J123
144.126526 43.120609 0.011561 -0.008670 J124
144.843018 43.057594 0.007013 -0.000632 J125
140.499176 43.056828 0.045260 -0.050264 J126
140.543945 42.985252 0.047183 -0.052111 J127
141.290329 42.971378 0.041988 -0.048377 J128
140.883347 42.857887 0.049025 -0.054493 J129
140.603516 42.802719 0.053037 -0.057477 J130
140.233200 42.786434 0.055970 -0.058823 J131
141.863983 42.729443 0.044759 -0.050902 J132
142.295807 42.727238 0.039857 -0.045652 J133
143.103256 42.699268 0.029807 -0.033527 J134
141.074951 42.667877 0.054731 -0.059925 J135
141.602264 42.655529 0.050402 -0.056278 J136
140.825684 42.646290 0.057603 -0.062026 J137
143.461151 42.551647 0.028254 -0.031004 J138
141.361481 42.549801 0.057351 -0.062496 J139
140.354202 42.494362 0.067528 -0.068925 J140
142.060226 42.481281 0.053055 -0.058333 J141
142.567459 42.247726 0.058491 -0.063113 J142
140.250488 42.243679 0.081121 -0.079273 J143
142.935394 42.130936 0.058642 -0.064549 J144
140.003952 42.130848 0.088663 -0.083360 J145
140.568863 42.098606 0.088590 -0.086859 J146
140.805542 42.042969 0.091142 -0.089842 J147
140.315887 41.599026 0.130394 -0.116706 J149
140.880508 41.455299 0.146688 -0.133300 J150
140.635895 41.043221 0.208390 -0.177308 J151
141.367966 40.968243 0.232428 -0.192576 J152
141.197830 40.625069 0.319440 -0.258020 J153
139.928116 40.577644 0.285040 -0.197817 J154
140.578140 40.523655 0.337227 -0.258710 J155
141.511276 40.515358 0.372943 -0.269647 J156
141.076477 40.291077 0.447539 -0.335759 J157
141.713135 40.405201 0.447948 -0.277977 J158
141.293686 40.291149 0.456307 -0.331789 J159
141.461945 40.048599 0.621704 -0.372765 J160
141.225067 39.980576 0.625308 -0.396777 J161
141.950546 39.869370 0.903087 -0.322627 J162
141.164856 39.851246 0.697018 -0.414041 J163
141.803848 39.849174 0.902317 -0.371806 J164
140.964508 39.701092 0.757227 -0.423016 J165
141.172104 39.596573 0.849574 -0.416712 J166
141.955261 39.458160 1.153557 -0.282773 J167
141.534164 39.338055 1.224389 -0.395813 J169
141.798035 39.253517 1.263177 -0.346915 J170
141.739853 39.023781 1.235248 -0.346220 J171
141.572586 38.902859 1.230564 -0.359156 J172
140.990585 38.815342 0.932093 -0.336194 J173
140.801636 38.748936 0.897384 -0.331792 J174
141.449371 38.682697 1.078612 -0.356125 J175
141.147537 38.539482 0.986205 -0.385785 J176
140.851364 38.411758 0.878674 -0.350568 J177
140.642853 38.205742 0.855985 -0.294395 J178
140.843994 38.029659 0.910049 -0.379027 J179
140.442581 37.989929 0.806023 -0.205746 J180
140.577347 40.325047 0.409048 -0.296137 J181
140.263657 40.271156 0.401289 -0.269051 J182
140.787338 40.215439 0.470646 -0.338489 J183
140.048676 40.247295 0.385013 -0.245450 J184
140.401993 40.006878 0.525326 -0.325191 J185
140.132370 39.936054 0.506554 -0.288575 J186
140.597046 39.749161 0.683484 -0.384510 J187
140.234207 39.658310 0.640994 -0.323856 J188
140.386627 39.549294 0.727626 -0.354547 J189
140.559784 39.327003 0.853049 -0.373350 J190
139.907715 39.206062 0.683187 -0.258658 J191
140.161987 39.164211 0.783575 -0.301017 J192
140.629593 39.051903 0.913711 -0.351318 J193
139.547653 39.185562 0.566704 -0.200973 J194
139.957367 38.759720 0.784198 -0.237630 J195
139.831772 38.594036 0.751952 -0.199040 J196
139.742249 38.146175 0.703665 -0.124756 J197
140.093521 37.963608 0.771430 -0.136697 J198
140.077576 38.197544 0.824865 -0.175046 J199
140.466492 37.683308 0.686899 -0.189190 J200
140.755081 37.560555 0.695653 -0.297872 J201
140.072678 37.566948 0.634464 -0.106909 J202
141.006607 37.533691 0.732704 -0.373371 J203
139.528625 37.473461 0.516587 -0.059996 J204
140.662109 37.325470 0.605170 -0.256421 J205
139.364349 37.302799 0.454625 -0.047333 J206
139.503769 37.281490 0.479092 -0.055056 J207
139.871429 37.261070 0.533918 -0.083925 J209
140.259933 37.126293 0.520942 -0.131146 J210
140.561646 37.089294 0.553737 -0.200402 J211
140.413269 36.862091 0.481212 -0.145608 J212
140.293427 36.650566 0.424443 -0.124321 J213
140.753906 36.800308 0.577223 -0.242621 J214
140.077942 36.364914 0.371328 -0.088088 J215
140.476334 36.344368 0.442672 -0.172987 J216
140.039261 36.854233 0.456206 -0.092951 J217
139.619247 36.665985 0.402954 -0.048044 J218
139.923462 36.598946 0.407109 -0.073537 J219
139.224899 36.769691 0.361892 -0.026706 J220
138.552719 36.507996 0.241441 0.000832 J221
139.330383 36.421627 0.332084 -0.018556 J222
139.075684 35.986893 0.239368 0.006378 J223
139.795990 35.895969 0.281256 -0.026053 J224
140.048096 35.657207 0.264130 -0.053001 J225
140.384903 35.243244 0.261897 -0.075923 J226
139.974884 35.002792 0.171284 -0.020176 J227
139.630646 35.663696 0.228872 -0.005696 J228
139.162598 35.336208 0.156820 0.011220 J229
139.142410 35.268600 0.148342 0.011144 J230
139.253342 38.465393 0.541750 -0.114353 J231
138.513092 38.319347 0.356284 -0.060044 J232
138.471680 38.063278 0.342090 -0.045857 J233
139.351471 37.929382 0.541917 -0.073379 J234
138.273071 37.815903 0.299939 -0.030466 J235
139.477890 37.685905 0.541805 -0.064501 J236
138.780502 37.667522 0.375919 -0.036980 J237
139.059113 37.662296 0.434007 -0.045624 J238
138.998016 37.467720 0.400127 -0.036276 J239
138.789978 37.311314 0.346423 -0.025157 J240
138.333572 37.231121 0.273231 -0.013167 J241
138.933716 37.166035 0.356879 -0.025536 J242
138.100189 37.160789 0.241709 -0.008175 J243
138.608719 37.079132 0.298195 -0.014349 J244
137.873840 37.045174 0.212978 -0.003361 J245
138.830841 36.993458 0.323207 -0.017764 J246
138.198669 36.865402 0.232436 -0.002620 J247
136.996124 36.740620 0.141055 0.005050 J248
137.195190 36.634335 0.146476 0.006165 J249
137.439896 36.578705 0.157006 0.006530 J250
136.920563 36.401878 0.124436 0.008712 J251
136.919266 37.850494 0.170859 -0.013410 J252
137.270050 37.446026 0.183374 -0.007499 J253
136.388947 36.394455 0.105487 0.008292 J255
136.633942 36.165291 0.105572 0.010232 J256
136.278946 36.145618 0.094780 0.009769 J257
136.504929 35.984909 0.095742 0.011030 J258
135.989761 35.945004 0.082242 0.010185 J259
136.197388 35.792782 0.082514 0.011192 J260
135.907639 35.534409 0.070149 0.011230 J261
135.608887 35.462715 0.063806 0.010693 J262
138.316391 35.855980 0.162703 0.013500 J263
138.695129 35.746876 0.177321 0.013799 J264
138.436172 36.801708 0.253387 -0.004291 J265
137.872330 36.706470 0.192885 0.003112 J266
138.247467 36.665154 0.222754 0.001061 J267
138.322525 36.386177 0.207859 0.005854 J268
138.637802 36.346012 0.235314 0.003501 J269
137.902817 36.322372 0.170657 0.008888 J270
138.216492 36.208466 0.184713 0.009443 J271
138.460968 36.130638 0.197667 0.009498 J272
137.983017 36.121109 0.162189 0.011191 J273
137.696259 35.783619 0.126057 0.013869 J274
138.038315 35.556129 0.125843 0.015101 J275
137.815231 35.521091 0.115196 0.014937 J276
137.925278 35.317142 0.106785 0.015221 J277
137.587662 35.246998 0.093804 0.014802 J278
137.147171 36.335510 0.131020 0.009421 J279
136.952759 36.033047 0.110786 0.011533 J280
137.534866 35.973457 0.129923 0.012585 J281
136.863174 35.866940 0.101435 0.012251 J282
136.975296 35.757782 0.100318 0.012904 J283
137.424774 35.657188 0.109375 0.014025 J284
136.488770 35.636154 0.084002 0.012295 J285
136.611389 35.632896 0.086581 0.012567 J286
137.174149 35.612087 0.099782 0.013734 J287
136.687286 35.488323 0.083316 0.013039 J288
137.124695 35.478699 0.092832 0.013923 J289
136.549744 35.371708 0.076802 0.012906 J291
137.110229 35.367371 0.087951 0.014026 J292
137.405609 35.261967 0.090175 0.014552 J293
136.593445 35.227905 0.073050 0.013092 J294
137.980408 35.031517 0.092141 0.014761 J295
138.515671 34.986496 0.102696 0.014071 J296
138.922256 34.865589 0.104964 0.011265 J297
136.929977 35.334759 0.082864 0.013712 J298
136.828827 35.190105 0.075829 0.013557 J299
137.253555 35.138752 0.081729 0.014256 J300
137.313171 35.039463 0.078856 0.014224 J301
137.059784 34.994991 0.072882 0.013807 J302
137.299942 34.919746 0.073942 0.013994 J303
136.867645 34.823357 0.064413 0.013253 J304
137.119003 34.794872 0.066782 0.013518 J305
137.277832 34.648663 0.063811 0.013272 J306
137.068069 34.609238 0.060107 0.012989 J307
136.636505 34.913803 0.064156 0.013021 J309
136.183456 34.742874 0.054387 0.012009 J310
136.550659 34.547047 0.053150 0.012244 J311
136.334259 34.433140 0.048538 0.011695 J312
136.820618 34.253441 0.047934 0.011707 J314
136.085907 33.875137 0.035850 0.009978 J315
136.010895 33.741272 0.033285 0.009538 J316
136.197952 35.557331 0.075853 0.011836 J317
136.053665 35.466286 0.070852 0.011681 J318
135.913208 35.351254 0.065731 0.011523 J319
136.062820 35.318974 0.067179 0.011891 J320
136.235611 35.269440 0.068519 0.012313 J321
135.870804 35.137039 0.060055 0.011581 J322
136.145035 34.986385 0.059883 0.012147 J323
135.906158 34.939602 0.055965 0.011643 J324
136.054825 34.869328 0.056004 0.011897 J326
135.173218 35.752354 0.063233 0.009155 J327
134.932281 35.555683 0.056390 0.009128 J328
135.164032 35.292336 0.054567 0.009975 J329
135.366898 35.163788 0.054509 0.010498 J331
135.564514 35.077583 0.055057 0.010947 J332
135.665436 34.988571 0.054349 0.011163 J333
135.864151 34.746971 0.051304 0.011427 J334
135.685455 34.777840 0.050230 0.011114 J335
135.518494 34.677906 0.046788 0.010723 J336
135.481339 34.527309 0.043755 0.010506 J337
135.627335 34.479107 0.043988 0.010689 J338
135.586945 34.424809 0.042709 0.010546 J339
135.364151 34.406452 0.040844 0.010164 J340
134.582489 35.436749 0.050423 0.008680 J341
134.818497 35.314899 0.051071 0.009273 J342
135.181900 35.105286 0.051388 0.010154 J343
134.585953 35.094456 0.045417 0.009042 J344
134.972595 35.090786 0.049001 0.009752 J345
134.403778 34.997593 0.042514 0.008784 J346
134.767303 34.984684 0.045397 0.009414 J347
135.325989 34.976788 0.050538 0.010475 J348
135.176422 34.944794 0.048499 0.010184 J349
134.545242 34.897266 0.042270 0.009051 J350
135.215912 34.812187 0.046562 0.010241 J351
134.997238 34.804916 0.044565 0.009838 J352
135.341782 34.790905 0.047306 0.010469 J353
134.828781 34.786961 0.042917 0.009537 J354
135.380386 34.724251 0.046449 0.010504 J355
135.172287 34.686989 0.044077 0.010105 J356
134.519562 34.669880 0.038978 0.009001 J357
134.965698 34.669739 0.042191 0.009735 J358
135.024078 34.577053 0.041192 0.009778 J359
134.860977 34.493320 0.038822 0.009452 J360
134.881531 34.349770 0.036911 0.009356 J361
134.735184 34.334332 0.035845 0.009127 J362
134.736542 34.223671 0.034392 0.009016 J363
136.050385 34.567032 0.049146 0.011524 J364
135.731003 34.539223 0.045922 0.010946 J365
135.704178 34.388302 0.042879 0.010674 J366
135.963745 34.038166 0.038129 0.010292 J367
135.357956 34.256138 0.038368 0.009940 J368
135.065979 34.271461 0.036876 0.009536 J369
135.590118 34.221828 0.039203 0.010215 J370
135.384857 33.961674 0.034007 0.009451 J371
135.180084 33.913853 0.032401 0.009121 J372
135.782089 33.815201 0.033545 0.009544 J373
135.508392 33.785488 0.031981 0.009209 J374
135.396179 33.744274 0.030962 0.009006 J375
135.920715 33.583912 0.030515 0.009027 J376
135.599197 33.505619 0.028413 0.008601 J377
134.046677 35.456753 0.045365 0.007771 J378
133.439072 35.345535 0.039116 0.007070 J379
134.237366 35.265862 0.044665 0.008311 J380
133.308533 35.164574 0.036434 0.007090 J381
133.239883 36.285290 0.046450 0.004958 J382
132.984375 36.093208 0.042428 0.005226 J383
132.743210 35.392616 0.034834 0.006198 J384
132.995422 35.195614 0.034738 0.006687 J385
132.507324 35.185955 0.031861 0.006164 J386
132.720505 35.019772 0.031716 0.006520 J387
131.923141 34.767345 0.026298 0.005871 J388
133.792480 35.263538 0.040925 0.007640 J389
134.319641 35.099640 0.043187 0.008588 J390
134.234772 35.020882 0.041477 0.008500 J391
133.734497 35.002960 0.037625 0.007770 J392
133.960861 34.982544 0.038967 0.008103 J393
133.598083 34.809692 0.034733 0.007671 J394
133.929047 34.791386 0.036567 0.008123 J395
134.165756 34.657722 0.036512 0.008466 J396
133.796738 34.438568 0.032022 0.007925 J397
133.120224 34.943451 0.033251 0.007020 J398
132.277328 34.726898 0.027472 0.006221 J399
132.540237 34.678814 0.028248 0.006498 J400
133.107529 34.672451 0.030807 0.007109 J401
132.824005 34.571301 0.028662 0.006817 J402
132.463470 34.539158 0.026922 0.006455 J403
133.009796 34.378685 0.027908 0.007017 J405
131.416550 34.439861 0.022638 0.005542 J407
130.943146 34.294609 0.020553 0.005204 J408
131.562790 34.283737 0.022240 0.005685 J409
131.953293 34.259083 0.023289 0.006012 J410
131.346085 34.189491 0.021126 0.005519 J411
131.530823 34.057240 0.020935 0.005662 J412
131.286041 33.977715 0.019908 0.005472 J413
132.104446 33.975067 0.022026 0.006110 J414
134.351974 34.096989 0.030983 0.008391 J415
134.560135 34.059906 0.031491 0.008602 J416
134.049179 34.051498 0.029196 0.007999 J417
134.230225 34.038418 0.029810 0.008191 J418
133.681290 33.936672 0.026689 0.007516 J419
134.389099 33.878933 0.028725 0.008186 J420
134.058197 33.877514 0.027479 0.007841 J421
134.667801 33.830242 0.029247 0.008415 J422
134.533005 33.725090 0.027582 0.008121 J423
134.372025 33.618500 0.025946 0.007814 J424
134.314209 34.472374 0.035180 0.008623 J425
134.241974 34.254578 0.032249 0.008393 J426
133.715057 34.217396 0.029442 0.007738 J427
133.647522 34.068073 0.027761 0.007576 J428
133.925507 34.164169 0.029823 0.007946 J429
132.990234 34.077888 0.025458 0.006923 J430
133.538239 33.938660 0.026206 0.007377 J431
133.201309 33.921204 0.024936 0.007045 J432
132.911636 33.796497 0.023120 0.006716 J433
132.683975 33.722599 0.021988 0.006486 J434
132.937881 33.569225 0.021589 0.006586 J435
132.693405 33.446766 0.020213 0.006316 J436
132.561829 32.963905 0.017105 0.005840 J437
133.655777 33.766975 0.025104 0.007346 J438
133.805023 33.654152 0.024574 0.007365 J439
134.106903 33.603786 0.025006 0.007564 J440
134.280807 33.527760 0.024787 0.007604 J441
133.903641 33.505737 0.023557 0.007273 J442
133.280914 33.468403 0.021699 0.006759 J443
134.007126 33.427795 0.023148 0.007251 J444
133.402985 33.407703 0.021535 0.006787 J445
132.792694 33.171646 0.018696 0.006158 J447
132.999237 32.991234 0.017941 0.006101 J448
132.703720 32.840607 0.016626 0.005797 J449
130.250824 33.536140 0.015912 0.004745 J450
130.521957 33.500378 0.016240 0.004899 J451
130.828751 33.465462 0.016635 0.005076 J452
130.564651 33.205875 0.015178 0.004850 J453
130.268723 33.274853 0.014991 0.004706 J454
130.094162 33.098476 0.014133 0.004570 J455
129.482056 34.655552 0.018323 0.004148 J456
129.311508 34.268208 0.016696 0.004175 J457
129.734726 33.742657 0.015759 0.004467 J458
129.537018 33.362202 0.014222 0.004340 J459
129.690659 33.063103 0.013500 0.004364 J460
130.271332 32.870686 0.013589 0.004586 J461
128.843109 32.669384 0.011493 0.003916 J462
130.154602 32.636913 0.012693 0.004443 J463
130.547729 32.933495 0.014149 0.004745 J464
130.764801 32.842098 0.014087 0.004815 J465
131.099304 32.740650 0.014105 0.004927 J466
129.987305 32.326241 0.011590 0.004243 J467
130.506836 32.299156 0.011948 0.004428 J468
130.802628 32.238674 0.011998 0.004505 J469
131.564163 33.671192 0.019019 0.005618 J470
131.168930 33.496235 0.017387 0.005299 J471
131.347275 33.254044 0.016611 0.005321 J472
131.798065 33.239437 0.017308 0.005591 J473
131.286087 33.009029 0.015443 0.005168 J474
131.587845 32.986858 0.015779 0.005322 J475
131.756836 32.704018 0.014736 0.005221 J476
131.327621 32.684834 0.014151 0.005004 J477
131.148865 32.456642 0.013076 0.004779 J478
131.185226 32.245857 0.012339 0.004653 J479
131.515854 32.170433 0.012329 0.004716 J480
131.078568 31.965048 0.011294 0.004419 J481
131.021515 31.740314 0.010541 0.004241 J482
131.368866 31.676546 0.010517 0.004280 J483
131.217392 31.469376 0.009806 0.004082 J484
130.597809 32.057503 0.011259 0.004323 J485
130.759674 31.855528 0.010745 0.004247 J486
129.795441 31.768684 0.009934 0.003915 J487
130.278152 31.717379 0.010070 0.004024 J488
130.836060 31.617376 0.010076 0.004106 J489
130.640366 31.235224 0.008945 0.003799 J490
130.723053 31.106205 0.008640 0.003723 J491
130.964218 30.530867 0.007302 0.003327 J492
130.638382 30.381721 0.006957 0.003206 J493
129.489029 28.399088 0.003982 0.002087 J494
128.432327 27.032185 0.002882 0.001596 J495
127.898453 26.694811 0.002710 0.001514 J496
131.227798 25.831211 0.001570 0.000717 J497
125.373795 24.753119 0.001932 0.001096 J498
122.942841 24.454168 0.001939 0.001079 J499
123.792038 24.426273 0.001898 0.001067 J500
141.167099 45.137711 0.011399 -0.015536 J501
142.964462 44.582043 0.008594 -0.009824 J502
143.615677 44.219723 0.008011 -0.007222 J503
143.076813 44.191944 0.010206 -0.011410 J504
144.293304 43.988789 0.006541 -0.003243 J505
142.577713 43.908405 0.014758 -0.018103 J506
144.115250 43.828079 0.007724 -0.005037 J507
142.409607 43.738522 0.017556 -0.021750 J508
141.873840 43.740841 0.020970 -0.026456 J509
142.903015 43.771412 0.014167 -0.016610 J510
143.578156 43.670502 0.011095 -0.010807 J511
145.258957 43.232105 0.004537 0.002429 J512
144.079620 43.438835 0.009735 -0.007141 J513
142.395340 43.336266 0.023458 -0.028497 J514
144.597656 43.307011 0.007522 -0.002455 J515
141.890930 43.248409 0.029496 -0.035733 J516
140.860611 43.209507 0.038521 -0.044643 J517
142.809723 43.165527 0.022768 -0.026741 J518
145.520493 43.195164 0.003424 0.003692 J519
141.540115 43.077587 0.036738 -0.043312 J520
143.170563 42.938862 0.023269 -0.026100 J521
141.577423 42.884430 0.042207 -0.048633 J522
141.407089 42.773190 0.047685 -0.053781 J523
140.767624 42.551380 0.062197 -0.065866 J525
140.876373 42.473904 0.065051 -0.068568 J526
139.446152 42.060505 0.093188 -0.081580 J527
140.666870 42.123142 0.086445 -0.085579 J528
140.715439 41.976688 0.096475 -0.093752 J529
140.071228 41.803028 0.111756 -0.100716 J530
144.719147 42.982571 0.008071 -0.002051 J531
143.315689 42.125587 0.048798 -0.056241 J532
141.447586 41.404705 0.155220 -0.137660 J533
140.490768 41.185078 0.183038 -0.156804 J534
140.821991 41.145546 0.191554 -0.167103 J535
141.131805 40.862362 0.251950 -0.211949 J537
140.589218 40.706276 0.283241 -0.226819 J538
141.376205 40.676399 0.308930 -0.243283 J539
140.478531 40.624344 0.302319 -0.233996 J540
140.803345 40.643566 0.306347 -0.248357 J541
140.451569 40.910175 0.231926 -0.189419 J542
141.066330 39.953079 0.626043 -0.403487 J543
140.769180 39.351299 0.879297 -0.394721 J544
141.575485 39.143089 1.303986 -0.389187 J546
141.675293 39.596127 1.108038 -0.396635 J547
140.847870 38.546215 0.878191 -0.337526 J548
141.212906 38.425056 1.021188 -0.452973 J549
141.500687 38.301186 0.826491 -0.621508 J550
139.848938 39.891136 0.465907 -0.246927 J551
140.044724 39.825809 0.529295 -0.281756 J552
140.732849 39.702682 0.729081 -0.406165 J553
140.506699 39.199097 0.874778 -0.355719 J554
139.927490 39.015972 0.731886 -0.251981 J555
140.365158 38.496769 0.903895 -0.277701 J556
140.271133 38.148098 0.850819 -0.196979 J557
140.205658 37.615952 0.658575 -0.126867 J559
140.372894 37.620731 0.661611 -0.162103 J560
140.135880 37.424507 0.594365 -0.115809 J561
139.586166 37.097248 0.464572 -0.057874 J563
139.461685 38.056183 0.592230 -0.090921 J564
138.369888 38.023685 0.323515 -0.041158 J565
138.706940 37.535831 0.351638 -0.030063 J566
138.516373 37.348541 0.306449 -0.019746 J567
139.020248 37.319870 0.388550 -0.032641 J568
138.242584 37.056683 0.250409 -0.007478 J569
137.893875 36.950871 0.209302 -0.001590 J570
139.073914 37.752064 0.446923 -0.050307 J571
137.369522 36.736958 0.160627 0.004504 J572
137.031891 36.649563 0.139146 0.006123 J573
137.138550 37.306969 0.169903 -0.004049 J574
136.718765 37.156746 0.141999 -0.000140 J575
136.996063 37.123158 0.155191 -0.000360 J576
136.755646 36.817478 0.132846 0.004314 J577
136.605331 36.370068 0.111722 0.008725 J578
136.184998 35.968887 0.087277 0.010480 J579
136.055984 35.836842 0.080762 0.010736 J580
140.497604 36.743027 0.482073 -0.162031 J581
139.987762 36.300705 0.359219 -0.071310 J582
139.931503 36.114815 0.328050 -0.053898 J583
140.202438 36.031338 0.352182 -0.100825 J584
140.164764 36.952305 0.478293 -0.110134 J585
139.805740 36.979580 0.472226 -0.073727 J586
139.854263 36.776371 0.438096 -0.072418 J587
140.157684 36.692455 0.423270 -0.103577 J588
139.490585 36.624172 0.381878 -0.036908 J589
140.179306 36.542217 0.399235 -0.106827 J590
138.591446 36.616318 0.255718 -0.002381 J591
139.066635 36.234669 0.272393 -0.001238 J592
138.912415 36.142754 0.242818 0.004765 J593
139.434021 34.761543 0.113464 0.003946 J594
139.358582 34.737614 0.108733 0.005372 J595
139.270935 34.519634 0.090469 0.006816 J596
139.210938 34.333122 0.077300 0.007314 J597
139.137573 34.239914 0.070571 0.007641 J598
139.478806 34.075783 0.067523 0.005913 J600
139.612854 33.884125 0.058473 0.005459 J601
139.764618 32.463501 0.010969 -0.001872 J602
142.162766 26.635151 -0.001114 -0.000324 J603
138.690384 35.649517 0.166708 0.014552 J606
139.025772 35.511868 0.171013 0.013355 J607
137.984543 36.239029 0.170468 0.009767 J608
137.871750 36.228371 0.162530 0.010136 J609
138.499283 36.284714 0.215391 0.006358 J610
137.682632 36.084663 0.143083 0.011770 J611
138.214478 36.026161 0.170065 0.011871 J612
138.583023 35.974148 0.192640 0.011389 J613
137.598267 35.880001 0.127480 0.013240 J614
137.983887 35.726292 0.134987 0.014410 J615
137.676392 35.343735 0.100996 0.014938 J616
136.904266 36.261467 0.118260 0.009891 J617
137.363022 36.285645 0.138394 0.009926 J618
137.200668 35.911633 0.113960 0.012585 J619
138.776520 34.855034 0.100419 0.012257 J620
138.928360 35.204395 0.133250 0.013192 J621
138.098282 34.679924 0.076568 0.013359 J622
138.182968 34.677753 0.077858 0.013245 J623
138.046524 34.666409 0.075109 0.013349 J624
138.159042 34.634541 0.075378 0.013075 J625
138.906891 35.047241 0.118621 0.012439 J626
140.086304 36.103634 0.339924 -0.079853 J627
138.939331 34.698906 0.093872 0.010318 J628
137.073563 35.239086 0.082145 0.014006 J629
136.965805 35.168423 0.077493 0.013802 J630
136.862747 34.984394 0.069497 0.013485 J631
136.831879 34.904385 0.066484 0.013332 J632
136.694244 35.050911 0.069114 0.013252 J633
136.393265 34.854900 0.059497 0.012522 J634
136.329758 34.648750 0.053585 0.012118 J635
136.628403 34.431442 0.050910 0.012057 J636
136.342926 34.208157 0.043649 0.011147 J637
136.264740 35.420357 0.073190 0.012223 J638
136.041199 35.085724 0.061025 0.011953 J639
135.034042 35.685078 0.059993 0.009051 J640
135.415833 35.482216 0.061454 0.010243 J641
135.549530 35.275860 0.058983 0.010800 J642
135.773300 35.053135 0.056962 0.011388 J643
135.772400 34.952641 0.054764 0.011375 J644
134.677383 35.621201 0.054312 0.008527 J645
134.728714 35.461262 0.052409 0.008907 J646
135.022034 35.237881 0.051998 0.009744 J647
134.771225 35.162743 0.048176 0.009328 J648
134.945038 34.936188 0.046218 0.009749 J649
135.528351 34.311840 0.040343 0.010280 J650
135.167740 34.025391 0.033890 0.009305 J652
135.496201 33.554413 0.028746 0.008649 J653
133.339691 35.436008 0.039277 0.006831 J654
134.325272 35.361443 0.046748 0.008344 J655
133.137894 35.563534 0.038983 0.006408 J656
132.457321 34.892658 0.029440 0.006323 J657
132.013565 34.571064 0.025414 0.006023 J658
131.864319 34.439720 0.024083 0.005919 J659
133.563995 35.169662 0.038217 0.007416 J660
133.396271 34.993362 0.035340 0.007328 J662
132.851578 34.811604 0.030714 0.006779 J663
133.337631 34.777790 0.032943 0.007353 J664
132.194656 34.370346 0.024779 0.006221 J665
132.455551 34.260921 0.024950 0.006461 J666
132.884384 34.210068 0.026098 0.006862 J667
131.152390 34.764347 0.023471 0.005219 J668
131.176163 34.342087 0.021423 0.005371 J669
131.065674 34.179771 0.020333 0.005308 J670
132.358337 33.909935 0.022329 0.006302 J672
134.605026 34.171810 0.033061 0.008785 J673
133.874985 34.039738 0.028379 0.007798 J674
134.301468 33.789532 0.027458 0.007983 J675
133.998672 34.445454 0.033133 0.008185 J676
133.780670 34.383400 0.031381 0.007888 J677
133.189102 34.252445 0.027590 0.007180 J678
132.781738 33.959473 0.023903 0.006684 J679
132.487259 33.611595 0.020781 0.006271 J680
132.543762 33.177589 0.018285 0.006011 J681
133.228470 33.326908 0.020565 0.006584 J683
133.128632 33.215431 0.019601 0.006407 J684
130.749557 33.745506 0.017659 0.005078 J685
131.016525 33.697403 0.017990 0.005247 J686
130.823883 33.640465 0.017360 0.005111 J687
130.701157 33.327225 0.015859 0.004963 J688
129.940094 33.196030 0.014250 0.004516 J689
129.690018 33.266121 0.014134 0.004403 J690
129.125504 33.255791 0.013356 0.004132 J691
129.026337 32.885628 0.012230 0.004034 J692
130.166428 32.795700 0.013217 0.004509 J693
130.335953 32.793015 0.013402 0.004587 J694
130.216660 32.712292 0.013001 0.004500 J695
130.352280 32.722572 0.013184 0.004566 J696
130.290710 32.660652 0.012912 0.004512 J697
128.619354 32.634274 0.011203 0.003825 J698
131.062897 33.121956 0.015591 0.005097 J699
130.748627 33.011292 0.014702 0.004880 J700
130.996216 32.870747 0.014486 0.004945 J701
130.794907 32.576725 0.013156 0.004696 J702
131.093430 32.950653 0.014932 0.005035 J703
131.132156 32.845001 0.014558 0.005001 J704
131.356644 33.537125 0.017935 0.005435 J705
131.588425 33.349854 0.017478 0.005514 J706
131.121140 33.270271 0.016308 0.005192 J707
131.579483 33.228428 0.016882 0.005450 J709
130.915741 33.190575 0.015649 0.005042 J710
131.530670 32.557049 0.013856 0.005011 J711
131.334015 32.384399 0.012981 0.004807 J712
131.486023 32.069107 0.011933 0.004626 J713
130.865631 32.047718 0.011419 0.004407 J714
131.306305 31.842098 0.011028 0.004395 J715
131.305862 31.399105 0.009629 0.004042 J716
130.179657 32.197075 0.011367 0.004253 J717
130.439651 31.908840 0.010705 0.004184 J718
130.651886 31.624098 0.010005 0.004065 J719
130.708542 31.591841 0.009941 0.004057 J720
130.637360 31.552221 0.009796 0.004014 J721
130.699402 31.496153 0.009668 0.003990 J722
130.274979 30.784655 0.007772 0.003445 J723
131.028595 30.753325 0.007828 0.003499 J724
130.198242 30.461390 0.007079 0.003232 J725
130.903229 30.398676 0.007007 0.003227 J726
130.424377 30.395756 0.006969 0.003205 J727
130.554550 30.236353 0.006657 0.003104 J728
129.705750 29.615330 0.005561 0.002711 J729
129.693573 28.487219 0.004055 0.002114 J730
130.028961 28.371132 0.003873 0.002022 J731
129.921677 28.293980 0.003804 0.001995 J732
129.320450 28.137583 0.003726 0.001977 J733
128.894470 27.816637 0.003469 0.001869 J734
128.650726 27.401239 0.003140 0.001719 J735
127.945053 26.944489 0.002876 0.001596 J736
128.248367 26.859344 0.002781 0.001547 J737
128.144028 26.708273 0.002690 0.001502 J738
127.231628 26.582876 0.002705 0.001510 J739
127.972397 26.482731 0.002564 0.001439 J740
127.832733 26.446926 0.002558 0.001437 J741
127.143646 26.372936 0.002583 0.001449 J742
126.739151 26.347830 0.002603 0.001455 J743
127.345245 26.178795 0.002450 0.001381 J744
127.826187 26.168608 0.002390 0.001349 J745
131.290680 25.953726 0.001618 0.000741 J746
125.170975 24.827959 0.001975 0.001118 J747
124.692444 24.641615 0.001932 0.001091 J748
124.301285 24.536625 0.001914 0.001079 J749
124.172653 24.338877 0.001849 0.001045 J750
123.795853 24.061501 0.001774 0.001003 J751
139.056732 36.539257 0.309083 -0.011719 J752
139.269333 36.003735 0.261432 0.001466 J753
139.182205 35.884048 0.234384 0.007091 J754
139.365967 35.800800 0.236190 0.004475 J755
140.249161 35.288383 0.240629 -0.062517 J756
139.369904 35.616428 0.206048 0.006942 J758
139.613846 35.160866 0.158135 -0.003571 J759
135.789841 34.882030 0.053436 0.011383 J760
135.618820 34.621052 0.046570 0.010850 J761
134.659668 34.864120 0.042708 0.009249 J762
135.706024 34.698334 0.048829 0.011086 J763
135.819870 34.574001 0.047333 0.011145 J764
134.175797 34.809566 0.038407 0.008479 J765
133.757019 34.579147 0.033265 0.007901 J766
133.288116 34.450439 0.029713 0.007326 J767
132.820221 34.334873 0.026812 0.006819 J768
132.219131 34.191181 0.023707 0.006241 J769
129.954849 33.372181 0.014861 0.004557 J770
130.444519 33.346489 0.015524 0.004821 J771
129.989685 32.945587 0.013496 0.004476 J772
130.430450 32.581673 0.012797 0.004539 J773
130.085190 32.524532 0.012272 0.004367 J774
130.323639 32.426273 0.012190 0.004421 J775
130.469452 31.675102 0.010056 0.004050 J776
130.135757 31.415892 0.009214 0.003811 J777
141.598236 45.219769 0.009689 -0.013212 J778
142.351837 45.126774 0.008029 -0.010343 J779
142.717911 44.780170 0.008466 -0.010243 J780
141.793915 44.639927 0.012443 -0.016537 J781
142.264526 44.365128 0.012500 -0.015998 J782
141.664597 44.148754 0.017231 -0.022358 J783
144.506409 43.722778 0.006559 -0.002319 J784
141.370590 43.624329 0.026081 -0.032349 J785
142.643066 43.431633 0.019910 -0.023974 J787
143.901993 43.101692 0.013531 -0.011960 J788
142.870056 43.013653 0.025108 -0.029120 J789
142.084595 42.933773 0.035628 -0.041802 J790
143.494965 42.806507 0.021915 -0.023351 J791
141.081055 42.420547 0.066123 -0.069857 J792
143.151978 42.486412 0.035828 -0.040158 J793
140.371231 41.934853 0.101012 -0.095366 J794
141.452591 39.849018 0.775608 -0.400994 J795
140.988449 39.127007 0.945237 -0.363706 J796
140.645630 37.984406 0.815767 -0.274957 J797
140.822906 40.044975 0.558004 -0.375498 J798
140.094635 38.434341 0.851516 -0.220982 J799
140.841644 37.018448 0.599390 -0.306822 J800
139.402237 37.036934 0.425046 -0.044148 J801
138.944824 36.778061 0.319036 -0.015452 J802
140.199921 38.288982 0.867232 -0.212940 J803
139.521927 35.419270 0.184581 0.001211 J804
139.226044 37.828159 0.493973 -0.060558 J805
138.880447 37.776989 0.405359 -0.044802 J806
138.779541 37.498657 0.361432 -0.030702 J807
138.456818 35.673695 0.155200 0.014755 J809
138.920273 37.589737 0.396745 -0.038067 J810
137.528778 35.575092 0.108577 0.014419 J811
136.470306 35.359730 0.075003 0.012748 J812
138.973862 35.114166 0.126620 0.012247 J813
138.876465 34.719475 0.093747 0.010889 J814
138.609970 35.117153 0.114787 0.014419 J815
138.209976 35.066975 0.099821 0.014846 J817
138.081680 35.044884 0.095282 0.014808 J818
137.946808 34.902050 0.084708 0.014346 J819
138.176743 34.849415 0.086577 0.014029 J820
137.680771 34.752041 0.073206 0.013798 J821
136.788818 35.300838 0.078899 0.013456 J822
134.588211 35.283344 0.048204 0.008886 J823
136.096985 34.179951 0.041530 0.010795 J824
135.735184 33.969482 0.035800 0.009872 J825
135.708786 33.637173 0.030590 0.009023 J826
134.393433 34.217796 0.032569 0.008557 J827
132.046097 33.367970 0.018426 0.005822 J828
132.475342 33.384373 0.019369 0.006121 J829
133.362640 33.704285 0.023710 0.007034 J830
130.464996 33.097355 0.014633 0.004762 J831
129.720718 32.839611 0.012853 0.004321 J832
131.206802 33.127842 0.015833 0.005182 J833
130.360657 32.098434 0.011212 0.004266 J834
130.238968 31.906164 0.010570 0.004120 J835
130.408005 31.796021 0.010362 0.004107 J836
130.599594 31.824060 0.010555 0.004180 J837
138.762787 34.690254 0.089376 0.011472 J838
138.331223 34.836166 0.089027 0.013758 J840
139.069901 34.949757 0.115762 0.010200 J841
138.249893 34.954346 0.094063 0.014396 J842
134.049545 35.174889 0.041928 0.008104 J843
140.810532 40.834408 0.254673 -0.213238 J844
140.324387 37.361824 0.579416 -0.151024 J845
133.461807 33.818356 0.024931 0.007214 J846
137.868759 35.160450 0.096388 0.015003 J847
141.955246 45.514114 0.007529 -0.010121 J848
141.881790 45.230106 0.008854 -0.011932 J849
142.292252 44.990505 0.008780 -0.011378 J850
142.021774 44.916065 0.009968 -0.013224 J851
142.038712 44.743240 0.010881 -0.014346 J852
142.571167 44.546501 0.010124 -0.012549 J853
142.935837 44.332294 0.009966 -0.011510 J854
141.872177 44.317665 0.014616 -0.019085 J855
143.364594 44.260853 0.008723 -0.008832 J856
142.400894 44.165474 0.013422 -0.016864 J857
142.601242 44.114449 0.012868 -0.015789 J858
144.993500 44.065033 0.004444 0.000754 J859
141.860748 44.052105 0.017234 -0.022184 J860
143.534149 43.909927 0.009836 -0.009535 J861
142.236542 43.889290 0.016901 -0.021289 J862
143.176697 43.878723 0.011775 -0.012975 J863
145.056870 43.794029 0.004610 0.001080 J864
142.132309 43.725658 0.019504 -0.024471 J865
143.381088 43.710323 0.011909 -0.012466 J866
142.794403 43.646908 0.016097 -0.019180 J867
143.991730 43.644562 0.009087 -0.006916 J868
145.220367 43.555996 0.004364 0.001972 J869
144.719040 43.545929 0.006213 -0.001046 J870
142.187607 43.521576 0.022037 -0.027267 J871
141.616776 43.504215 0.026519 -0.032756 J872
143.753860 43.473579 0.011455 -0.010479 J873
143.187042 43.366470 0.016478 -0.018436 J874
140.378281 43.320705 0.038821 -0.044067 J875
141.345963 43.240528 0.034135 -0.040700 J876
141.652023 43.220894 0.032137 -0.038638 J877
144.970734 43.218189 0.005897 0.000571 J878
143.027756 43.171329 0.020585 -0.023633 J879
142.567032 43.165047 0.025110 -0.029943 J880
144.496490 43.149391 0.008791 -0.003965 J881
141.203293 43.140396 0.037808 -0.044286 J882
143.597702 43.123894 0.015951 -0.016139 J883
140.811111 43.082596 0.042373 -0.048228 J884
142.532257 42.890633 0.031905 -0.037211 J885
143.655533 42.800343 0.019995 -0.020481 J886
142.953690 42.803341 0.029049 -0.033116 J887
140.011780 42.685337 0.061035 -0.062077 J888
143.312790 42.673962 0.027389 -0.030267 J889
142.395920 42.554260 0.045266 -0.050708 J890
142.767944 42.277233 0.052974 -0.058098 J891
140.929337 41.740593 0.115522 -0.109397 J892
140.535019 41.711327 0.119392 -0.110503 J893
141.094467 41.466160 0.145446 -0.132495 J894
140.983810 41.199665 0.183393 -0.161473 J895
141.385696 41.160934 0.194150 -0.165632 J896
140.293533 41.121723 0.190988 -0.158491 J897
140.011002 40.730633 0.255842 -0.187747 J898
141.106018 40.579983 0.332404 -0.268492 J899
141.332001 40.508759 0.364186 -0.280092 J901
140.941589 40.447632 0.377093 -0.295824 J902
141.484863 40.271042 0.483791 -0.324309 J903
141.046463 40.106747 0.539043 -0.376155 J904
141.662186 39.970955 0.743786 -0.373699 J905
141.970230 39.738960 1.004629 -0.304634 J906
141.426132 39.639370 0.936720 -0.408204 J907
140.836319 39.554455 0.813453 -0.415701 J908
141.292999 39.464695 0.977813 -0.401960 J909
141.311676 39.235374 1.101609 -0.383688 J910
141.400848 39.012108 1.218374 -0.377949 J911
141.148529 38.995464 1.021969 -0.353372 J912
140.833191 38.934029 0.918772 -0.342281 J913
141.317856 38.743221 1.103276 -0.360384 J914
141.004333 38.686134 0.923015 -0.339788 J915
141.160721 38.660629 0.999626 -0.357939 J916
140.727722 38.571812 0.882016 -0.326458 J917
141.304398 38.509842 1.022936 -0.422168 J918
140.943695 38.177120 0.962596 -0.427902 J919
140.727661 37.824600 0.797228 -0.300827 J920
140.027573 40.339397 0.354905 -0.232839 J921
140.408157 40.183315 0.450673 -0.300692 J922
140.005493 40.099701 0.426687 -0.254733 J923
140.535858 39.921391 0.586997 -0.357650 J924
140.053925 39.527565 0.638039 -0.292262 J925
140.596085 39.508137 0.795516 -0.388932 J926
140.278931 39.296745 0.786249 -0.328182 J927
140.715057 39.146202 0.912901 -0.366016 J928
140.447327 39.054379 0.888186 -0.336307 J929
140.183472 38.938103 0.836872 -0.290425 J930
140.497253 38.752155 0.912193 -0.319038 J931
139.674530 38.701168 0.681703 -0.186330 J932
140.220505 38.628414 0.881090 -0.270146 J933
140.393875 38.170441 0.860759 -0.225461 J934
139.879410 37.920586 0.706397 -0.108335 J935
140.446793 37.833496 0.746519 -0.189645 J936
139.972656 37.669289 0.654661 -0.097912 J937
140.571655 37.591091 0.662165 -0.225205 J938
139.835526 37.461288 0.574890 -0.081448 J939
140.464035 37.444870 0.606338 -0.188903 J940
139.686340 37.326210 0.520680 -0.068297 J941
140.212738 37.293041 0.560099 -0.128002 J942
140.450974 37.210564 0.553223 -0.177676 J943
140.716003 37.183090 0.595283 -0.267728 J944
140.376266 37.023582 0.507441 -0.146786 J945
140.690155 36.932621 0.569646 -0.228552 J946
140.385696 36.475849 0.422120 -0.148288 J947
140.035416 37.124699 0.515214 -0.099928 J948
139.505310 36.872246 0.418998 -0.046754 J949
139.752792 36.537632 0.392405 -0.053912 J950
139.902512 36.456581 0.382635 -0.066063 J951
139.060852 36.837357 0.343426 -0.021434 J952
138.847885 36.591377 0.285761 -0.007110 J954
139.016708 36.395348 0.286397 -0.005469 J955
139.254639 36.267693 0.300256 -0.008462 J956
138.702988 36.200268 0.227158 0.006126 J957
138.926056 35.929928 0.217329 0.009741 J958
139.968475 35.143803 0.184364 -0.025841 J959
139.366058 35.391487 0.173186 0.006998 J960
139.111450 37.540340 0.431897 -0.042733 J961
138.634598 37.212112 0.313079 -0.018455 J962
139.247101 37.157616 0.412584 -0.038202 J963
138.457352 37.107086 0.279985 -0.012059 J964
140.296494 36.778957 0.447370 -0.123792 J965
137.026428 36.919510 0.149432 0.002624 J966
137.551331 36.864346 0.178280 0.001955 J967
137.154480 36.757950 0.149678 0.004627 J968
136.806396 36.592091 0.127056 0.006821 J969
137.239227 36.472801 0.141416 0.008021 J970
137.033936 37.432259 0.167481 -0.005856 J971
136.908768 37.226437 0.153860 -0.001739 J972
136.540680 36.537266 0.115044 0.007251 J973
136.361649 36.229565 0.099596 0.009402 J974
136.048950 36.109734 0.087974 0.009547 J975
136.657745 35.901413 0.096987 0.011713 J976
136.339584 35.888218 0.088526 0.011137 J977
135.755646 35.486572 0.066555 0.010977 J978
138.444214 35.904934 0.175487 0.012782 J979
138.949997 35.753872 0.196682 0.012415 J980
138.606873 35.467693 0.144267 0.015277 J981
138.624252 36.856686 0.281234 -0.009021 J982
138.096725 36.706646 0.211655 0.001596 J983
138.120941 36.523605 0.200875 0.004799 J984
138.366043 36.260986 0.201176 0.007821 J985
137.785431 35.944603 0.139712 0.012926 J986
138.095703 35.878418 0.151426 0.013450 J987
137.450882 35.815552 0.118255 0.013423 J988
137.620163 35.661228 0.116234 0.014297 J989
137.080521 36.140263 0.119783 0.010988 J990
136.784622 35.723488 0.093901 0.012657 J991
137.309097 35.523129 0.099556 0.014176 J992
136.545288 35.480061 0.080166 0.012750 J993
137.252319 35.300552 0.088376 0.014308 J994
137.575333 35.100021 0.086583 0.014630 J995
137.152390 34.917339 0.071547 0.013812 J996
137.338776 34.785915 0.069495 0.013713 J997
136.938477 34.740051 0.062697 0.013180 J998
136.474457 34.420326 0.049370 0.011847 J999
139.488007 35.709999 0.228803 0.001602 KGNI
135.046005 48.521000 0.007270 -0.008042 KHAJ
130.878571 31.425312 0.009544 0.003979 KNYA
140.658005 35.955002 0.467565 -0.183594 KSMV
102.796997 25.030001 0.001431 0.000650 KUNM
150.810379 59.577644 0.000226 0.000249 MAGJ
153.979996 24.290001 -0.004454 0.005400 MCIL
141.132996 39.134998 1.001737 -0.366046 MIZU
139.559998 35.680000 0.227795 -0.001562 MTKA
100.713654 14.043016 0.000643 0.000395 NIMT
127.768921 26.144817 0.002383 0.001345 OKN1
158.649994 53.020000 -0.000011 0.000354 PETS
121.080002 14.640000 0.000403 0.000168 PIMO
130.878571 31.425308 0.009544 0.003979 S004
141.844818 43.528645 0.024438 -0.030345 S005
142.195023 27.067532 -0.001238 -0.000339 S007
139.081970 35.006851 0.120897 0.010363 S106
139.101685 34.971863 0.118595 0.009910 S107
140.087189 36.106113 0.340352 -0.080150 S110
121.199997 31.100000 0.005238 0.001891 SHAO
135.936951 33.577854 0.030477 0.009020 SMST
141.845001 43.528999 0.024431 -0.030337 STK2
127.054001 37.276001 0.018359 0.001265 SUWN
120.989998 24.799999 0.002083 0.001118 TCMS
120.989998 24.799999 0.002083 0.001118 TNML
140.089996 36.110001 0.341185 -0.080883 TSK2
140.087006 36.105999 0.340324 -0.080106 TSKB
121.160004 24.950001 0.002132 0.001141 TWTF
107.050003 47.869999 0.003335 -0.000307 ULAB
138.362000 36.132999 0.189760 0.009961 USUD
114.357002 30.532000 0.003385 0.001189 WUHN
142.720001 47.029999 0.003218 -0.003543 YSSK
136.503754 35.104763 0.067915 0.012911 Z101
138.185791 35.322075 0.115533 0.015405 Z102
137.423126 34.967480 0.077897 0.014226 Z103
136.981750 34.543915 0.057217 0.012726 Z104
136.802002 34.373581 0.050862 0.012067 Z105
136.388489 34.297928 0.045904 0.011435 Z106
136.139969 33.932949 0.037126 0.010188 Z107
135.743454 34.155849 0.038980 0.010295 Z108
135.290344 34.090851 0.035450 0.009574 Z109
135.399124 33.854500 0.032519 0.009248 Z110
135.871094 33.799084 0.033659 0.009583 Z111
135.406006 33.647251 0.029683 0.008796 Z112
135.834137 33.520081 0.029314 0.008793 Z113
134.510025 33.932796 0.029799 0.008387 Z114
133.796951 33.838840 0.026200 0.007545 Z115
134.484558 33.821980 0.028464 0.008211 Z116
132.564697 33.510353 0.020328 0.006267 Z117
132.360382 33.202183 0.018099 0.005917 Z118
133.431702 33.545727 0.022655 0.006948 Z119
133.699844 33.542534 0.023329 0.007155 Z120
134.056198 33.367382 0.022744 0.007203 Z121
132.974030 33.312130 0.019935 0.006400 Z123
132.822083 33.060120 0.018071 0.006072 Z124
141.669920 35.502980 0.624428 -0.295812 _CHS
142.083120 37.166010 0.973850 -0.679739 _FUK
143.362340 38.887930 0.040294 0.045554 _KMN
143.263500 38.636440 -0.224852 0.018965 _KMS
142.916670 38.082940 -0.406715 0.073127 _MGI
142.433270 38.150560 0.095085 -0.380453 _MGW
