139.547653 39.185562 0.687251 -0.248633 019B
130.600006 31.823999 0.008404 0.007556 AIRA
102.234985 51.769707 0.000928 -0.000244 BADG
115.891998 39.609001 0.004038 0.000301 BJFS
142.199997 27.070000 0.000610 -0.001202 CCJ2
125.444000 43.791000 0.011721 -0.004207 CHAN
145.742996 15.230000 -0.000148 0.000235 CNMR
100.533936 13.735914 0.000063 0.000308 CUSV
127.374001 36.398998 0.017814 0.004373 DAEJ
135.928299 33.877003 0.030745 0.027105 G000
135.087646 35.419525 0.071146 0.033475 G001
135.340698 35.333458 0.071746 0.035307 G002
135.634216 35.155182 0.068952 0.036887 G003
135.219940 34.326462 0.040634 0.028965 G004
134.376114 34.760426 0.045881 0.026659 G006
136.041901 34.710644 0.055853 0.036211 G007
136.173141 34.493874 0.048663 0.034526 G008
136.002640 34.292927 0.041864 0.031804 G009
135.854797 34.241966 0.040164 0.030813 G010
135.554001 33.940796 0.032228 0.026927 G011
135.882095 33.668758 0.026171 0.024801 G012
135.533844 33.658344 0.026288 0.024191 G013
134.195267 35.529858 0.061773 0.026753 G014
133.495132 35.506935 0.052499 0.022155 G015
133.869751 35.493202 0.056736 0.024539 G016
134.155945 35.340591 0.056856 0.026470 G017
132.921997 35.491909 0.045911 0.018934 G018
133.192093 35.310692 0.045836 0.020478 G019
132.902695 35.309727 0.043017 0.018938 G020
132.669006 35.233078 0.039833 0.017805 G021
132.385559 35.031902 0.035065 0.016530 G022
132.685165 34.856747 0.035026 0.017742 G023
132.109467 34.777946 0.030473 0.015332 G024
131.810318 34.624344 0.027392 0.014186 G025
133.680756 35.282959 0.050341 0.023340 G026
133.912689 35.105026 0.049168 0.024633 G027
133.800446 34.738079 0.041174 0.023211 G028
133.972595 34.590286 0.039634 0.023719 G029
132.902100 35.035213 0.039050 0.018890 G030
132.908112 34.633671 0.033578 0.018468 G031
133.341293 34.612202 0.035984 0.020478 G032
133.140182 34.515621 0.033361 0.019301 G033
132.691956 34.184635 0.026997 0.016710 G035
132.531631 34.069233 0.025123 0.015885 G036
131.735321 34.195274 0.023328 0.013538 G037
132.052734 34.090061 0.023567 0.014355 G038
131.113037 34.020523 0.019966 0.011644 G039
132.119965 33.845917 0.021646 0.014118 G040
134.457306 33.993687 0.031052 0.023271 G041
134.211166 33.934563 0.029332 0.021918 G042
134.175980 34.478535 0.038765 0.024398 G044
133.899384 34.325920 0.034559 0.022358 G045
133.350693 33.974171 0.027073 0.018633 G046
133.047394 33.884090 0.024944 0.017209 G047
132.798523 33.642731 0.021661 0.015654 G048
132.743683 33.305054 0.018418 0.014461 G049
132.633636 33.096088 0.016523 0.013541 G050
133.531021 33.625805 0.023279 0.017928 G051
133.154495 33.607021 0.022179 0.016641 G052
134.099319 33.497108 0.022726 0.019120 G053
133.089539 33.416664 0.020079 0.015767 G054
134.205536 33.394894 0.021526 0.018852 G055
132.972137 33.193138 0.017798 0.014664 G056
132.831467 32.961067 0.015696 0.013540 G058
132.555435 32.738613 0.013826 0.012268 G059
130.722427 33.929722 0.018275 0.010628 G060
130.971115 33.867008 0.018560 0.011135 G061
130.296906 33.683071 0.015883 0.009524 G062
130.675674 33.579769 0.016152 0.010164 G063
130.995422 33.564732 0.016760 0.010816 G064
130.079269 33.503036 0.014582 0.008977 G065
130.097214 33.292004 0.013663 0.008814 G066
129.862946 33.073387 0.012418 0.008255 G067
129.958954 32.768307 0.011351 0.008078 G068
130.621765 33.060135 0.013380 0.009406 G069
130.872650 32.995934 0.013414 0.009740 G070
130.748367 32.709232 0.011905 0.009097 G071
130.827347 32.396080 0.010621 0.008708 G073
130.179886 32.367409 0.010069 0.007878 G074
130.656494 32.343513 0.010295 0.008410 G075
130.986389 32.292397 0.010292 0.008736 G076
131.521149 33.514332 0.017595 0.011928 G077
131.291672 33.383755 0.016276 0.011185 G078
131.748413 33.096195 0.015259 0.011604 G079
132.039047 32.936356 0.014625 0.011822 G080
131.441528 32.898895 0.013652 0.010586 G081
131.629227 32.852222 0.013615 0.010834 G082
131.364700 32.527931 0.011621 0.009704 G083
131.583023 32.316231 0.010745 0.009573 G084
131.347488 32.111889 0.009713 0.008839 G085
131.254456 32.001804 0.009229 0.008516 G086
130.976959 31.877796 0.008684 0.008002 G087
131.470062 31.785973 0.008433 0.008307 G088
130.735672 31.743780 0.008172 0.007555 G089
130.998306 31.564604 0.007623 0.007481 G090
130.340057 31.450253 0.007222 0.006793 G091
130.540588 31.377237 0.007037 0.006837 G092
130.867111 31.242748 0.006658 0.006854 G093
127.993683 26.386345 0.001105 0.001789 G094
127.760361 26.312714 0.001115 0.001759 G095
127.677628 26.194576 0.001079 0.001709 G096
153.978653 24.290094 -0.002365 0.003837 G098
137.550842 36.114304 0.172442 0.050420 G099
138.727310 35.360771 0.127484 0.031750 G100
140.858307 43.209526 0.009173 -0.045229 G101
139.489197 42.078789 0.083563 -0.126029 G102
140.859207 40.897495 0.213750 -0.232338 G103
139.703461 39.942116 0.514697 -0.293902 G104
139.545959 38.563339 0.758918 -0.176771 G105
140.249451 35.129383 0.164910 -0.117563 G107
139.615540 35.160152 0.117260 -0.023716 G108
138.281250 37.814758 0.412021 -0.016036 G109
138.508514 37.356544 0.395452 0.005495 G110
136.900330 37.405727 0.237310 0.021166 G111
136.148849 36.254585 0.130514 0.040837 G112
139.132965 34.895485 0.073726 0.005445 G113
138.764206 34.806900 0.064796 0.018468 G114
138.327408 34.870670 0.070774 0.031419 G115
136.823837 34.903965 0.068707 0.041428 G116
135.191544 34.144146 0.036216 0.027418 G117
134.315933 35.593685 0.065011 0.027580 G118
131.604645 34.627590 0.026440 0.013523 G119
133.243500 33.333500 0.019527 0.015883 G120
129.849289 33.473080 0.014043 0.008576 G121
134.178116 33.266125 0.019903 0.018041 G122
130.191071 32.017410 0.008889 0.007437 G123
127.824677 26.179472 0.001052 0.001705 G124
132.982178 32.869484 0.015115 0.013532 G125
132.810654 32.762100 0.014179 0.012823 G126
137.814484 35.777534 0.149261 0.050153 G127
136.728745 35.405132 0.095692 0.046031 G128
136.431931 34.603333 0.053427 0.036592 G129
135.589935 33.747604 0.028058 0.025158 G130
133.940872 33.722511 0.025467 0.019782 G131
133.043228 33.545834 0.021279 0.016085 G132
132.488770 33.039463 0.015902 0.013046 G133
132.922653 33.391029 0.019517 0.015215 G134
133.699570 35.490398 0.054602 0.023437 G135
137.636871 34.702118 0.059582 0.036778 G136
131.384033 33.078835 0.014603 0.010829 G137
137.595978 36.576969 0.219685 0.044816 G138
136.540482 34.285072 0.041874 0.032727 G139
136.081070 20.425549 -0.000321 -0.000444 G140
132.961685 33.103912 0.017010 0.014325 G141
132.675827 32.927689 0.015281 0.013102 G142
136.295578 34.930733 0.066269 0.039563 G143
138.794662 34.970566 0.080857 0.021415 G144
141.283188 38.901936 1.201901 -0.346820 G145
135.426102 34.085499 0.035403 0.027843 G146
131.835007 34.043789 0.022419 0.013626 G147
136.728226 34.490002 0.049483 0.035665 G148
136.693192 34.296612 0.042156 0.032921 G149
140.898788 42.557934 0.022233 -0.064433 G150
132.650330 34.492138 0.030327 0.017136 G151
133.924103 33.622295 0.024078 0.019220 G152
134.114166 33.774574 0.026613 0.020680 G153
135.305313 33.769405 0.028445 0.024670 G154
135.970596 33.660805 0.025859 0.024783 G155
136.024353 33.820427 0.029311 0.026598 G156
132.339813 34.397049 0.027713 0.015797 G157
136.772705 37.000721 0.203942 0.033485 G158
141.054657 39.362015 1.019524 -0.409856 G159
137.723373 34.672314 0.057692 0.035514 G160
137.442459 34.680382 0.058522 0.037532 G161
139.533829 38.511196 0.755556 -0.167951 G162
139.276184 36.602337 0.376408 -0.019150 G163
132.268814 34.575432 0.029233 0.015761 G164
141.685333 45.407822 -0.002968 -0.008304 G201
144.285797 44.019413 0.003671 0.016791 G202
144.371399 42.975571 0.014498 0.033126 G203
140.724533 41.781658 0.069698 -0.118995 G204
139.824921 34.918789 0.086292 -0.045772 G206
137.224579 36.762173 0.213708 0.040920 G207
135.773193 33.475948 0.022580 0.022712 G208
132.066208 34.897312 0.031453 0.015223 G209
129.866196 32.735119 0.011137 0.007924 G210
131.409302 31.576969 0.007669 0.007835 G211
127.665207 26.213327 0.001089 0.001717 G212
142.194611 27.093943 0.000614 -0.001220 G213
144.869995 13.590000 -0.000156 0.000288 GUAM
144.800003 13.430000 -0.000155 0.000289 GUUG
139.542297 36.295162 0.349894 -0.045729 I001
140.174271 36.263268 0.367405 -0.164914 I002
139.810532 36.203671 0.348218 -0.086161 I003
140.544479 36.181309 0.405637 -0.273427 I004
139.345169 36.120953 0.300997 -0.012976 I005
140.343155 36.096935 0.372023 -0.215352 I006
139.636719 36.087227 0.319273 -0.049316 I007
139.799927 36.010895 0.312648 -0.073139 I008
140.659241 35.955456 0.438696 -0.312639 I009
140.402954 35.970409 0.375436 -0.238279 I010
139.464279 35.925503 0.272532 -0.016789 I011
139.992722 35.940292 0.310841 -0.113939 I012
139.651855 35.937469 0.289313 -0.042456 I013
140.145493 35.873650 0.317941 -0.155645 I014
140.407013 35.803329 0.357333 -0.237379 I015
139.812805 35.780212 0.264668 -0.062360 I016
140.024750 35.786465 0.286073 -0.114019 I018
139.488266 35.710369 0.226210 -0.011565 I019
140.315140 35.717453 0.319998 -0.199152 I020
140.646820 35.777302 0.424233 -0.310520 I021
140.837234 35.726357 0.491617 -0.364153 I022
139.902359 35.675465 0.248108 -0.075633 I023
140.448303 35.642353 0.334617 -0.238645 I024
140.186569 35.544144 0.251573 -0.138500 I025
139.673355 35.563404 0.203674 -0.030859 I026
140.318237 35.530117 0.272481 -0.179171 I027
139.467834 35.521408 0.182751 -0.007091 I028
139.322571 35.482639 0.167882 0.004789 I029
140.051331 35.447784 0.207238 -0.095491 I030
139.045181 35.415352 0.144880 0.020393 I031
139.653748 35.436485 0.173464 -0.026826 I032
140.337372 35.421127 0.248118 -0.174303 I033
139.466064 35.326683 0.142976 -0.007927 I034
139.262695 35.304901 0.132823 0.006838 I035
139.825516 35.311703 0.155729 -0.049126 I036
140.146790 35.333141 0.191095 -0.110991 I037
138.881653 35.321602 0.125761 0.025871 I038
139.843567 35.143711 0.123463 -0.049975 I039
140.268021 35.165901 0.175989 -0.125569 I041
139.110443 35.148605 0.105381 0.012416 I042
138.901855 35.110016 0.097693 0.020799 I043
140.079269 35.111862 0.136127 -0.084444 I044
139.954346 35.254807 0.152673 -0.068478 I045
138.997925 35.014828 0.086902 0.014617 I046
139.864075 34.954082 0.093149 -0.050340 I047
139.131165 34.939308 0.078695 0.006556 I048
138.924820 34.916115 0.075505 0.015282 I049
137.672333 34.835331 0.067776 0.039033 I050
139.381393 34.784420 0.062292 -0.010903 I051
138.017532 34.785950 0.064502 0.034631 I052
138.989822 34.751350 0.059247 0.008657 I053
139.433212 34.686787 0.052598 -0.015687 I055
139.257904 34.371826 0.028845 -0.010799 I057
139.134460 34.200478 0.020656 -0.007825 I058
139.503845 34.121067 0.014022 -0.024618 I059
139.547150 34.059113 0.011166 -0.026786 I060
139.013687 34.921822 0.076334 0.011692 I061
139.124359 34.878475 0.071841 0.005480 I062
139.268127 35.723759 0.214186 0.007522 I063
138.975861 35.623348 0.177394 0.024942 I064
139.157227 35.610275 0.184699 0.015698 I065
139.204865 35.428520 0.152799 0.012077 I066
139.664841 35.267094 0.138586 -0.028163 I067
139.049332 35.245514 0.118329 0.017416 I068
138.445251 35.443581 0.130881 0.039988 I069
138.814041 35.496590 0.149656 0.030681 I070
138.563431 35.362080 0.123691 0.036218 I071
138.770676 35.305538 0.121014 0.029464 I072
138.445694 35.289463 0.112589 0.037633 I073
138.253510 35.200977 0.100404 0.039551 I074
138.616989 35.203182 0.105348 0.032010 I075
138.721542 35.173592 0.103293 0.028425 I076
138.524704 35.067406 0.089431 0.031466 I077
138.368698 35.103458 0.091880 0.035625 I078
138.134903 35.103912 0.090102 0.039500 I079
138.378296 34.990524 0.081229 0.033043 I081
137.695236 35.079292 0.084844 0.043199 I084
138.786057 34.776073 0.062009 0.016986 I085
138.838425 34.610001 0.048225 0.011245 I086
138.074860 34.939796 0.075972 0.037066 I088
137.932144 34.843857 0.068571 0.036863 I089
137.817947 34.941345 0.075315 0.039890 I090
138.136917 34.757755 0.062359 0.032302 I091
138.225601 34.738308 0.060774 0.030381 I092
138.053543 34.715252 0.059617 0.032635 I093
138.129288 34.642902 0.054615 0.029912 I094
137.937439 34.670422 0.057038 0.033231 I095
137.911270 34.755394 0.062546 0.035299 I096
137.791794 34.792835 0.065082 0.037269 I097
137.823425 34.671883 0.057437 0.034552 I098
137.575485 34.937675 0.074249 0.041434 I099
137.434006 34.864815 0.069176 0.040775 I102
137.554337 34.808727 0.065976 0.039271 I103
137.514938 34.718052 0.060596 0.037843 I104
139.171036 35.040627 0.091435 0.006823 I105
139.797241 33.119949 -0.006358 -0.030324 I113
104.316177 52.219021 0.000951 -0.000298 IRKJ
104.316238 52.219025 0.000951 -0.000298 IRKM
104.316002 52.219002 0.000951 -0.000298 IRKT
141.750443 45.402992 -0.003033 -0.007812 J001
143.224182 44.433685 -0.001905 0.006180 J002
141.756317 44.397949 -0.002966 -0.011582 J003
144.675842 43.915691 0.006043 0.018657 J004
144.449005 43.507858 0.008303 0.023750 J005
142.482483 43.589657 -0.001971 0.000372 J007
141.510376 43.854012 -0.001176 -0.019311 J008
145.129623 43.070080 0.016368 0.027551 J009
144.431931 42.963261 0.015072 0.033271 J010
143.459229 43.028625 0.006710 0.026266 J011
142.401978 42.980515 0.001360 0.001911 J012
141.030914 43.177853 0.007471 -0.041224 J013
141.730667 42.983253 0.003015 -0.021479 J014
143.331009 42.321594 0.018585 0.044658 J015
142.364609 42.356903 0.010034 0.006888 J016
139.857666 42.450733 0.051231 -0.099919 J017
140.942413 42.374214 0.027466 -0.070304 J018
143.156525 42.005856 0.026644 0.053274 J019
139.519592 42.153545 0.077361 -0.121203 J020
140.107330 42.008076 0.072471 -0.123140 J021
140.747833 41.826073 0.064971 -0.114042 J022
140.040649 41.466377 0.132236 -0.171622 J023
141.213272 41.300774 0.102704 -0.134124 J024
140.272980 40.778984 0.270217 -0.259743 J026
141.789093 40.133450 0.612791 -0.305314 J027
141.939957 39.572384 1.037770 -0.268241 J028
141.203918 39.110626 1.154459 -0.386611 J029
139.776154 39.967903 0.517452 -0.301896 J030
140.048233 39.398697 0.776271 -0.333759 J031
139.808853 38.894604 0.820524 -0.255556 J032
140.318741 38.758595 0.995819 -0.312458 J033
140.366089 38.331028 0.996944 -0.262271 J035
141.441162 38.449196 1.018092 -0.373935 J036
140.954178 38.317486 1.000534 -0.343020 J037
140.908081 37.800671 0.792010 -0.370582 J038
139.791504 37.643696 0.696943 -0.087089 J040
140.902512 37.090714 0.568328 -0.375357 J041
140.611832 36.539928 0.404653 -0.272644 J042
139.726425 36.401848 0.379150 -0.077643 J043
138.906265 36.697025 0.349352 0.009481 J044
138.865402 36.259033 0.276507 0.021011 J045
137.851120 36.499767 0.228177 0.044923 J046
137.943802 35.923580 0.169674 0.049509 J047
138.583298 35.590336 0.154624 0.038356 J048
139.509567 38.230690 0.735472 -0.125206 J049
138.988861 37.896469 0.553243 -0.050227 J050
138.574402 37.397678 0.410280 0.001414 J051
137.487228 36.928959 0.245274 0.036745 J052
136.889160 37.382374 0.235134 0.022012 J053
136.649933 36.663410 0.175394 0.040009 J054
136.172974 36.231174 0.130052 0.041238 J055
136.105804 35.602562 0.095289 0.042214 J056
135.233383 35.549904 0.077717 0.034763 J057
137.347916 36.135994 0.166047 0.050083 J058
137.248367 35.800484 0.134345 0.050444 J059
136.900024 35.526073 0.106295 0.047775 J060
137.467575 35.396767 0.106738 0.048235 J061
136.158234 35.094727 0.072199 0.040146 J062
137.041290 35.128109 0.082903 0.044745 J063
136.502289 34.758999 0.060121 0.038660 J064
136.851135 34.465389 0.048521 0.035337 J065
136.198364 34.060658 0.035224 0.029574 J066
135.500977 34.837997 0.056711 0.034180 J067
135.851410 34.392300 0.044531 0.032311 J068
135.221497 34.157684 0.036609 0.027652 J069
135.764420 33.483360 0.022730 0.022780 J070
134.550385 34.784813 0.047780 0.027832 J071
133.058655 35.433876 0.046446 0.019703 J074
132.208969 35.002811 0.033501 0.015800 J075
131.610367 34.616493 0.026371 0.013535 J076
133.527985 34.548798 0.036157 0.021253 J077
132.575439 34.340355 0.028211 0.016582 J078
130.913635 33.996555 0.019222 0.011133 J079
134.023911 34.286026 0.034481 0.022800 J080
134.626022 33.926857 0.030326 0.023541 J081
134.122131 33.315895 0.020463 0.018179 J082
133.578262 33.529148 0.022238 0.017664 J083
133.241791 33.272900 0.018928 0.015643 J084
132.966415 32.755737 0.014235 0.013093 J085
132.281174 33.469009 0.018901 0.013721 J086
130.476776 33.730721 0.016532 0.009919 J087
131.691376 33.461544 0.017598 0.012234 J088
130.967819 33.331085 0.015350 0.010427 J089
131.876373 32.924587 0.014350 0.011470 J090
129.850296 33.476070 0.014057 0.008580 J091
130.645599 32.546410 0.011107 0.008704 J093
131.632324 32.445446 0.011413 0.009933 J094
131.469681 32.021755 0.009377 0.008796 J095
130.190140 32.013245 0.008875 0.007431 J096
130.466446 31.503769 0.007391 0.006967 J097
130.299484 31.264591 0.006714 0.006503 J098
131.087540 31.258533 0.006682 0.007022 J099
127.768921 26.144814 0.001047 0.001690 J100
142.169739 45.335827 -0.003281 -0.004688 J101
141.038208 45.275967 -0.001827 -0.014184 J102
142.537094 45.002399 -0.003315 -0.001789 J103
141.741394 44.892460 -0.003127 -0.009661 J104
142.265244 44.728497 -0.003480 -0.004428 J105
141.330063 44.427048 -0.001846 -0.017348 J106
142.625595 44.294567 -0.003096 0.000237 J107
144.029770 44.063873 0.002267 0.015235 J108
145.186096 44.019184 0.007168 0.017148 J109
142.151688 44.006779 -0.003050 -0.006547 J110
143.333694 44.005619 -0.000604 0.010407 J111
143.926941 42.894516 0.012514 0.034130 J112
144.986969 43.549397 0.010323 0.022451 J113
143.787262 43.848896 0.002155 0.016185 J114
145.131439 43.661823 0.009763 0.020711 J115
144.774323 43.408688 0.010928 0.024891 J116
141.431183 43.404678 0.001513 -0.026055 J117
145.114960 43.382526 0.012476 0.023860 J118
145.801132 43.366852 0.013633 0.019159 J119
140.597076 43.292583 0.011363 -0.049450 J120
143.562424 43.289471 0.004730 0.022397 J121
144.325027 43.232933 0.010594 0.028138 J122
143.298019 43.231995 0.003434 0.019826 J123
144.126526 43.120609 0.010717 0.029899 J124
144.843018 43.057594 0.015668 0.029796 J125
140.499176 43.056828 0.017056 -0.058986 J126
140.543945 42.985252 0.017863 -0.060288 J127
141.290329 42.971378 0.007171 -0.037459 J128
140.883347 42.857887 0.014900 -0.054426 J129
140.603516 42.802719 0.021221 -0.065232 J130
140.233200 42.786434 0.029038 -0.075771 J131
141.863983 42.729443 0.005183 -0.018166 J132
142.295807 42.727238 0.003921 0.000021 J133
143.103256 42.699268 0.008280 0.027359 J134
141.074951 42.667877 0.015880 -0.053398 J135
141.602264 42.655529 0.008550 -0.030698 J136
140.825684 42.646290 0.021142 -0.063812 J137
143.461151 42.551647 0.014490 0.039091 J138
141.361481 42.549801 0.013875 -0.044202 J139
140.354202 42.494362 0.037099 -0.086346 J140
142.060226 42.481281 0.008081 -0.009705 J141
142.567459 42.247726 0.013184 0.019273 J142
140.250488 42.243679 0.052305 -0.103486 J143
142.935394 42.130936 0.019519 0.039860 J144
140.003952 42.130848 0.066496 -0.116700 J145
140.568863 42.098606 0.051514 -0.102123 J146
140.805542 42.042969 0.047369 -0.095099 J147
140.315887 41.599026 0.105090 -0.152910 J149
140.880508 41.455299 0.098433 -0.142512 J150
140.635895 41.043221 0.186711 -0.214966 J151
141.367966 40.968243 0.157432 -0.168529 J152
141.197830 40.625069 0.289528 -0.269902 J153
139.928116 40.577644 0.327726 -0.270759 J154
140.578140 40.523655 0.359962 -0.312623 J155
141.511276 40.515358 0.316982 -0.254404 J156
141.076477 40.291077 0.475260 -0.362978 J157
141.713135 40.405201 0.367088 -0.244325 J158
141.293686 40.291149 0.471613 -0.345968 J159
141.461945 40.048599 0.678377 -0.370901 J160
141.225067 39.980576 0.695961 -0.402900 J161
141.950546 39.869370 0.821832 -0.271668 J162
141.164856 39.851246 0.779625 -0.414628 J163
141.803848 39.849174 0.937682 -0.337063 J164
140.964508 39.701092 0.843062 -0.424353 J165
141.172104 39.596573 0.941824 -0.412771 J166
141.955261 39.458160 1.051907 -0.221356 J167
141.534164 39.338055 1.240433 -0.356708 J169
141.798035 39.253517 1.173367 -0.208484 J170
141.739853 39.023781 1.085326 -0.205077 J171
141.572586 38.902859 1.191529 -0.278002 J172
140.990585 38.815342 1.106965 -0.351775 J173
140.801636 38.748936 1.064182 -0.345775 J174
141.449371 38.682697 1.125338 -0.325807 J175
141.147537 38.539482 1.082152 -0.342427 J176
140.851364 38.411758 1.016616 -0.335374 J177
140.642853 38.205742 0.978870 -0.293734 J178
140.843994 38.029659 0.911049 -0.332293 J179
140.442581 37.989929 0.918993 -0.217400 J180
140.577347 40.325047 0.451450 -0.349318 J181
140.263657 40.271156 0.457825 -0.332943 J182
140.787338 40.215439 0.517834 -0.379011 J183
140.048676 40.247295 0.449059 -0.315095 J184
140.401993 40.006878 0.597652 -0.375066 J185
140.132370 39.936054 0.587655 -0.347040 J186
140.597046 39.749161 0.761452 -0.408268 J187
140.234207 39.658310 0.728439 -0.366860 J188
140.386627 39.549294 0.810012 -0.384657 J189
140.559784 39.327003 0.937068 -0.394106 J190
139.907715 39.206062 0.789800 -0.300699 J191
140.161987 39.164211 0.880183 -0.334495 J192
140.629593 39.051903 1.026068 -0.376100 J193
139.547653 39.185562 0.687251 -0.248633 J194
139.957367 38.759720 0.889473 -0.261044 J195
139.831772 38.594036 0.858415 -0.219546 J196
139.742249 38.146175 0.802978 -0.137149 J197
140.093521 37.963608 0.864138 -0.151811 J198
140.077576 38.197544 0.915246 -0.188414 J199
140.466492 37.683308 0.794386 -0.201229 J200
140.755081 37.560555 0.721724 -0.312853 J201
140.072678 37.566948 0.723320 -0.118837 J202
141.006607 37.533691 0.654472 -0.454078 J203
139.528625 37.473461 0.597179 -0.054655 J204
140.662109 37.325470 0.655123 -0.276381 J205
139.364349 37.302799 0.526346 -0.035221 J206
139.503769 37.281490 0.546052 -0.046167 J207
139.871429 37.261070 0.595856 -0.085328 J209
140.259933 37.126293 0.575866 -0.151602 J210
140.561646 37.089294 0.577642 -0.235050 J211
140.413269 36.862091 0.489661 -0.194915 J212
140.293427 36.650566 0.429262 -0.179597 J213
140.753906 36.800308 0.465946 -0.290444 J214
140.077942 36.364914 0.377777 -0.142706 J215
140.476334 36.344368 0.393865 -0.244890 J216
140.039261 36.854233 0.483510 -0.117736 J217
139.619247 36.665985 0.420456 -0.060261 J218
139.923462 36.598946 0.419919 -0.108686 J219
139.224899 36.769691 0.399450 -0.015656 J220
138.552719 36.507996 0.283992 0.030598 J221
139.330383 36.421627 0.351850 -0.022141 J222
139.075684 35.986893 0.250560 0.014697 J223
139.795990 35.895969 0.288989 -0.065436 J224
140.048096 35.657207 0.260312 -0.110173 J225
140.384903 35.243244 0.221488 -0.166731 J226
139.974884 35.002792 0.107368 -0.064676 J227
139.630646 35.663696 0.224662 -0.027342 J228
139.162598 35.336208 0.135336 0.013271 J229
139.142410 35.268600 0.123844 0.013201 J230
139.253342 38.465393 0.667775 -0.132911 J231
138.513092 38.319347 0.483597 -0.066256 J232
138.471680 38.063278 0.462802 -0.041545 J233
139.351471 37.929382 0.648064 -0.075208 J234
138.273071 37.815903 0.410865 -0.015889 J235
139.477890 37.685905 0.635076 -0.062819 J236
138.780502 37.667522 0.480321 -0.022280 J237
139.059113 37.662296 0.535095 -0.034848 J238
138.998016 37.467720 0.491057 -0.019651 J239
138.789978 37.311314 0.431187 -0.002397 J240
138.333572 37.231121 0.357257 0.015881 J241
138.933716 37.166035 0.429608 -0.003304 J242
138.100189 37.160789 0.322824 0.023423 J243
138.608719 37.079132 0.371075 0.013794 J244
137.873840 37.045174 0.288002 0.030724 J245
138.830841 36.993458 0.387239 0.007093 J246
138.198669 36.865402 0.298182 0.031815 J247
136.996124 36.740620 0.198848 0.040569 J248
137.195190 36.634335 0.201498 0.043470 J249
137.439896 36.578705 0.210460 0.044952 J250
136.920563 36.401878 0.169747 0.045679 J251
136.919266 37.850494 0.260922 0.002746 J252
137.270050 37.446026 0.268994 0.018838 J253
136.388947 36.394455 0.147172 0.041691 J255
136.633942 36.165291 0.141867 0.045749 J256
136.278946 36.145618 0.128759 0.042787 J257
136.504929 35.984909 0.126206 0.045530 J258
135.989761 35.945004 0.109708 0.041002 J259
136.197388 35.792782 0.107031 0.043158 J260
135.907639 35.534409 0.088400 0.040394 J261
135.608887 35.462715 0.080423 0.037754 J262
138.316391 35.855980 0.178429 0.044838 J263
138.695129 35.746876 0.182581 0.035579 J264
138.436172 36.801708 0.312967 0.027884 J265
137.872330 36.706470 0.252104 0.040525 J266
138.247467 36.665154 0.277703 0.036014 J267
138.322525 36.386177 0.247934 0.039764 J268
138.637802 36.346012 0.268661 0.030325 J269
137.902817 36.322372 0.211941 0.047137 J270
138.216492 36.208466 0.217780 0.044427 J271
138.460968 36.130638 0.223828 0.039722 J272
137.983017 36.121109 0.193774 0.048370 J273
137.696259 35.783619 0.146004 0.050623 J274
138.038315 35.556129 0.133015 0.047189 J275
137.815231 35.521091 0.124039 0.048500 J276
137.925278 35.317142 0.107060 0.045331 J277
137.587662 35.246998 0.096652 0.046203 J278
137.147171 36.335510 0.174537 0.047687 J279
136.952759 36.033047 0.143450 0.048762 J280
137.534866 35.973457 0.158506 0.050950 J281
136.863174 35.866940 0.128736 0.048506 J282
136.975296 35.757782 0.123946 0.049114 J283
137.424774 35.657188 0.127107 0.050313 J284
136.488770 35.636154 0.104869 0.045452 J285
136.611389 35.632896 0.107276 0.046378 J286
137.174149 35.612087 0.117853 0.049501 J287
136.687286 35.488323 0.099995 0.046287 J288
137.124695 35.478699 0.107140 0.048463 J289
136.549744 35.371708 0.090942 0.044682 J291
137.110229 35.367371 0.099157 0.047481 J292
137.405609 35.261967 0.095645 0.046726 J293
136.593445 35.227905 0.083679 0.043883 J294
137.980408 35.031517 0.082908 0.040017 J295
138.515671 34.986496 0.081347 0.029876 J296
138.922256 34.865589 0.070293 0.014154 J297
136.929977 35.334759 0.094414 0.046521 J298
136.828827 35.190105 0.084375 0.044720 J299
137.253555 35.138752 0.085524 0.045169 J300
137.313171 35.039463 0.079546 0.043781 J301
137.059784 34.994991 0.075160 0.043091 J302
137.299942 34.919746 0.072038 0.041993 J303
136.867645 34.823357 0.064854 0.040470 J304
137.119003 34.794872 0.064333 0.040244 J305
137.277832 34.648663 0.056902 0.037614 J306
137.068069 34.609238 0.054916 0.037397 J307
136.636505 34.913803 0.067990 0.040944 J309
136.183456 34.742874 0.057821 0.037187 J310
136.550659 34.547047 0.051514 0.036187 J311
136.334259 34.433140 0.046891 0.034290 J312
136.820618 34.253441 0.040422 0.032203 J314
136.085907 33.875137 0.030530 0.027279 J315
136.010895 33.741272 0.027530 0.025700 J316
136.197952 35.557331 0.094782 0.042883 J317
136.053665 35.466286 0.087764 0.041419 J318
135.913208 35.351254 0.080381 0.039869 J319
136.062820 35.318974 0.081080 0.040876 J320
136.235611 35.269440 0.081142 0.041867 J321
135.870804 35.137039 0.070890 0.038486 J322
136.145035 34.986385 0.067407 0.039214 J323
135.906158 34.939602 0.063493 0.037405 J324
136.054825 34.869328 0.061934 0.037711 J326
135.173218 35.752354 0.083741 0.034152 J327
134.932281 35.555683 0.073168 0.032324 J328
135.164032 35.292336 0.068054 0.033834 J329
135.366898 35.163788 0.066237 0.034961 J331
135.564514 35.077583 0.065387 0.036002 J332
135.665436 34.988571 0.063198 0.036193 J333
135.864151 34.746971 0.056141 0.035630 J334
135.685455 34.777840 0.056056 0.034876 J335
135.518494 34.677906 0.051788 0.033175 J336
135.481339 34.527309 0.047112 0.031823 J337
135.627335 34.479107 0.046357 0.032148 J338
135.586945 34.424809 0.044632 0.031490 J339
135.364151 34.406452 0.043256 0.030281 J340
134.582489 35.436749 0.064655 0.029588 J341
134.818497 35.314899 0.064347 0.031242 J342
135.181900 35.105286 0.062297 0.033382 J343
134.585953 35.094456 0.055689 0.029088 J344
134.972595 35.090786 0.059639 0.031819 J345
134.403778 34.997593 0.051515 0.027595 J346
134.767303 34.984684 0.054639 0.030010 J347
135.325989 34.976788 0.059678 0.033829 J348
135.176422 34.944794 0.057322 0.032650 J349
134.545242 34.897266 0.050410 0.028218 J350
135.215912 34.812187 0.053725 0.032215 J351
134.997238 34.804916 0.051811 0.030771 J352
135.341782 34.790905 0.054046 0.032886 J353
134.828781 34.786961 0.050014 0.029604 J354
135.380386 34.724251 0.052314 0.032694 J355
135.172287 34.686989 0.049846 0.031204 J356
134.519562 34.669880 0.044912 0.027163 J357
134.965698 34.669739 0.047992 0.029855 J358
135.024078 34.577053 0.045980 0.029657 J359
134.860977 34.493320 0.042978 0.028231 J360
134.881531 34.349770 0.039756 0.027451 J361
134.735184 34.334332 0.038744 0.026609 J362
134.736542 34.223671 0.036407 0.025932 J363
136.050385 34.567032 0.050793 0.034843 J364
135.731003 34.539223 0.048603 0.033164 J365
135.704178 34.388302 0.043985 0.031679 J366
135.963745 34.038166 0.034727 0.028932 J367
135.357956 34.256138 0.039369 0.029037 J368
135.065979 34.271461 0.038730 0.027824 J369
135.590118 34.221828 0.039114 0.029685 J370
135.384857 33.961674 0.032521 0.026603 J371
135.180084 33.913853 0.031214 0.025510 J372
135.782089 33.815201 0.029427 0.026206 J373
135.508392 33.785488 0.028846 0.025338 J374
135.396179 33.744274 0.027988 0.024684 J375
135.920715 33.583912 0.024376 0.023923 J376
135.599197 33.505619 0.023367 0.022835 J377
134.046677 35.456753 0.058153 0.025742 J378
133.439072 35.345535 0.048954 0.021887 J379
134.237366 35.265862 0.056073 0.026971 J380
133.308533 35.164574 0.044550 0.021096 J381
133.239883 36.285290 0.062774 0.018660 J382
132.984375 36.093208 0.055862 0.018038 J383
132.743210 35.392616 0.042687 0.018102 J384
132.995422 35.195614 0.042182 0.019422 J385
132.507324 35.185955 0.037870 0.017067 J386
132.720505 35.019772 0.037409 0.018012 J387
131.923141 34.767345 0.029321 0.014652 J388
133.792480 35.263538 0.051140 0.024029 J389
134.319641 35.099640 0.053081 0.027274 J390
134.234772 35.020882 0.050455 0.026542 J391
133.734497 35.002960 0.045539 0.023391 J392
133.960861 34.982544 0.047137 0.024725 J393
133.598083 34.809692 0.040955 0.022254 J394
133.929047 34.791386 0.043117 0.024087 J395
134.165756 34.657722 0.042207 0.025039 J396
133.796738 34.438568 0.035914 0.022269 J397
133.120224 34.943451 0.039441 0.019911 J398
132.277328 34.726898 0.030904 0.015935 J399
132.540237 34.678814 0.031908 0.016941 J400
133.107529 34.672451 0.035373 0.019461 J401
132.824005 34.571301 0.032265 0.017994 J402
132.463470 34.539158 0.029870 0.016461 J403
133.009796 34.378685 0.030812 0.018414 J405
131.416550 34.439861 0.024083 0.012837 J407
130.943146 34.294609 0.021268 0.011451 J408
131.562790 34.283737 0.023411 0.013129 J409
131.953293 34.259083 0.024707 0.014290 J410
131.346085 34.189491 0.021908 0.012425 J411
131.530823 34.057240 0.021529 0.012782 J412
131.286041 33.977715 0.020189 0.012034 J413
132.104446 33.975067 0.022723 0.014316 J414
134.351974 34.096989 0.032533 0.023407 J415
134.560135 34.059906 0.032565 0.024110 J416
134.049179 34.051498 0.030685 0.021837 J417
134.230225 34.038418 0.031099 0.022555 J418
133.681290 33.936672 0.027710 0.019788 J419
134.389099 33.878933 0.028909 0.022313 J420
134.058197 33.877514 0.028005 0.021006 J421
134.667801 33.830242 0.028714 0.023060 J422
134.533005 33.725090 0.026708 0.021888 J423
134.372025 33.618500 0.024809 0.020681 J424
134.314209 34.472374 0.039434 0.025115 J425
134.241974 34.254578 0.034924 0.023715 J426
133.715057 34.217396 0.031950 0.021064 J427
133.647522 34.068073 0.029448 0.020186 J428
133.925507 34.164169 0.032019 0.021806 J429
132.990234 34.077888 0.026993 0.017570 J430
133.538239 33.938660 0.027260 0.019232 J431
133.201309 33.921204 0.025894 0.017886 J432
132.911636 33.796497 0.023551 0.016475 J433
132.683975 33.722599 0.022139 0.015531 J434
132.937881 33.569225 0.021273 0.015847 J435
132.693405 33.446766 0.019575 0.014763 J436
132.561829 32.963905 0.015429 0.012976 J437
133.655777 33.766975 0.025350 0.018964 J438
133.805023 33.654152 0.024247 0.018974 J439
134.106903 33.603786 0.024168 0.019729 J440
134.280807 33.527760 0.023384 0.019848 J441
133.903641 33.505737 0.022540 0.018565 J442
133.280914 33.468403 0.020978 0.016511 J443
134.007126 33.427795 0.021717 0.018471 J444
133.402985 33.407703 0.020559 0.016624 J445
132.792694 33.171646 0.017357 0.014155 J447
132.999237 32.991234 0.016108 0.014007 J448
132.703720 32.840607 0.014665 0.012877 J449
130.250824 33.536140 0.015061 0.009306 J450
130.521957 33.500378 0.015411 0.009772 J451
130.828751 33.465462 0.015835 0.010334 J452
130.564651 33.205875 0.014001 0.009500 J453
130.268723 33.274853 0.013858 0.009077 J454
130.094162 33.098476 0.012824 0.008616 J455
129.482056 34.655552 0.018469 0.008362 J456
129.311508 34.268208 0.016307 0.008065 J457
129.734726 33.742657 0.014997 0.008572 J458
129.537018 33.362202 0.013090 0.008027 J459
129.690659 33.063103 0.012160 0.008008 J460
130.271332 32.870686 0.012090 0.008620 J461
128.843109 32.669384 0.009943 0.006677 J462
130.154602 32.636913 0.011041 0.008181 J463
130.547729 32.933495 0.012692 0.009115 J464
130.764801 32.842098 0.012532 0.009325 J465
131.099304 32.740650 0.012418 0.009693 J466
129.987305 32.326241 0.009797 0.007611 J467
130.506836 32.299156 0.010032 0.008165 J468
130.802628 32.238674 0.009971 0.008421 J469
131.564163 33.671192 0.018781 0.012301 J470
131.168930 33.496235 0.016720 0.011097 J471
131.347275 33.254044 0.015585 0.011079 J472
131.798065 33.239437 0.016279 0.012023 J473
131.286087 33.009029 0.014061 0.010510 J474
131.587845 32.986858 0.014353 0.011044 J475
131.756836 32.704018 0.012903 0.010729 J476
131.327621 32.684834 0.012374 0.009960 J477
131.148865 32.456642 0.011115 0.009249 J478
131.185226 32.245857 0.010207 0.008901 J479
131.515854 32.170433 0.010037 0.009167 J480
131.078568 31.965048 0.009033 0.008259 J481
131.021515 31.740314 0.008210 0.007805 J482
131.368866 31.676546 0.008020 0.007996 J483
131.217392 31.469376 0.007316 0.007483 J484
130.597809 32.057503 0.009199 0.007908 J485
130.759674 31.855528 0.008551 0.007755 J486
129.795441 31.768684 0.007975 0.006755 J487
130.278152 31.717379 0.007984 0.007114 J488
130.836060 31.617376 0.007779 0.007437 J489
130.640366 31.235224 0.006647 0.006694 J490
130.723053 31.106205 0.006298 0.006550 J491
130.964218 30.530867 0.004867 0.005784 J492
130.638382 30.381721 0.004628 0.005437 J493
129.489029 28.399088 0.001925 0.002860 J494
128.432327 27.032185 0.001281 0.002049 J495
127.898453 26.694811 0.001248 0.001917 J496
131.227798 25.831211 0.000151 0.001107 J497
125.373795 24.753119 0.000610 0.000991 J498
122.942841 24.454168 0.000870 0.001066 J499
123.792038 24.426273 0.000746 0.001013 J500
141.167099 45.137711 -0.002072 -0.013977 J501
142.964462 44.582043 -0.002690 0.003034 J502
143.615677 44.219723 -0.000111 0.011046 J503
143.076813 44.191944 -0.001959 0.006162 J504
144.293304 43.988789 0.003878 0.017156 J505
142.577713 43.908405 -0.002651 0.000819 J506
144.115250 43.828079 0.003975 0.018390 J507
142.409607 43.738522 -0.002491 -0.001614 J508
141.873840 43.740841 -0.002090 -0.012582 J509
142.903015 43.771412 -0.001504 0.006855 J510
143.578156 43.670502 0.002025 0.016659 J511
145.258957 43.232105 0.014566 0.024642 J512
144.079620 43.438835 0.006805 0.023862 J513
142.395340 43.336266 -0.001033 -0.000478 J514
144.597656 43.307011 0.011245 0.026778 J515
141.890930 43.248409 0.000052 -0.014438 J516
140.860611 43.209507 0.009143 -0.045168 J517
142.809723 43.165527 0.001162 0.011261 J518
145.520493 43.195164 0.015337 0.022840 J519
141.540115 43.077587 0.003454 -0.027088 J520
143.170563 42.938862 0.005521 0.023231 J521
141.577423 42.884430 0.005345 -0.028352 J522
141.407089 42.773190 0.008801 -0.037045 J523
140.767624 42.551380 0.025261 -0.069818 J525
140.876373 42.473904 0.025429 -0.068812 J526
139.446152 42.060505 0.085934 -0.127315 J527
140.666870 42.123142 0.046963 -0.096418 J528
140.715439 41.976688 0.054700 -0.104106 J529
140.071228 41.803028 0.091563 -0.140020 J530
144.719147 42.982571 0.016283 0.031755 J531
143.315689 42.125587 0.024392 0.052251 J532
141.447586 41.404705 0.076248 -0.096289 J533
140.490768 41.185078 0.162280 -0.197408 J534
140.821991 41.145546 0.153863 -0.189427 J535
141.131805 40.862362 0.205887 -0.219239 J537
140.589218 40.706276 0.288493 -0.277371 J538
141.376205 40.676399 0.252111 -0.233594 J539
140.478531 40.624344 0.320314 -0.291046 J540
140.803345 40.643566 0.304984 -0.288755 J541
140.451569 40.910175 0.228532 -0.240629 J542
141.066330 39.953079 0.698800 -0.415586 J543
140.769180 39.351299 0.969975 -0.409260 J544
141.575485 39.143089 1.256738 -0.319188 J546
141.675293 39.596127 1.178725 -0.355572 J547
140.847870 38.546215 1.041320 -0.336587 J548
141.212906 38.425056 1.060835 -0.352608 J549
141.500687 38.301186 0.907415 -0.362503 J550
139.848938 39.891136 0.555974 -0.312762 J551
140.044724 39.825809 0.617005 -0.339525 J552
140.732849 39.702682 0.809232 -0.418921 J553
140.506699 39.199097 0.965149 -0.380068 J554
139.927490 39.015972 0.839876 -0.286416 J555
140.365158 38.496769 1.010176 -0.287121 J556
140.271133 38.148098 0.951270 -0.211131 J557
140.205658 37.615952 0.756287 -0.141482 J559
140.372894 37.620731 0.766975 -0.175903 J560
140.135880 37.424507 0.677947 -0.126357 J561
139.586166 37.097248 0.513349 -0.051477 J563
139.461685 38.056183 0.699466 -0.097906 J564
138.369888 38.023685 0.442285 -0.034533 J565
138.706940 37.535831 0.449772 -0.010853 J566
138.516373 37.348541 0.395522 0.005652 J567
139.020248 37.319870 0.469425 -0.013632 J568
138.242584 37.056683 0.325828 0.024765 J569
137.893875 36.950871 0.280001 0.033620 J570
139.073914 37.752064 0.552417 -0.042363 J571
137.369522 36.736958 0.220394 0.041717 J572
137.031891 36.649563 0.193898 0.042525 J573
137.138550 37.306969 0.249064 0.024632 J574
136.718765 37.156746 0.210232 0.029016 J575
136.996063 37.123158 0.226306 0.030747 J576
136.755646 36.817478 0.190995 0.037710 J577
136.605331 36.370068 0.154239 0.043757 J578
136.184998 35.968887 0.116156 0.042731 J579
136.055984 35.836842 0.105940 0.041844 J580
140.497604 36.743027 0.451883 -0.222820 J581
139.987762 36.300705 0.366775 -0.123878 J582
139.931503 36.114815 0.336156 -0.106473 J583
140.202438 36.031338 0.346073 -0.175670 J584
140.164764 36.952305 0.514593 -0.136365 J585
139.805740 36.979580 0.507726 -0.078644 J586
139.854263 36.776371 0.458642 -0.091325 J587
140.157684 36.692455 0.439871 -0.147750 J588
139.490585 36.624172 0.401810 -0.043717 J589
140.179306 36.542217 0.407524 -0.159961 J590
138.591446 36.616318 0.303073 0.026895 J591
139.066635 36.234669 0.292995 0.008212 J592
138.912415 36.142754 0.262281 0.020909 J593
139.434021 34.761543 0.060074 -0.014629 J594
139.358582 34.737614 0.057435 -0.010321 J595
139.270935 34.519634 0.038768 -0.009191 J596
139.210938 34.333122 0.026909 -0.009206 J597
139.137573 34.239914 0.022548 -0.007405 J598
139.478806 34.075783 0.012275 -0.023668 J600
139.612854 33.884125 0.004775 -0.029639 J601
139.764618 32.463501 -0.006587 -0.023087 J602
142.162766 26.635151 0.000506 -0.001053 J603
138.690384 35.649517 0.167652 0.035669 J606
139.025772 35.511868 0.160436 0.022251 J607
137.984543 36.239029 0.207381 0.047323 J608
137.871750 36.228371 0.199761 0.048416 J609
138.499283 36.284714 0.248105 0.036431 J610
137.682632 36.084663 0.175256 0.050372 J611
138.214478 36.026161 0.194782 0.046008 J612
138.583023 35.974148 0.209915 0.037779 J613
137.598267 35.880001 0.151986 0.050979 J614
137.983887 35.726292 0.149620 0.048847 J615
137.676392 35.343735 0.105634 0.047162 J616
136.904266 36.261467 0.158643 0.047032 J617
137.363022 36.285645 0.179948 0.048934 J618
137.200668 35.911633 0.141933 0.050331 J619
138.776520 34.855034 0.069236 0.019226 J620
138.928360 35.204395 0.110316 0.021822 J621
138.098282 34.679924 0.057143 0.031209 J622
138.182968 34.677753 0.056705 0.029783 J623
138.046524 34.666409 0.056439 0.031688 J624
138.159042 34.634541 0.053951 0.029236 J625
138.906891 35.047241 0.090110 0.019146 J626
140.086304 36.103634 0.342371 -0.143247 J627
138.939331 34.698906 0.054800 0.009499 J628
137.073563 35.239086 0.090179 0.046088 J629
136.965805 35.168423 0.084589 0.045001 J630
136.862747 34.984394 0.073192 0.042538 J631
136.831879 34.904385 0.068777 0.041454 J632
136.694244 35.050911 0.075349 0.042699 J633
136.393265 34.854900 0.063665 0.039285 J634
136.329758 34.648750 0.054846 0.036787 J635
136.628403 34.431442 0.047134 0.034772 J636
136.342926 34.208157 0.039462 0.031548 J637
136.264740 35.420357 0.089001 0.042905 J638
136.041199 35.085724 0.070600 0.039320 J639
135.034042 35.685078 0.078971 0.033081 J640
135.415833 35.482216 0.078166 0.036201 J641
135.549530 35.275860 0.072413 0.036757 J642
135.773300 35.053135 0.066598 0.037312 J643
135.772400 34.952641 0.062847 0.036658 J644
134.677383 35.621201 0.071163 0.030287 J645
134.728714 35.461262 0.067351 0.030709 J646
135.022034 35.237881 0.064581 0.032619 J647
134.771225 35.162743 0.059492 0.030577 J648
134.945038 34.936188 0.054977 0.031036 J649
135.528351 34.311840 0.041324 0.030246 J650
135.167740 34.025391 0.033532 0.026373 J652
135.496201 33.554413 0.024349 0.023146 J653
133.339691 35.436008 0.049476 0.021277 J654
134.325272 35.361443 0.059396 0.027667 J655
133.137894 35.563534 0.049376 0.020025 J656
132.457321 34.892658 0.033915 0.016777 J657
132.013565 34.571064 0.027888 0.014836 J658
131.864319 34.439720 0.025963 0.014212 J659
133.563995 35.169662 0.047049 0.022570 J660
133.396271 34.993362 0.042471 0.021438 J662
132.851578 34.811604 0.035583 0.018455 J663
133.337631 34.777790 0.038521 0.020797 J664
132.194656 34.370346 0.026774 0.015243 J665
132.455551 34.260921 0.026809 0.015996 J666
132.884384 34.210068 0.028121 0.017503 J667
131.152390 34.764347 0.025458 0.012215 J668
131.176163 34.342087 0.022425 0.012094 J669
131.065674 34.179771 0.020900 0.011676 J670
132.358337 33.909935 0.022956 0.014972 J672
134.605026 34.171810 0.034856 0.024993 J673
133.874985 34.039738 0.029877 0.021033 J674
134.301468 33.789532 0.027269 0.021456 J675
133.998672 34.445454 0.037153 0.023329 J676
133.780670 34.383400 0.034910 0.021993 J677
133.189102 34.252445 0.030038 0.018857 J678
132.781738 33.959473 0.024876 0.016491 J679
132.487259 33.611595 0.020587 0.014647 J680
132.543762 33.177589 0.017039 0.013580 J681
133.228470 33.326908 0.019437 0.015817 J683
133.128632 33.215431 0.018220 0.015134 J684
130.749557 33.745506 0.017259 0.010503 J685
131.016525 33.697403 0.017616 0.011038 J686
130.823883 33.640465 0.016823 0.010544 J687
130.701157 33.327225 0.014845 0.009904 J688
129.940094 33.196030 0.013018 0.008481 J689
129.690018 33.266121 0.012942 0.008175 J690
129.125504 33.255791 0.012119 0.007405 J691
129.026337 32.885628 0.010784 0.007040 J692
130.166428 32.795700 0.011671 0.008385 J693
130.335953 32.793015 0.011839 0.008616 J694
130.216660 32.712292 0.011391 0.008353 J695
130.352280 32.722572 0.011566 0.008549 J696
130.290710 32.660652 0.011258 0.008387 J697
128.619354 32.634274 0.009628 0.006412 J698
131.062897 33.121956 0.014353 0.010286 J699
130.748627 33.011292 0.013320 0.009551 J700
130.996216 32.870747 0.012947 0.009749 J701
130.794907 32.576725 0.011363 0.008956 J702
131.093430 32.950653 0.013480 0.010053 J703
131.132156 32.845001 0.012981 0.009934 J704
131.356644 33.537125 0.017385 0.011584 J705
131.588425 33.349854 0.016634 0.011780 J706
131.121140 33.270271 0.015281 0.010642 J707
131.579483 33.228428 0.015831 0.011523 J709
130.915741 33.190575 0.014489 0.010116 J710
131.530670 32.557049 0.011905 0.010023 J711
131.334015 32.384399 0.010913 0.009370 J712
131.486023 32.069107 0.009582 0.008914 J713
130.865631 32.047718 0.009271 0.008176 J714
131.306305 31.842098 0.008623 0.008260 J715
131.305862 31.399105 0.007085 0.007418 J716
130.179657 32.197075 0.009478 0.007660 J717
130.439651 31.908840 0.008633 0.007530 J718
130.651886 31.624098 0.007777 0.007296 J719
130.708542 31.591841 0.007685 0.007292 J720
130.637360 31.552221 0.007555 0.007174 J721
130.699402 31.496153 0.007393 0.007136 J722
130.274979 30.784655 0.005541 0.005826 J723
131.028595 30.753325 0.005360 0.006157 J724
130.198242 30.461390 0.004851 0.005353 J725
130.903229 30.398676 0.004600 0.005561 J726
130.424377 30.395756 0.004693 0.005368 J727
130.554550 30.236353 0.004356 0.005201 J728
129.705750 29.615330 0.003386 0.004110 J729
129.693573 28.487219 0.001976 0.002960 J730
130.028961 28.371132 0.001804 0.002891 J731
129.921677 28.293980 0.001751 0.002812 J732
129.320450 28.137583 0.001730 0.002646 J733
128.894470 27.816637 0.001589 0.002428 J734
128.650726 27.401239 0.001407 0.002212 J735
127.945053 26.944489 0.001348 0.002022 J736
128.248367 26.859344 0.001247 0.001980 J737
128.144028 26.708273 0.001206 0.001919 J738
127.231628 26.582876 0.001302 0.001854 J739
127.972397 26.482731 0.001147 0.001829 J740
127.832733 26.446926 0.001157 0.001815 J741
127.143646 26.372936 0.001217 0.001761 J742
126.739151 26.347830 0.001235 0.001717 J743
127.345245 26.178795 0.001113 0.001691 J744
127.826187 26.168608 0.001048 0.001701 J745
131.290680 25.953726 0.000158 0.001137 J746
125.170975 24.827959 0.000640 0.001005 J747
124.692444 24.641615 0.000646 0.000979 J748
124.301285 24.536625 0.000682 0.000987 J749
124.172653 24.338877 0.000679 0.000977 J750
123.795853 24.061501 0.000708 0.000982 J751
139.056732 36.539257 0.341243 0.001808 J752
139.269333 36.003735 0.271410 -0.000591 J753
139.182205 35.884048 0.240270 0.010212 J754
139.365967 35.800800 0.237589 -0.002092 J755
140.249161 35.288383 0.197801 -0.133521 J756
139.369904 35.616428 0.197927 0.000969 J758
139.613846 35.160866 0.117320 -0.023539 J759
135.789841 34.882030 0.060427 0.036269 J760
135.618820 34.621052 0.050602 0.033288 J761
134.659668 34.864120 0.050582 0.028842 J762
135.706024 34.698334 0.053552 0.034376 J763
135.819870 34.574001 0.050089 0.033894 J764
134.175797 34.809566 0.045385 0.025605 J765
133.757019 34.579147 0.038072 0.022523 J766
133.288116 34.450439 0.033277 0.019831 J767
132.820221 34.334873 0.029318 0.017531 J768
132.219131 34.191181 0.025129 0.015056 J769
129.954849 33.372181 0.013785 0.008661 J770
130.444519 33.346489 0.014491 0.009457 J771
129.989685 32.945587 0.012069 0.008307 J772
130.430450 32.581673 0.011069 0.008468 J773
130.085190 32.524532 0.010564 0.007960 J774
130.323639 32.426273 0.010384 0.008124 J775
130.469452 31.675102 0.007902 0.007219 J776
130.135757 31.415892 0.007096 0.006590 J777
141.598236 45.219769 -0.002909 -0.009719 J778
142.351837 45.126774 -0.003364 -0.003392 J779
142.717911 44.780170 -0.003162 0.000126 J780
141.793915 44.639927 -0.003162 -0.010057 J781
142.264526 44.365128 -0.003412 -0.004614 J782
141.664597 44.148754 -0.002447 -0.014307 J783
144.506409 43.722778 0.006707 0.020837 J784
141.370590 43.624329 0.000558 -0.024747 J785
142.643066 43.431633 -0.001015 0.004737 J787
143.901993 43.101692 0.009307 0.029220 J788
142.870056 43.013653 0.002742 0.014955 J789
142.084595 42.933773 0.001917 -0.008801 J790
143.494965 42.806507 0.010108 0.032155 J791
141.081055 42.420547 0.022692 -0.061856 J792
143.151978 42.486412 0.012643 0.034667 J793
140.371231 41.934853 0.069728 -0.121344 J794
141.452591 39.849018 0.862155 -0.386604 J795
140.988449 39.127007 1.076966 -0.393140 J796
140.645630 37.984406 0.913210 -0.271356 J797
140.822906 40.044975 0.622030 -0.405874 J798
140.094635 38.434341 0.943840 -0.233637 J799
140.841644 37.018448 0.553962 -0.336888 J800
139.402237 37.036934 0.474702 -0.033407 J801
138.944824 36.778061 0.366806 0.005554 J802
140.199921 38.288982 0.961148 -0.225541 J803
139.521927 35.419270 0.163583 -0.012338 J804
139.226044 37.828159 0.599506 -0.057281 J805
138.880447 37.776989 0.514290 -0.034805 J806
138.779541 37.498657 0.457130 -0.011537 J807
138.456818 35.673695 0.160891 0.041775 J809
138.920273 37.589737 0.496042 -0.023225 J810
137.528778 35.575092 0.122545 0.049802 J811
136.470306 35.359730 0.089073 0.044071 J812
138.973862 35.114166 0.099011 0.017975 J813
138.876465 34.719475 0.056807 0.012402 J814
138.609970 35.117153 0.095453 0.030393 J815
138.209976 35.066975 0.087323 0.037679 J817
138.081680 35.044884 0.084599 0.039073 J818
137.946808 34.902050 0.072787 0.037867 J819
138.176743 34.849415 0.069080 0.033658 J820
137.680771 34.752041 0.062537 0.037403 J821
136.788818 35.300838 0.090366 0.045561 J822
134.588211 35.283344 0.060625 0.029484 J823
136.096985 34.179951 0.038626 0.030794 J824
135.735184 33.969482 0.032990 0.027690 J825
135.708786 33.637173 0.025744 0.024272 J826
134.393433 34.217796 0.034898 0.024256 J827
132.046097 33.367970 0.017640 0.012887 J828
132.475342 33.384373 0.018600 0.014003 J829
133.362640 33.704285 0.023795 0.017681 J830
130.464996 33.097355 0.013334 0.009195 J831
129.720718 32.839611 0.011368 0.007844 J832
131.206802 33.127842 0.014611 0.010572 J833
130.360657 32.098434 0.009235 0.007719 J834
130.238968 31.906164 0.008553 0.007335 J835
130.408005 31.796021 0.008262 0.007339 J836
130.599594 31.824060 0.008404 0.007556 J837
138.762787 34.690254 0.054880 0.015717 J838
138.331223 34.836166 0.067982 0.030570 J840
139.069901 34.949757 0.079658 0.009797 J841
138.249893 34.954346 0.077650 0.034690 J842
134.049545 35.174889 0.051996 0.025604 J843
140.810532 40.834408 0.235891 -0.247484 J844
140.324387 37.361824 0.663405 -0.164153 J845
133.461807 33.818356 0.025459 0.018472 J846
137.868759 35.160450 0.092653 0.043362 J847
141.955246 45.514114 -0.003123 -0.005987 J848
141.881790 45.230106 -0.003208 -0.007240 J849
142.292252 44.990505 -0.003424 -0.003990 J850
142.021774 44.916065 -0.003391 -0.006708 J851
142.038712 44.743240 -0.003422 -0.006899 J852
142.571167 44.546501 -0.003297 -0.000961 J853
142.935837 44.332294 -0.002538 0.003808 J854
141.872177 44.317665 -0.003099 -0.010252 J855
143.364594 44.260853 -0.001156 0.008604 J856
142.400894 44.165474 -0.003218 -0.002594 J857
142.601242 44.114449 -0.002944 0.000447 J858
144.993500 44.065033 0.006257 0.017034 J859
141.860748 44.052105 -0.002754 -0.011481 J860
143.534149 43.909927 0.000620 0.013361 J861
142.236542 43.889290 -0.002882 -0.005086 J862
143.176697 43.878723 -0.000834 0.009766 J863
145.056870 43.794029 0.008408 0.019568 J864
142.132309 43.725658 -0.002473 -0.007175 J865
143.381088 43.710323 0.000770 0.014027 J866
142.794403 43.646908 -0.001441 0.006029 J867
143.991730 43.644562 0.004554 0.020236 J868
145.220367 43.555996 0.010999 0.021440 J869
144.719040 43.545929 0.009268 0.023132 J870
142.187607 43.521576 -0.001873 -0.006014 J871
141.616776 43.504215 -0.000205 -0.020143 J872
143.753860 43.473579 0.004425 0.021167 J873
143.187042 43.366470 0.001709 0.015893 J874
140.378281 43.320705 0.013876 -0.053312 J875
141.345963 43.240528 0.003517 -0.030818 J876
141.652023 43.220894 0.001400 -0.021858 J877
144.970734 43.218189 0.013954 0.026713 J878
143.027756 43.171329 0.002248 0.015971 J879
142.567032 43.165047 0.000285 0.005167 J880
144.496490 43.149391 0.012700 0.029593 J881
141.203293 43.140396 0.005974 -0.036909 J882
143.597702 43.123894 0.006683 0.026011 J883
140.811111 43.082596 0.011773 -0.049927 J884
142.532257 42.890633 0.002478 0.007008 J885
143.655533 42.800343 0.011688 0.034361 J886
142.953690 42.803341 0.005613 0.021058 J887
140.011780 42.685337 0.037249 -0.085107 J888
143.312790 42.673962 0.010615 0.032703 J889
142.395920 42.554260 0.006456 0.005893 J890
142.767944 42.277233 0.013805 0.027947 J891
140.929337 41.740593 0.065165 -0.110636 J892
140.535019 41.711327 0.083947 -0.134249 J893
141.094467 41.466160 0.086338 -0.125060 J894
140.983810 41.199665 0.133624 -0.169656 J895
141.385696 41.160934 0.115177 -0.133594 J896
140.293533 41.121723 0.182981 -0.209766 J897
140.011002 40.730633 0.284474 -0.257161 J898
141.106018 40.579983 0.316564 -0.289906 J899
141.332001 40.508759 0.335670 -0.284852 J901
140.941589 40.447632 0.389805 -0.331289 J902
141.484863 40.271042 0.485146 -0.325963 J903
141.046463 40.106747 0.594290 -0.398904 J904
141.662186 39.970955 0.798105 -0.355520 J905
141.970230 39.738960 0.893442 -0.261791 J906
141.426132 39.639370 1.024012 -0.390721 J907
140.836319 39.554455 0.898723 -0.420272 J908
141.292999 39.464695 1.060774 -0.400434 J909
141.311676 39.235374 1.164872 -0.389635 J910
141.400848 39.012108 1.239636 -0.348141 J911
141.148529 38.995464 1.154228 -0.373197 J912
140.833191 38.934029 1.071837 -0.367796 J913
141.317856 38.743221 1.168983 -0.329501 J914
141.004333 38.686134 1.092016 -0.340960 J915
141.160721 38.660629 1.118585 -0.337495 J916
140.727722 38.571812 1.038423 -0.331916 J917
141.304398 38.509842 1.083804 -0.355027 J918
140.943695 38.177120 0.958845 -0.346252 J919
140.727661 37.824600 0.839339 -0.293310 J920
140.027573 40.339397 0.412807 -0.304160 J921
140.408157 40.183315 0.510669 -0.357347 J922
140.005493 40.099701 0.501607 -0.322330 J923
140.535858 39.921391 0.660863 -0.395707 J924
140.053925 39.527565 0.733504 -0.339612 J925
140.596085 39.508137 0.874953 -0.405327 J926
140.278931 39.296745 0.875117 -0.360147 J927
140.715057 39.146202 1.020944 -0.390804 J928
140.447327 39.054379 0.986650 -0.360505 J929
140.183472 38.938103 0.935553 -0.315125 J930
140.497253 38.752155 1.033153 -0.331654 J931
139.674530 38.701168 0.795857 -0.212289 J932
140.220505 38.628414 0.978037 -0.282697 J933
140.393875 38.170441 0.970482 -0.237967 J934
139.879410 37.920586 0.796276 -0.120013 J935
140.446793 37.833496 0.858099 -0.201787 J936
139.972656 37.669289 0.742114 -0.109120 J937
140.571655 37.591091 0.753308 -0.235004 J938
139.835526 37.461288 0.651189 -0.084310 J939
140.464035 37.444870 0.698046 -0.201293 J940
139.686340 37.326210 0.587480 -0.064479 J941
140.212738 37.293041 0.633951 -0.140103 J942
140.450974 37.210564 0.613792 -0.199896 J943
140.716003 37.183090 0.613871 -0.298666 J944
140.376266 37.023582 0.544403 -0.181039 J945
140.690155 36.932621 0.524633 -0.272366 J946
140.385696 36.475849 0.398660 -0.212572 J947
140.035416 37.124699 0.567378 -0.109537 J948
139.505310 36.872246 0.452054 -0.043604 J949
139.752792 36.537632 0.404045 -0.081919 J950
139.902512 36.456581 0.392472 -0.108194 J951
139.060852 36.837357 0.390820 -0.003288 J952
138.847885 36.591377 0.326346 0.015039 J954
139.016708 36.395348 0.313824 0.007895 J955
139.254639 36.267693 0.318253 -0.009455 J956
138.702988 36.200268 0.252658 0.030229 J957
138.926056 35.929928 0.227612 0.024533 J958
139.968475 35.143803 0.131699 -0.067804 J959
139.366058 35.391487 0.151860 0.000861 J960
139.111450 37.540340 0.524896 -0.029597 J961
138.634598 37.212112 0.393496 0.007883 J962
139.247101 37.157616 0.476071 -0.022562 J963
138.457352 37.107086 0.356141 0.017676 J964
140.296494 36.778957 0.462451 -0.172051 J965
137.026428 36.919510 0.213870 0.036551 J966
137.551331 36.864346 0.244048 0.038387 J967
137.154480 36.757950 0.209214 0.040818 J968
136.806396 36.592091 0.178216 0.042252 J969
137.239227 36.472801 0.190307 0.046310 J970
137.033936 37.432259 0.249015 0.020031 J971
136.908768 37.226437 0.227094 0.027342 J972
136.540680 36.537266 0.162233 0.041174 J973
136.361649 36.229565 0.136384 0.042961 J974
136.048950 36.109734 0.119700 0.040866 J975
136.657745 35.901413 0.125322 0.046974 J976
136.339584 35.888218 0.115847 0.044320 J977
135.755646 35.486572 0.083739 0.039017 J978
138.444214 35.904934 0.191644 0.042033 J979
138.949997 35.753872 0.198699 0.025623 J980
138.606873 35.467693 0.138620 0.036602 J981
138.624252 36.856686 0.341010 0.019925 J982
138.096725 36.706646 0.270068 0.037781 J983
138.120941 36.523605 0.250076 0.041323 J984
138.366043 36.260986 0.234687 0.040581 J985
137.785431 35.944603 0.165324 0.050446 J986
138.095703 35.878418 0.171089 0.048085 J987
137.450882 35.815552 0.141413 0.050912 J988
137.620163 35.661228 0.132328 0.050257 J989
137.080521 36.140263 0.156132 0.048994 J990
136.784622 35.723488 0.116927 0.047847 J991
137.309097 35.523129 0.113820 0.049285 J992
136.545288 35.480061 0.096975 0.045276 J993
137.252319 35.300552 0.096504 0.047118 J994
137.575333 35.100021 0.085507 0.044098 J995
137.152390 34.917339 0.071228 0.042066 J996
137.338776 34.785915 0.064343 0.039749 J997
136.938477 34.740051 0.060995 0.039398 J998
136.474457 34.420326 0.046611 0.034420 J999
139.488007 35.709999 0.226115 -0.011528 KGNI
135.046005 48.521000 0.003926 -0.009622 KHAJ
130.878571 31.425312 0.007187 0.007157 KNYA
140.658005 35.955002 0.438340 -0.312290 KSMV
102.796997 25.030001 0.000498 0.000445 KUNM
150.810379 59.577644 -0.000080 0.000239 MAGJ
153.979996 24.290001 -0.002366 0.003837 MCIL
141.132996 39.134998 1.120955 -0.392108 MIZU
139.559998 35.680000 0.223937 -0.018846 MTKA
100.713654 14.043016 0.000069 0.000311 NIMT
127.768921 26.144817 0.001047 0.001690 OKN1
158.649994 53.020000 0.000103 0.000241 PETS
121.080002 14.640000 -0.000173 0.000039 PIMO
130.878571 31.425308 0.007187 0.007157 S004
141.844818 43.528645 -0.001258 -0.014284 S005
142.195023 27.067532 0.000608 -0.001207 S007
139.081970 35.006851 0.086481 0.010576 S106
139.101685 34.971863 0.082381 0.008790 S107
140.087189 36.106113 0.342770 -0.143507 S110
121.199997 31.100000 0.003103 0.001825 SHAO
135.936951 33.577854 0.024224 0.023866 SMST
141.845001 43.528999 -0.001260 -0.014278 STK2
127.054001 37.276001 0.018607 0.003058 SUWN
120.989998 24.799999 0.001011 0.001042 TCMS
120.989998 24.799999 0.001011 0.001042 TNML
140.089996 36.110001 0.343434 -0.144242 TSK2
140.087006 36.105999 0.342754 -0.143464 TSKB
121.160004 24.950001 0.001064 0.001092 TWTF
107.050003 47.869999 0.001333 -0.000228 ULAB
138.362000 36.132999 0.217389 0.042237 USUD
114.357002 30.532000 0.001284 0.000682 WUHN
142.720001 47.029999 -0.002143 -0.000989 YSSK
136.503754 35.104763 0.076261 0.042301 Z101
138.185791 35.322075 0.111703 0.042590 Z102
137.423126 34.967480 0.075554 0.042492 Z103
136.981750 34.543915 0.051886 0.036459 Z104
136.802002 34.373581 0.044901 0.033997 Z105
136.388489 34.297928 0.042334 0.032733 Z106
136.139969 33.932949 0.031896 0.028000 Z107
135.743454 34.155849 0.037664 0.029588 Z108
135.290344 34.090851 0.035248 0.027381 Z109
135.399124 33.854500 0.030235 0.025687 Z110
135.871094 33.799084 0.029001 0.026179 Z111
135.406006 33.647251 0.026112 0.023828 Z112
135.834137 33.520081 0.023294 0.023202 Z113
134.510025 33.932796 0.030134 0.023118 Z114
133.796951 33.838840 0.026706 0.019808 Z115
134.484558 33.821980 0.028192 0.022330 Z116
132.564697 33.510353 0.019867 0.014592 Z117
132.360382 33.202183 0.016946 0.013219 Z118
133.431702 33.545727 0.022130 0.017277 Z119
133.699844 33.542534 0.022632 0.018106 Z120
134.056198 33.367382 0.021029 0.018285 Z121
132.974030 33.312130 0.018875 0.015084 Z123
132.822083 33.060120 0.016475 0.013853 Z124
141.669920 35.502980 0.646931 -0.483114 _CHS
142.083120 37.166010 0.655536 -0.623595 _FUK
143.362340 38.887930 -0.061559 -0.081126 _KMN
143.263500 38.636440 -0.278686 -0.137328 _KMS
142.916670 38.082940 -0.528471 0.074930 _MGI
142.433270 38.150560 0.291565 -0.045409 _MGW
