139.547653 39.185562 0.658468 -0.237406 019B (139.54765,39.18556)
130.600006 31.823999 0.007834 0.006971 AIRA (130.60001,31.82400)
102.234985 51.769707 0.001591 -0.000361 BADG (102.23499,51.76971)
115.891998 39.609001 0.003709 0.000280 BJFS (115.89200,39.60900)
142.199997 27.070000 0.000815 -0.001218 CCJ2 (142.20000,27.07000)
125.444000 43.791000 0.012021 -0.004266 CHAN (125.44400,43.79100)
145.742996 15.230000 -0.000113 0.000453 CNMR (145.74300,15.23000)
100.533936 13.735914 0.000556 0.000716 CUSV (100.53394,13.73591)
127.374001 36.398998 0.015597 0.003876 DAEJ (127.37400,36.39900)
135.928299 33.877003 0.029220 0.025652 G000 (135.92830,33.87700)
135.087646 35.419525 0.067713 0.031867 G001 (135.08765,35.41953)
135.340698 35.333458 0.068252 0.033627 G002 (135.34070,35.33346)
135.634216 35.155182 0.065551 0.035131 G003 (135.63422,35.15518)
135.219940 34.326462 0.038583 0.027395 G004 (135.21994,34.32646)
134.376114 34.760426 0.043400 0.025102 G006 (134.37611,34.76043)
136.041901 34.710644 0.053053 0.034462 G007 (136.04190,34.71064)
136.173141 34.493874 0.046215 0.032840 G008 (136.17314,34.49387)
136.002640 34.292927 0.039785 0.030210 G009 (136.00264,34.29293)
135.854797 34.241966 0.038176 0.029241 G010 (135.85480,34.24197)
135.554001 33.940796 0.030601 0.025437 G011 (135.55400,33.94080)
135.882095 33.668758 0.024864 0.023412 G012 (135.88210,33.66876)
135.533844 33.658344 0.024930 0.022775 G013 (135.53384,33.65834)
134.195267 35.529858 0.058593 0.025279 G014 (134.19527,35.52986)
133.495132 35.506935 0.049319 0.020765 G015 (133.49513,35.50694)
133.869751 35.493202 0.053580 0.023087 G016 (133.86975,35.49320)
134.155945 35.340591 0.053847 0.024968 G017 (134.15594,35.34059)
132.921997 35.491909 0.042916 0.017711 G018 (132.92200,35.49191)
133.192093 35.310692 0.042890 0.019151 G019 (133.19209,35.31069)
132.902695 35.309727 0.040210 0.017715 G020 (132.90269,35.30973)
132.669006 35.233078 0.037262 0.016672 G021 (132.66901,35.23308)
132.385559 35.031902 0.032876 0.015498 G022 (132.38556,35.03190)
132.685165 34.856747 0.032786 0.016611 G023 (132.68517,34.85675)
132.109467 34.777946 0.028587 0.014358 G024 (132.10947,34.77795)
131.810318 34.624344 0.025618 0.013231 G025 (131.81032,34.62434)
133.680756 35.282959 0.047353 0.021889 G026 (133.68076,35.28296)
133.912689 35.105026 0.046347 0.023132 G027 (133.91269,35.10503)
133.800446 34.738079 0.038665 0.021727 G028 (133.80045,34.73808)
133.972595 34.590286 0.037262 0.022213 G029 (133.97260,34.59029)
132.902100 35.035213 0.036509 0.017669 G030 (132.90210,35.03521)
132.908112 34.633671 0.031410 0.017272 G031 (132.90811,34.63367)
133.341293 34.612202 0.033655 0.019130 G032 (133.34129,34.61220)
133.140182 34.515621 0.031195 0.018036 G033 (133.14018,34.51562)
132.691956 34.184635 0.025278 0.015621 G035 (132.69196,34.18464)
132.531631 34.069233 0.023516 0.014835 G036 (132.53163,34.06923)
131.735321 34.195274 0.021714 0.012570 G037 (131.73532,34.19527)
132.052734 34.090061 0.022000 0.013360 G038 (132.05273,34.09006)
131.113037 34.020523 0.018510 0.010799 G039 (131.11304,34.02052)
132.119965 33.845917 0.020177 0.013118 G040 (132.11996,33.84592)
134.457306 33.993687 0.029238 0.021785 G041 (134.45731,33.99369)
134.211166 33.934563 0.027539 0.020475 G042 (134.21117,33.93456)
134.175980 34.478535 0.036508 0.022872 G044 (134.17598,34.47853)
133.899384 34.325920 0.032416 0.020897 G045 (133.89938,34.32592)
133.350693 33.974171 0.025320 0.017392 G046 (133.35069,33.97417)
133.047394 33.884090 0.023335 0.016067 G047 (133.04739,33.88409)
132.798523 33.642731 0.020249 0.014588 G048 (132.79852,33.64273)
132.743683 33.305054 0.017177 0.013433 G049 (132.74368,33.30505)
132.633636 33.096088 0.015375 0.012545 G050 (132.63364,33.09609)
133.531021 33.625805 0.021771 0.016717 G051 (133.53102,33.62580)
133.154495 33.607021 0.020740 0.015517 G052 (133.15450,33.60702)
134.099319 33.497108 0.021286 0.017819 G053 (134.09932,33.49711)
133.089539 33.416664 0.018765 0.014683 G054 (133.08954,33.41666)
134.205536 33.394894 0.020170 0.017565 G055 (134.20554,33.39489)
132.972137 33.193138 0.016606 0.013623 G056 (132.97214,33.19314)
132.831467 32.961067 0.014608 0.012541 G058 (132.83147,32.96107)
132.555435 32.738613 0.012834 0.011333 G059 (132.55544,32.73861)
130.722427 33.929722 0.017085 0.009938 G060 (130.72243,33.92972)
130.971115 33.867008 0.017267 0.010363 G061 (130.97112,33.86701)
130.296906 33.683071 0.015092 0.009010 G062 (130.29691,33.68307)
130.675674 33.579769 0.015212 0.009553 G063 (130.67567,33.57977)
130.995422 33.564732 0.015653 0.010095 G064 (130.99542,33.56473)
130.079269 33.503036 0.013907 0.008498 G065 (130.07927,33.50304)
130.097214 33.292004 0.013014 0.008326 G066 (130.09721,33.29200)
129.862946 33.073387 0.011718 0.007718 G067 (129.86295,33.07339)
129.958954 32.768307 0.010653 0.007511 G068 (129.95895,32.76831)
130.621765 33.060135 0.012707 0.008879 G069 (130.62177,33.06013)
130.872650 32.995934 0.012686 0.009168 G070 (130.87265,32.99593)
130.748367 32.709232 0.011310 0.008575 G071 (130.74837,32.70923)
130.827347 32.396080 0.010083 0.008190 G073 (130.82735,32.39608)
130.179886 32.367409 0.009409 0.007292 G074 (130.17989,32.36741)
130.656494 32.343513 0.009754 0.007887 G075 (130.65649,32.34351)
130.986389 32.292397 0.009768 0.008214 G076 (130.98639,32.29240)
131.521149 33.514332 0.016320 0.011049 G077 (131.52115,33.51433)
131.291672 33.383755 0.015151 0.010401 G078 (131.29167,33.38375)
131.748413 33.096195 0.014171 0.010750 G079 (131.74841,33.09620)
132.039047 32.936356 0.013573 0.010935 G080 (132.03905,32.93636)
131.441528 32.898895 0.012765 0.009868 G081 (131.44153,32.89890)
131.629227 32.852222 0.012697 0.010072 G082 (131.62923,32.85222)
131.364700 32.527931 0.010955 0.009095 G083 (131.36470,32.52793)
131.583023 32.316231 0.010122 0.008958 G084 (131.58302,32.31623)
131.347488 32.111889 0.009206 0.008299 G085 (131.34749,32.11189)
131.254456 32.001804 0.008754 0.007993 G086 (131.25446,32.00180)
130.976959 31.877796 0.008205 0.007473 G087 (130.97696,31.87780)
131.470062 31.785973 0.007996 0.007786 G088 (131.47006,31.78597)
130.735672 31.743780 0.007637 0.006982 G089 (130.73567,31.74378)
130.998306 31.564604 0.007146 0.006929 G090 (130.99831,31.56460)
130.340057 31.450253 0.006536 0.006117 G091 (130.34006,31.45025)
130.540588 31.377237 0.006413 0.006186 G092 (130.54059,31.37724)
130.867111 31.242748 0.006126 0.006244 G093 (130.86711,31.24275)
127.993683 26.386345 0.000759 0.001350 G094 (127.99368,26.38634)
127.760361 26.312714 0.000775 0.001340 G095 (127.76036,26.31271)
127.677628 26.194576 0.000756 0.001311 G096 (127.67763,26.19458)
153.978653 24.290094 -0.001895 0.003173 G098 (153.97865,24.29009)
137.550842 36.114304 0.164003 0.048753 G099 (137.55084,36.11430)
138.727310 35.360771 0.118811 0.030775 G100 (138.72731,35.36077)
140.858307 43.209526 0.008942 -0.041598 G101 (140.85831,43.20953)
139.489197 42.078789 0.079131 -0.118704 G102 (139.48920,42.07879)
140.859207 40.897495 0.202544 -0.216991 G103 (140.85921,40.89750)
139.703461 39.942116 0.490629 -0.279063 G104 (139.70346,39.94212)
139.545959 38.563339 0.728401 -0.167960 G105 (139.54596,38.56334)
140.249451 35.129383 0.130465 -0.109393 G107 (140.24945,35.12938)
139.615540 35.160152 0.104428 -0.021672 G108 (139.61554,35.16015)
138.281250 37.814758 0.394520 -0.015032 G109 (138.28125,37.81476)
138.508514 37.356544 0.378920 0.006050 G110 (138.50851,37.35654)
136.900330 37.405727 0.226848 0.020546 G111 (136.90033,37.40573)
136.148849 36.254585 0.124179 0.039013 G112 (136.14885,36.25459)
139.132965 34.895485 0.066346 0.005168 G113 (139.13297,34.89548)
138.764206 34.806900 0.059196 0.017538 G114 (138.76421,34.80690)
138.327408 34.870670 0.065753 0.030009 G115 (138.32741,34.87067)
136.823837 34.903965 0.065077 0.039477 G116 (136.82384,34.90396)
135.191544 34.144146 0.034355 0.025880 G117 (135.19154,34.14415)
134.315933 35.593685 0.061757 0.026111 G118 (134.31593,35.59369)
131.604645 34.627590 0.024658 0.012580 G119 (131.60464,34.62759)
133.243500 33.333500 0.018249 0.014788 G120 (133.24350,33.33350)
129.849289 33.473080 0.013364 0.008089 G121 (129.84929,33.47308)
134.178116 33.266125 0.018642 0.016800 G122 (134.17812,33.26612)
130.191071 32.017410 0.008191 0.006800 G123 (130.19107,32.01741)
127.824677 26.179472 0.000727 0.001297 G124 (127.82468,26.17947)
132.982178 32.869484 0.014071 0.012533 G125 (132.98218,32.86948)
132.810654 32.762100 0.013177 0.011855 G126 (132.81065,32.76210)
137.814484 35.777534 0.141464 0.048467 G127 (137.81448,35.77753)
136.728745 35.405132 0.090834 0.043971 G128 (136.72874,35.40513)
136.431931 34.603333 0.050683 0.034822 G129 (136.43193,34.60333)
135.589935 33.747604 0.026627 0.023722 G130 (135.58994,33.74760)
133.940872 33.722511 0.023845 0.018447 G131 (133.94087,33.72251)
133.043228 33.545834 0.019894 0.014991 G132 (133.04323,33.54583)
132.488770 33.039463 0.014777 0.012072 G133 (132.48877,33.03946)
132.922653 33.391029 0.018228 0.014157 G134 (132.92265,33.39103)
133.699570 35.490398 0.051437 0.022007 G135 (133.69957,35.49040)
137.636871 34.702118 0.056006 0.035051 G136 (137.63687,34.70212)
131.384033 33.078835 0.013630 0.010086 G137 (131.38403,33.07883)
137.595978 36.576969 0.209480 0.043517 G138 (137.59598,36.57697)
136.540482 34.285072 0.039724 0.031113 G139 (136.54048,34.28507)
136.081070 20.425549 -0.000265 -0.000489 G140 (136.08107,20.42555)
132.961685 33.103912 0.015860 0.013296 G141 (132.96169,33.10391)
132.675827 32.927689 0.014206 0.012123 G142 (132.67583,32.92769)
136.295578 34.930733 0.062890 0.037676 G143 (136.29558,34.93073)
138.794662 34.970566 0.074281 0.020514 G144 (138.79466,34.97057)
141.283188 38.901936 1.158798 -0.327852 G145 (141.28319,38.90194)
135.426102 34.085499 0.033614 0.026316 G146 (135.42610,34.08550)
131.835007 34.043789 0.020867 0.012649 G147 (131.83501,34.04379)
136.728226 34.490002 0.046875 0.033928 G148 (136.72823,34.49000)
136.693192 34.296612 0.039955 0.031298 G149 (136.69319,34.29661)
140.898788 42.557934 0.021234 -0.059385 G150 (140.89879,42.55793)
132.650330 34.492138 0.028404 0.016037 G151 (132.65033,34.49214)
133.924103 33.622295 0.022538 0.017918 G152 (133.92410,33.62230)
134.114166 33.774574 0.024948 0.019295 G153 (134.11417,33.77457)
135.305313 33.769405 0.026950 0.023212 G154 (135.30531,33.76941)
135.970596 33.660805 0.024576 0.023407 G155 (135.97060,33.66080)
136.024353 33.820427 0.027861 0.025172 G156 (136.02435,33.82043)
132.339813 34.397049 0.025967 0.014773 G157 (132.33981,34.39705)
136.772705 37.000721 0.194804 0.032294 G158 (136.77271,37.00072)
141.054657 39.362015 0.977041 -0.390093 G159 (141.05466,39.36201)
137.723373 34.672314 0.054149 0.033834 G160 (137.72337,34.67231)
137.442459 34.680382 0.055130 0.035753 G161 (137.44246,34.68038)
139.533829 38.511196 0.725117 -0.159534 G162 (139.53383,38.51120)
139.276184 36.602337 0.359976 -0.015082 G163 (139.27618,36.60234)
132.268814 34.575432 0.027408 0.014751 G164 (132.26881,34.57543)
141.685333 45.407822 -0.002433 -0.007367 G201 (141.68533,45.40782)
144.285797 44.019413 0.004460 0.016134 G202 (144.28580,44.01941)
144.371399 42.975571 0.015420 0.031533 G203 (144.37140,42.97557)
140.724533 41.781658 0.065989 -0.110489 G204 (140.72453,41.78166)
139.824921 34.918789 0.071586 -0.043880 G206 (139.82492,34.91879)
137.224579 36.762173 0.203969 0.039611 G207 (137.22458,36.76217)
135.773193 33.475948 0.021431 0.021372 G208 (135.77319,33.47595)
132.066208 34.897312 0.029518 0.014263 G209 (132.06621,34.89731)
129.866196 32.735119 0.010393 0.007332 G210 (129.86620,32.73512)
131.409302 31.576969 0.007259 0.007319 G211 (131.40930,31.57697)
127.665207 26.213327 0.000763 0.001317 G212 (127.66521,26.21333)
142.194611 27.093943 0.000819 -0.001235 G213 (142.19461,27.09394)
144.869995 13.590000 -0.000112 0.000315 GUAM (144.87000,13.59000)
144.800003 13.430000 -0.000111 0.000305 GUUG (144.80000,13.43000)
139.542297 36.295162 0.333136 -0.039890 I001 (139.54230,36.29516)
140.174271 36.263268 0.353644 -0.153905 I002 (140.17427,36.26327)
139.810532 36.203671 0.332101 -0.078065 I003 (139.81053,36.20367)
140.544479 36.181309 0.380669 -0.265813 I004 (140.54448,36.18131)
139.345169 36.120953 0.284365 -0.009592 I005 (139.34517,36.12095)
140.343155 36.096935 0.353915 -0.202666 I006 (140.34315,36.09694)
139.636719 36.087227 0.302158 -0.043739 I007 (139.63672,36.08723)
139.799927 36.010895 0.295658 -0.066491 I008 (139.79993,36.01089)
140.659241 35.955456 0.402199 -0.302886 I009 (140.65924,35.95546)
140.402954 35.970409 0.353665 -0.221743 I010 (140.40295,35.97041)
139.464279 35.925503 0.256158 -0.013920 I011 (139.46428,35.92550)
139.992722 35.940292 0.293010 -0.104689 I012 (139.99272,35.94029)
139.651855 35.937469 0.272337 -0.037961 I013 (139.65186,35.93747)
140.145493 35.873650 0.296343 -0.142488 I014 (140.14549,35.87365)
140.407013 35.803329 0.328750 -0.216103 I015 (140.40701,35.80333)
139.812805 35.780212 0.247547 -0.056807 I016 (139.81281,35.78021)
140.024750 35.786465 0.265862 -0.104111 I018 (140.02475,35.78646)
139.488266 35.710369 0.211188 -0.009645 I019 (139.48827,35.71037)
140.315140 35.717453 0.290599 -0.180936 I020 (140.31514,35.71745)
140.646820 35.777302 0.383908 -0.285120 I021 (140.64682,35.77730)
140.837234 35.726357 0.410256 -0.337917 I022 (140.83723,35.72636)
139.902359 35.675465 0.229835 -0.068792 I023 (139.90236,35.67546)
140.448303 35.642353 0.298361 -0.215222 I024 (140.44830,35.64235)
140.186569 35.544144 0.225130 -0.126030 I025 (140.18657,35.54414)
139.673355 35.563404 0.188476 -0.027617 I026 (139.67336,35.56340)
140.318237 35.530117 0.240474 -0.162449 I027 (140.31824,35.53012)
139.467834 35.521408 0.169248 -0.005646 I028 (139.46783,35.52141)
139.322571 35.482639 0.155521 0.005399 I029 (139.32257,35.48264)
140.051331 35.447784 0.185213 -0.086611 I030 (140.05133,35.44778)
139.045181 35.415352 0.134440 0.020048 I031 (139.04518,35.41535)
139.653748 35.436485 0.159043 -0.023910 I032 (139.65375,35.43649)
140.337372 35.421127 0.212631 -0.156895 I033 (140.33737,35.42113)
139.466064 35.326683 0.130728 -0.006618 I034 (139.46606,35.32668)
139.262695 35.304901 0.122096 0.007115 I035 (139.26270,35.30490)
139.825516 35.311703 0.139250 -0.044498 I036 (139.82552,35.31170)
140.146790 35.333141 0.164945 -0.100649 I037 (140.14679,35.33314)
138.881653 35.321602 0.116725 0.025150 I038 (138.88165,35.32160)
139.843567 35.143711 0.106886 -0.046116 I039 (139.84357,35.14371)
140.268021 35.165901 0.140152 -0.115906 I041 (140.26802,35.16590)
139.110443 35.148605 0.096498 0.012176 I042 (139.11044,35.14861)
138.901855 35.110016 0.089926 0.020088 I043 (138.90186,35.11002)
140.079269 35.111862 0.111870 -0.078558 I044 (140.07927,35.11186)
139.954346 35.254807 0.133115 -0.062403 I045 (139.95435,35.25481)
138.997925 35.014828 0.079347 0.014087 I046 (138.99792,35.01483)
139.864075 34.954082 0.077219 -0.048006 I047 (139.86407,34.95408)
139.131165 34.939308 0.071050 0.006298 I048 (139.13116,34.93931)
138.924820 34.916115 0.068811 0.014594 I049 (138.92482,34.91611)
137.672333 34.835331 0.063750 0.037262 I050 (137.67233,34.83533)
139.381393 34.784420 0.054264 -0.010736 I051 (139.38139,34.78442)
138.017532 34.785950 0.060302 0.033051 I052 (138.01753,34.78595)
138.989822 34.751350 0.053285 0.008051 I053 (138.98982,34.75135)
139.433212 34.686787 0.044968 -0.015586 I055 (139.43321,34.68679)
139.257904 34.371826 0.024371 -0.011142 I057 (139.25790,34.37183)
139.134460 34.200478 0.017447 -0.008237 I058 (139.13446,34.20048)
139.503845 34.121067 0.010669 -0.024740 I059 (139.50385,34.12107)
139.547150 34.059113 0.008166 -0.026844 I060 (139.54715,34.05911)
139.013687 34.921822 0.069283 0.011173 I061 (139.01369,34.92182)
139.124359 34.878475 0.064605 0.005174 I062 (139.12436,34.87848)
139.268127 35.723759 0.200164 0.008348 I063 (139.26813,35.72376)
138.975861 35.623348 0.165766 0.024654 I064 (138.97586,35.62335)
139.157227 35.610275 0.172171 0.015855 I065 (139.15723,35.61028)
139.204865 35.428520 0.141476 0.012186 I066 (139.20486,35.42852)
139.664841 35.267094 0.124697 -0.025426 I067 (139.66484,35.26709)
139.049332 35.245514 0.109076 0.017036 I068 (139.04933,35.24551)
138.445251 35.443581 0.122711 0.038698 I069 (138.44525,35.44358)
138.814041 35.496590 0.139741 0.029922 I070 (138.81404,35.49659)
138.563431 35.362080 0.115591 0.035028 I071 (138.56343,35.36208)
138.770676 35.305538 0.112526 0.028542 I072 (138.77068,35.30554)
138.445694 35.289463 0.105255 0.036298 I073 (138.44569,35.28946)
138.253510 35.200977 0.094004 0.038023 I074 (138.25351,35.20098)
138.616989 35.203182 0.097996 0.030857 I075 (138.61699,35.20318)
138.721542 35.173592 0.095785 0.027411 I076 (138.72154,35.17359)
138.524704 35.067406 0.083062 0.030209 I077 (138.52470,35.06741)
138.368698 35.103458 0.085687 0.034205 I078 (138.36870,35.10346)
138.134903 35.103912 0.084410 0.037891 I079 (138.13490,35.10391)
138.378296 34.990524 0.075559 0.031646 I081 (138.37830,34.99052)
137.695236 35.079292 0.079958 0.041362 I084 (137.69524,35.07929)
138.786057 34.776073 0.056514 0.016089 I085 (138.78606,34.77607)
138.838425 34.610001 0.043466 0.010438 I086 (138.83842,34.61000)
138.074860 34.939796 0.071090 0.035461 I088 (138.07486,34.93980)
137.932144 34.843857 0.064257 0.035212 I089 (137.93214,34.84386)
137.817947 34.941345 0.070779 0.038145 I090 (137.81795,34.94135)
138.136917 34.757755 0.058115 0.030806 I091 (138.13692,34.75776)
138.225601 34.738308 0.056484 0.028950 I092 (138.22560,34.73831)
138.053543 34.715252 0.055637 0.031107 I093 (138.05354,34.71525)
138.129288 34.642902 0.050818 0.028465 I094 (138.12929,34.64290)
137.937439 34.670422 0.053333 0.031656 I095 (137.93744,34.67042)
137.911270 34.755394 0.058571 0.033672 I096 (137.91127,34.75539)
137.791794 34.792835 0.061092 0.035566 I097 (137.79179,34.79284)
137.823425 34.671883 0.053821 0.032918 I098 (137.82343,34.67188)
137.575485 34.937675 0.069975 0.039591 I099 (137.57549,34.93768)
137.434006 34.864815 0.065251 0.038916 I102 (137.43401,34.86481)
137.554337 34.808727 0.062131 0.037469 I103 (137.55434,34.80873)
137.514938 34.718052 0.057052 0.036068 I104 (137.51494,34.71805)
139.171036 35.040627 0.082958 0.006712 I105 (139.17104,35.04063)
139.797241 33.119949 -0.005894 -0.029359 I113 (139.79724,33.11995)
104.316177 52.219021 0.001594 -0.000444 IRKJ (104.31618,52.21902)
104.316238 52.219025 0.001594 -0.000444 IRKM (104.31624,52.21902)
104.316002 52.219002 0.001594 -0.000444 IRKT (104.31600,52.21900)
141.750443 45.402992 -0.002487 -0.006907 J001 (141.75044,45.40299)
143.224182 44.433685 -0.001076 0.006345 J002 (143.22418,44.43369)
141.756317 44.397949 -0.002348 -0.010209 J003 (141.75632,44.39795)
144.675842 43.915691 0.006742 0.017718 J004 (144.67584,43.91569)
144.449005 43.507858 0.009139 0.022672 J005 (144.44901,43.50786)
142.482483 43.589657 -0.001035 0.001476 J007 (142.48248,43.58966)
141.510376 43.854012 -0.000669 -0.017201 J008 (141.51038,43.85401)
145.129623 43.070080 0.016918 0.025654 J009 (145.12962,43.07008)
144.431931 42.963261 0.015967 0.031612 J010 (144.43193,42.96326)
143.459229 43.028625 0.007902 0.025812 J011 (143.45923,43.02863)
142.401978 42.980515 0.002347 0.003338 J012 (142.40198,42.98051)
141.030914 43.177853 0.007385 -0.037747 J013 (141.03091,43.17785)
141.730667 42.983253 0.003496 -0.018771 J014 (141.73067,42.98325)
143.331009 42.321594 0.020010 0.043744 J015 (143.33101,42.32159)
142.364609 42.356903 0.011018 0.008825 J016 (142.36461,42.35690)
139.857666 42.450733 0.048515 -0.093755 J017 (139.85767,42.45073)
140.942413 42.374214 0.026176 -0.064719 J018 (140.94241,42.37421)
143.156525 42.005856 0.028177 0.052518 J019 (143.15652,42.00586)
139.519592 42.153545 0.073263 -0.114125 J020 (139.51959,42.15355)
140.107330 42.008076 0.068495 -0.115305 J021 (140.10733,42.00808)
140.747833 41.826073 0.061518 -0.105793 J022 (140.74783,41.82607)
140.040649 41.466377 0.125181 -0.161164 J023 (140.04065,41.46638)
141.213272 41.300774 0.097333 -0.123269 J024 (141.21327,41.30077)
140.272980 40.778984 0.256979 -0.244547 J026 (140.27298,40.77898)
141.789093 40.133450 0.554679 -0.275534 J027 (141.78909,40.13345)
141.939957 39.572384 0.983693 -0.244188 J028 (141.93996,39.57238)
141.203918 39.110626 1.106099 -0.362258 J029 (141.20392,39.11063)
139.776154 39.967903 0.493074 -0.286500 J030 (139.77615,39.96790)
140.048233 39.398697 0.742826 -0.318932 J031 (140.04823,39.39870)
139.808853 38.894604 0.788542 -0.243752 J032 (139.80885,38.89460)
140.318741 38.758595 0.962083 -0.297493 J033 (140.31874,38.75859)
140.366089 38.331028 0.960910 -0.243616 J035 (140.36609,38.33103)
141.441162 38.449196 1.031521 -0.354485 J036 (141.44116,38.44920)
140.954178 38.317486 0.968065 -0.308858 J037 (140.95418,38.31749)
140.908081 37.800671 0.747693 -0.355421 J038 (140.90808,37.80067)
139.791504 37.643696 0.669039 -0.084603 J040 (139.79150,37.64370)
140.902512 37.090714 0.550790 -0.352875 J041 (140.90251,37.09071)
140.611832 36.539928 0.379168 -0.256277 J042 (140.61183,36.53993)
139.726425 36.401848 0.363583 -0.070011 J043 (139.72643,36.40185)
138.906265 36.697025 0.333954 0.011340 J044 (138.90627,36.69703)
138.865402 36.259033 0.262269 0.022119 J045 (138.86540,36.25903)
137.851120 36.499767 0.217491 0.043770 J046 (137.85112,36.49977)
137.943802 35.923580 0.160900 0.048018 J047 (137.94380,35.92358)
138.583298 35.590336 0.145091 0.037323 J048 (138.58330,35.59034)
139.509567 38.230690 0.705551 -0.118948 J049 (139.50957,38.23069)
138.988861 37.896469 0.530970 -0.047920 J050 (138.98886,37.89647)
138.574402 37.397678 0.393288 0.002104 J051 (138.57440,37.39768)
137.487228 36.928959 0.234170 0.035713 J052 (137.48723,36.92896)
136.889160 37.382374 0.224763 0.021353 J053 (136.88916,37.38237)
136.649933 36.663410 0.167356 0.038460 J054 (136.64993,36.66341)
136.172974 36.231174 0.123742 0.039399 J055 (136.17297,36.23117)
136.105804 35.602562 0.090517 0.040244 J056 (136.10580,35.60256)
135.233383 35.549904 0.073948 0.033121 J057 (135.23338,35.54990)
137.347916 36.135994 0.158019 0.048331 J058 (137.34792,36.13599)
137.248367 35.800484 0.127644 0.048507 J059 (137.24837,35.80048)
136.900024 35.526073 0.100936 0.045726 J060 (136.90002,35.52607)
137.467575 35.396767 0.101037 0.046286 J061 (137.46758,35.39677)
136.158234 35.094727 0.068545 0.038240 J062 (136.15823,35.09473)
137.041290 35.128109 0.078522 0.042735 J063 (137.04129,35.12811)
136.502289 34.758999 0.057012 0.036805 J064 (136.50229,34.75900)
136.851135 34.465389 0.045928 0.033611 J065 (136.85114,34.46539)
136.198364 34.060658 0.033473 0.028066 J066 (136.19836,34.06066)
135.500977 34.837997 0.053931 0.032507 J067 (135.50098,34.83800)
135.851410 34.392300 0.042327 0.030694 J068 (135.85141,34.39230)
135.221497 34.157684 0.034736 0.026111 J069 (135.22150,34.15768)
135.764420 33.483360 0.021573 0.021437 J070 (135.76442,33.48336)
134.550385 34.784813 0.045282 0.026262 J071 (134.55038,34.78481)
133.058655 35.433876 0.043436 0.018427 J074 (133.05865,35.43388)
132.208969 35.002811 0.031440 0.014817 J075 (132.20897,35.00281)
131.610367 34.616493 0.024594 0.012591 J076 (131.61037,34.61649)
133.527985 34.548798 0.033842 0.019854 J077 (133.52798,34.54880)
132.575439 34.340355 0.026426 0.015511 J078 (132.57544,34.34035)
130.913635 33.996555 0.017872 0.010359 J079 (130.91364,33.99656)
134.023911 34.286026 0.032376 0.021320 J080 (134.02391,34.28603)
134.626022 33.926857 0.028592 0.022056 J081 (134.62602,33.92686)
134.122131 33.315895 0.019163 0.016931 J082 (134.12213,33.31590)
133.578262 33.529148 0.020797 0.016465 J083 (133.57826,33.52915)
133.241791 33.272900 0.017686 0.014558 J084 (133.24179,33.27290)
132.966415 32.755737 0.013240 0.012112 J085 (132.96642,32.75574)
132.281174 33.469009 0.017590 0.012724 J086 (132.28117,33.46901)
130.476776 33.730721 0.015622 0.009350 J087 (130.47678,33.73072)
131.691376 33.461544 0.016320 0.011323 J088 (131.69138,33.46154)
130.967819 33.331085 0.014402 0.009764 J089 (130.96782,33.33109)
131.876373 32.924587 0.013331 0.010623 J090 (131.87637,32.92459)
129.850296 33.476070 0.013378 0.008094 J091 (129.85030,33.47607)
130.645599 32.546410 0.010548 0.008189 J093 (130.64560,32.54641)
131.632324 32.445446 0.010715 0.009275 J094 (131.63232,32.44545)
131.469681 32.021755 0.008883 0.008253 J095 (131.46968,32.02176)
130.190140 32.013245 0.008177 0.006793 J096 (130.19014,32.01324)
130.466446 31.503769 0.006750 0.006316 J097 (130.46645,31.50377)
130.299484 31.264591 0.006015 0.005812 J098 (130.29948,31.26459)
131.087540 31.258533 0.006213 0.006450 J099 (131.08754,31.25853)
127.768921 26.144814 0.000727 0.001291 J100 (127.76892,26.14481)
142.169739 45.335827 -0.002667 -0.003990 J101 (142.16974,45.33583)
141.038208 45.275967 -0.001423 -0.012912 J102 (141.03821,45.27597)
142.537094 45.002399 -0.002621 -0.001264 J103 (142.53709,45.00240)
141.741394 44.892460 -0.002545 -0.008621 J104 (141.74139,44.89246)
142.265244 44.728497 -0.002781 -0.003651 J105 (142.26524,44.72850)
141.330063 44.427048 -0.001379 -0.015675 J106 (141.33006,44.42705)
142.625595 44.294567 -0.002266 0.000932 J107 (142.62560,44.29457)
144.029770 44.063873 0.003102 0.014768 J108 (144.02977,44.06387)
145.186096 44.019184 0.007691 0.016049 J109 (145.18610,44.01918)
142.151688 44.006779 -0.002274 -0.005238 J110 (142.15169,44.00678)
143.333694 44.005619 0.000331 0.010511 J111 (143.33369,44.00562)
143.926941 42.894516 0.013630 0.032897 J112 (143.92694,42.89452)
144.986969 43.549397 0.010952 0.021104 J113 (144.98697,43.54940)
143.787262 43.848896 0.003088 0.015845 J114 (143.78726,43.84890)
145.131439 43.661823 0.010328 0.019394 J115 (145.13144,43.66182)
144.774323 43.408688 0.011651 0.023521 J116 (144.77432,43.40869)
141.431183 43.404678 0.001885 -0.023394 J117 (141.43118,43.40468)
145.114960 43.382526 0.013054 0.022310 J118 (145.11496,43.38253)
145.801132 43.366852 0.013905 0.017448 J119 (145.80113,43.36685)
140.597076 43.292583 0.010949 -0.045681 J120 (140.59708,43.29258)
143.562424 43.289471 0.005838 0.021991 J121 (143.56242,43.28947)
144.325027 43.232933 0.011510 0.026890 J122 (144.32503,43.23293)
143.298019 43.231995 0.004579 0.019737 J123 (143.29802,43.23199)
144.126526 43.120609 0.011721 0.028706 J124 (144.12653,43.12061)
144.843018 43.057594 0.016362 0.027999 J125 (144.84302,43.05759)
140.499176 43.056828 0.016303 -0.054718 J126 (140.49918,43.05683)
140.543945 42.985252 0.017069 -0.055921 J127 (140.54395,42.98525)
141.290329 42.971378 0.007199 -0.033995 J128 (141.29033,42.97138)
140.883347 42.857887 0.014338 -0.050156 J129 (140.88335,42.85789)
140.603516 42.802719 0.020232 -0.060513 J130 (140.60352,42.80272)
140.233200 42.786434 0.027571 -0.070702 J131 (140.23320,42.78643)
141.863983 42.729443 0.005701 -0.015353 J132 (141.86398,42.72944)
142.295807 42.727238 0.004848 0.001837 J133 (142.29581,42.72724)
143.103256 42.699268 0.009575 0.027309 J134 (143.10326,42.69927)
141.074951 42.667877 0.015318 -0.048927 J135 (141.07495,42.66788)
141.602264 42.655529 0.008708 -0.027179 J136 (141.60226,42.65553)
140.825684 42.646290 0.020189 -0.058927 J137 (140.82568,42.64629)
143.461151 42.551647 0.015821 0.038162 J138 (143.46115,42.55165)
141.361481 42.549801 0.013585 -0.039930 J139 (141.36148,42.54980)
140.354202 42.494362 0.035143 -0.080517 J140 (140.35420,42.49436)
142.060226 42.481281 0.008737 -0.007004 J141 (142.06023,42.48128)
142.567459 42.247726 0.014363 0.020619 J142 (142.56746,42.24773)
140.250488 42.243679 0.049457 -0.096683 J143 (140.25049,42.24368)
142.935394 42.130936 0.020954 0.039950 J144 (142.93539,42.13094)
140.003952 42.130848 0.062866 -0.109382 J145 (140.00395,42.13085)
140.568863 42.098606 0.048733 -0.094945 J146 (140.56886,42.09861)
140.805542 42.042969 0.044893 -0.087968 J147 (140.80554,42.04297)
140.315887 41.599026 0.099431 -0.143102 J149 (140.31589,41.59903)
140.880508 41.455299 0.093351 -0.132384 J150 (140.88051,41.45530)
140.635895 41.043221 0.177332 -0.201455 J151 (140.63589,41.04322)
141.367966 40.968243 0.147753 -0.153251 J152 (141.36797,40.96824)
141.197830 40.625069 0.271163 -0.248998 J153 (141.19783,40.62507)
139.928116 40.577644 0.311752 -0.255640 J154 (139.92812,40.57764)
140.578140 40.523655 0.341810 -0.293495 J155 (140.57814,40.52365)
141.511276 40.515358 0.291000 -0.227972 J156 (141.51128,40.51536)
141.076477 40.291077 0.446438 -0.337734 J157 (141.07648,40.29108)
141.713135 40.405201 0.332208 -0.212402 J158 (141.71313,40.40520)
141.293686 40.291149 0.438175 -0.319384 J159 (141.29369,40.29115)
141.461945 40.048599 0.627883 -0.346025 J160 (141.46194,40.04860)
141.225067 39.980576 0.652447 -0.378081 J161 (141.22507,39.98058)
141.950546 39.869370 0.756008 -0.254069 J162 (141.95055,39.86937)
141.164856 39.851246 0.734939 -0.391386 J163 (141.16486,39.85125)
141.803848 39.849174 0.868826 -0.316386 J164 (141.80385,39.84917)
140.964508 39.701092 0.800732 -0.402566 J165 (140.96451,39.70109)
141.172104 39.596573 0.894646 -0.392217 J166 (141.17210,39.59657)
141.955261 39.458160 1.002651 -0.195867 J167 (141.95526,39.45816)
141.534164 39.338055 1.171480 -0.329765 J169 (141.53416,39.33805)
141.798035 39.253517 1.122571 -0.190791 J170 (141.79803,39.25352)
141.739853 39.023781 1.058591 -0.207236 J171 (141.73985,39.02378)
141.572586 38.902859 1.171229 -0.275541 J172 (141.57259,38.90286)
140.990585 38.815342 1.071054 -0.335800 J173 (140.99059,38.81534)
140.801636 38.748936 1.033122 -0.330207 J174 (140.80164,38.74894)
141.449371 38.682697 1.123144 -0.319703 J175 (141.44937,38.68270)
141.147537 38.539482 1.062243 -0.327074 J176 (141.14754,38.53948)
140.851364 38.411758 0.986931 -0.310026 J177 (140.85136,38.41176)
140.642853 38.205742 0.938274 -0.265867 J178 (140.64285,38.20574)
140.843994 38.029659 0.852760 -0.296993 J179 (140.84399,38.02966)
140.442581 37.989929 0.874244 -0.199575 J180 (140.44258,37.98993)
140.577347 40.325047 0.428212 -0.327932 J181 (140.57735,40.32505)
140.263657 40.271156 0.435260 -0.313941 J182 (140.26366,40.27116)
140.787338 40.215439 0.489872 -0.354856 J183 (140.78734,40.21544)
140.048676 40.247295 0.427199 -0.297736 J184 (140.04868,40.24730)
140.401993 40.006878 0.567389 -0.353887 J185 (140.40199,40.00688)
140.132370 39.936054 0.559178 -0.328661 J186 (140.13237,39.93605)
140.597046 39.749161 0.723422 -0.386601 J187 (140.59705,39.74916)
140.234207 39.658310 0.694155 -0.348943 J188 (140.23421,39.65831)
140.386627 39.549294 0.772140 -0.366368 J189 (140.38663,39.54929)
140.559784 39.327003 0.898753 -0.377560 J190 (140.55978,39.32700)
139.907715 39.206062 0.757477 -0.287492 J191 (139.90771,39.20606)
140.161987 39.164211 0.844536 -0.320083 J192 (140.16199,39.16421)
140.629593 39.051903 0.990520 -0.360646 J193 (140.62959,39.05190)
139.547653 39.185562 0.658468 -0.237406 J194 (139.54765,39.18556)
139.957367 38.759720 0.855651 -0.248381 J195 (139.95737,38.75972)
139.831772 38.594036 0.825248 -0.208210 J196 (139.83177,38.59404)
139.742249 38.146175 0.769564 -0.129781 J197 (139.74225,38.14618)
140.093521 37.963608 0.826531 -0.143000 J198 (140.09352,37.96361)
140.077576 38.197544 0.877889 -0.176235 J199 (140.07758,38.19754)
140.466492 37.683308 0.754084 -0.193313 J200 (140.46649,37.68331)
140.755081 37.560555 0.693004 -0.302508 J201 (140.75508,37.56055)
140.072678 37.566948 0.694441 -0.116353 J202 (140.07268,37.56695)
141.006607 37.533691 0.654667 -0.426607 J203 (141.00661,37.53369)
139.528625 37.473461 0.575152 -0.052505 J204 (139.52863,37.47346)
140.662109 37.325470 0.634120 -0.264829 J205 (140.66211,37.32547)
139.364349 37.302799 0.507147 -0.032832 J206 (139.36435,37.30280)
139.503769 37.281490 0.526524 -0.043304 J207 (139.50377,37.28149)
139.871429 37.261070 0.576163 -0.081928 J209 (139.87143,37.26107)
140.259933 37.126293 0.557879 -0.146803 J210 (140.25993,37.12629)
140.561646 37.089294 0.559469 -0.228389 J211 (140.56165,37.08929)
140.413269 36.862091 0.476457 -0.189065 J212 (140.41327,36.86209)
140.293427 36.650566 0.417970 -0.170269 J213 (140.29343,36.65057)
140.753906 36.800308 0.447119 -0.274950 J214 (140.75391,36.80031)
140.077942 36.364914 0.365013 -0.132318 J215 (140.07794,36.36491)
140.476334 36.344368 0.373020 -0.233812 J216 (140.47633,36.34437)
140.039261 36.854233 0.469480 -0.110776 J217 (140.03926,36.85423)
139.619247 36.665985 0.404353 -0.054007 J218 (139.61925,36.66599)
139.923462 36.598946 0.406359 -0.100442 J219 (139.92346,36.59895)
139.224899 36.769691 0.383122 -0.012152 J220 (139.22490,36.76969)
138.552719 36.507996 0.270589 0.030850 J221 (138.55272,36.50800)
139.330383 36.421627 0.335154 -0.017703 J222 (139.33038,36.42163)
139.075684 35.986893 0.235965 0.015849 J223 (139.07568,35.98689)
139.795990 35.895969 0.271875 -0.059606 J224 (139.79599,35.89597)
140.048096 35.657207 0.238552 -0.100262 J225 (140.04810,35.65721)
140.384903 35.243244 0.174883 -0.151387 J226 (140.38490,35.24324)
139.974884 35.002792 0.087868 -0.061304 J227 (139.97488,35.00279)
139.630646 35.663696 0.209205 -0.024396 J228 (139.63065,35.66370)
139.162598 35.336208 0.124910 0.013210 J229 (139.16260,35.33621)
139.142410 35.268600 0.113998 0.013067 J230 (139.14241,35.26860)
139.253342 38.465393 0.640423 -0.126437 J231 (139.25334,38.46539)
138.513092 38.319347 0.463009 -0.063135 J232 (138.51309,38.31935)
138.471680 38.063278 0.443252 -0.039529 J233 (138.47168,38.06328)
139.351471 37.929382 0.621887 -0.071970 J234 (139.35147,37.92938)
138.273071 37.815903 0.393398 -0.014891 J235 (138.27307,37.81590)
139.477890 37.685905 0.610481 -0.060590 J236 (139.47789,37.68591)
138.780502 37.667522 0.460818 -0.020990 J237 (138.78050,37.66752)
139.059113 37.662296 0.514064 -0.033159 J238 (139.05911,37.66230)
138.998016 37.467720 0.471963 -0.018265 J239 (138.99802,37.46772)
138.789978 37.311314 0.413993 -0.001415 J240 (138.78998,37.31131)
138.333572 37.231121 0.341998 0.016022 J241 (138.33357,37.23112)
138.933716 37.166035 0.412616 -0.001819 J242 (138.93372,37.16603)
138.100189 37.160789 0.308809 0.023137 J243 (138.10019,37.16079)
138.608719 37.079132 0.355576 0.014426 J244 (138.60872,37.07913)
137.873840 37.045174 0.275193 0.030066 J245 (137.87384,37.04517)
138.830841 36.993458 0.371353 0.008430 J246 (138.83084,36.99346)
138.198669 36.865402 0.284863 0.031450 J247 (138.19867,36.86540)
136.996124 36.740620 0.189814 0.039167 J248 (136.99612,36.74062)
137.195190 36.634335 0.192241 0.042030 J249 (137.19519,36.63433)
137.439896 36.578705 0.200703 0.043564 J250 (137.43990,36.57870)
136.920563 36.401878 0.161850 0.043976 J251 (136.92056,36.40188)
136.919266 37.850494 0.249492 0.002891 J252 (136.91927,37.85049)
137.270050 37.446026 0.257028 0.018432 J253 (137.27005,37.44603)
136.388947 36.394455 0.140208 0.039926 J255 (136.38895,36.39445)
136.633942 36.165291 0.135124 0.043864 J256 (136.63394,36.16529)
136.278946 36.145618 0.122522 0.040897 J257 (136.27895,36.14562)
136.504929 35.984909 0.120093 0.043565 J258 (136.50493,35.98491)
135.989761 35.945004 0.104266 0.039105 J259 (135.98976,35.94500)
136.197388 35.792782 0.101719 0.041179 J260 (136.19739,35.79278)
135.907639 35.534409 0.083978 0.038493 J261 (135.90764,35.53441)
135.608887 35.462715 0.076448 0.035974 J262 (135.60889,35.46272)
138.316391 35.855980 0.168582 0.043712 J263 (138.31639,35.85598)
138.695129 35.746876 0.171603 0.034918 J264 (138.69513,35.74688)
138.436172 36.801708 0.298983 0.028007 J265 (138.43617,36.80171)
137.872330 36.706470 0.240577 0.039558 J266 (137.87233,36.70647)
138.247467 36.665154 0.264864 0.035610 J267 (138.24747,36.66515)
138.322525 36.386177 0.235803 0.039262 J268 (138.32253,36.38618)
138.637802 36.346012 0.255307 0.030690 J269 (138.63780,36.34601)
137.902817 36.322372 0.201748 0.045903 J270 (137.90282,36.32237)
138.216492 36.208466 0.206767 0.043532 J271 (138.21649,36.20847)
138.460968 36.130638 0.212100 0.039216 J272 (138.46097,36.13064)
137.983017 36.121109 0.184060 0.047070 J273 (137.98302,36.12111)
137.696259 35.783619 0.138460 0.048860 J274 (137.69626,35.78362)
138.038315 35.556129 0.125527 0.045568 J275 (138.03831,35.55613)
137.815231 35.521091 0.117266 0.046717 J276 (137.81523,35.52109)
137.925278 35.317142 0.100888 0.043583 J277 (137.92528,35.31714)
137.587662 35.246998 0.091307 0.044297 J278 (137.58766,35.24700)
137.147171 36.335510 0.166332 0.045994 J279 (137.14717,36.33551)
136.952759 36.033047 0.136557 0.046853 J280 (136.95276,36.03305)
137.534866 35.973457 0.150610 0.049191 J281 (137.53487,35.97346)
136.863174 35.866940 0.122463 0.046521 J282 (136.86317,35.86694)
136.975296 35.757782 0.117825 0.047113 J283 (136.97530,35.75778)
137.424774 35.657188 0.120565 0.048384 J284 (137.42477,35.65719)
136.488770 35.636154 0.099647 0.043409 J285 (136.48877,35.63615)
136.611389 35.632896 0.101939 0.044329 J286 (136.61139,35.63290)
137.174149 35.612087 0.111884 0.047503 J287 (137.17415,35.61209)
136.687286 35.488323 0.094959 0.044226 J288 (136.68729,35.48832)
137.124695 35.478699 0.101652 0.046441 J289 (137.12469,35.47870)
136.549744 35.371708 0.086329 0.042634 J291 (136.54974,35.37171)
137.110229 35.367371 0.094021 0.045455 J292 (137.11023,35.36737)
137.405609 35.261967 0.090489 0.044766 J293 (137.40561,35.26197)
136.593445 35.227905 0.079392 0.041852 J294 (136.59344,35.22791)
137.980408 35.031517 0.077807 0.038332 J295 (137.98041,35.03152)
138.515671 34.986496 0.075410 0.028620 J296 (138.51567,34.98650)
138.922256 34.865589 0.063899 0.013456 J297 (138.92226,34.86559)
136.929977 35.334759 0.089557 0.044473 J298 (136.92998,35.33476)
136.828827 35.190105 0.080000 0.042685 J299 (136.82883,35.19011)
137.253555 35.138752 0.080926 0.043192 J300 (137.25356,35.13875)
137.313171 35.039463 0.075192 0.041838 J301 (137.31317,35.03946)
137.059784 34.994991 0.071134 0.041116 J302 (137.05978,34.99499)
137.299942 34.919746 0.068049 0.040082 J303 (137.29994,34.91975)
136.867645 34.823357 0.061401 0.038551 J304 (136.86765,34.82336)
137.119003 34.794872 0.060809 0.038349 J305 (137.11900,34.79487)
137.277832 34.648663 0.053684 0.035813 J306 (137.27783,34.64866)
137.068069 34.609238 0.051898 0.035591 J307 (137.06807,34.60924)
136.636505 34.913803 0.064449 0.039003 J309 (136.63651,34.91380)
136.183456 34.742874 0.054896 0.035397 J310 (136.18346,34.74287)
136.550659 34.547047 0.048844 0.034432 J311 (136.55066,34.54705)
136.334259 34.433140 0.044510 0.032614 J312 (136.33426,34.43314)
136.820618 34.253441 0.038284 0.030609 J314 (136.82062,34.25344)
136.085907 33.875137 0.029021 0.025837 J315 (136.08591,33.87514)
136.010895 33.741272 0.026167 0.024300 J316 (136.01089,33.74127)
136.197952 35.557331 0.090028 0.040888 J317 (136.19795,35.55733)
136.053665 35.466286 0.083356 0.039472 J318 (136.05367,35.46629)
135.913208 35.351254 0.076357 0.037985 J319 (135.91321,35.35125)
136.062820 35.318974 0.076999 0.038946 J320 (136.06282,35.31897)
136.235611 35.269440 0.077033 0.039895 J321 (136.23561,35.26944)
135.870804 35.137039 0.067352 0.036657 J322 (135.87080,35.13704)
136.145035 34.986385 0.063998 0.037345 J323 (136.14503,34.98639)
135.906158 34.939602 0.060325 0.035615 J324 (135.90616,34.93960)
136.054825 34.869328 0.058820 0.035904 J326 (136.05482,34.86933)
135.173218 35.752354 0.079688 0.032550 J327 (135.17322,35.75235)
134.932281 35.555683 0.069655 0.030767 J328 (134.93228,35.55568)
135.164032 35.292336 0.064759 0.032202 J329 (135.16403,35.29234)
135.366898 35.163788 0.063008 0.033281 J331 (135.36690,35.16379)
135.564514 35.077583 0.062175 0.034278 J332 (135.56451,35.07758)
135.665436 34.988571 0.060081 0.034456 J333 (135.66544,34.98857)
135.864151 34.746971 0.053352 0.033905 J334 (135.86415,34.74697)
135.685455 34.777840 0.053293 0.033179 J335 (135.68546,34.77784)
135.518494 34.677906 0.049243 0.031525 J336 (135.51849,34.67791)
135.481339 34.527309 0.044789 0.030205 J337 (135.48134,34.52731)
135.627335 34.479107 0.044071 0.030526 J338 (135.62733,34.47911)
135.586945 34.424809 0.042428 0.029884 J339 (135.58694,34.42481)
135.364151 34.406452 0.041104 0.028693 J340 (135.36415,34.40645)
134.582489 35.436749 0.061488 0.028067 J341 (134.58249,35.43675)
134.818497 35.314899 0.061223 0.029677 J342 (134.81850,35.31490)
135.181900 35.105286 0.059269 0.031746 J343 (135.18190,35.10529)
134.585953 35.094456 0.052883 0.027527 J344 (134.58595,35.09446)
134.972595 35.090786 0.056728 0.030217 J345 (134.97260,35.09079)
134.403778 34.997593 0.048818 0.026041 J346 (134.40378,34.99759)
134.767303 34.984684 0.051916 0.028428 J347 (134.76730,34.98468)
135.325989 34.976788 0.056767 0.032172 J348 (135.32599,34.97679)
135.176422 34.944794 0.054522 0.031020 J349 (135.17642,34.94479)
134.545242 34.897266 0.047804 0.026649 J350 (134.54524,34.89727)
135.215912 34.812187 0.051090 0.030589 J351 (135.21591,34.81219)
134.997238 34.804916 0.049242 0.029169 J352 (134.99724,34.80492)
135.341782 34.790905 0.051398 0.031244 J353 (135.34178,34.79090)
134.828781 34.786961 0.047495 0.028016 J354 (134.82878,34.78696)
135.380386 34.724251 0.049746 0.031056 J355 (135.38039,34.72425)
135.172287 34.686989 0.047381 0.029593 J356 (135.17229,34.68699)
134.519562 34.669880 0.042520 0.025597 J357 (134.51956,34.66988)
134.965698 34.669739 0.045583 0.028262 J358 (134.96570,34.66974)
135.024078 34.577053 0.043667 0.028066 J359 (135.02408,34.57705)
134.860977 34.493320 0.040761 0.026656 J360 (134.86098,34.49332)
134.881531 34.349770 0.037680 0.025890 J361 (134.88153,34.34977)
134.735184 34.334332 0.036673 0.025055 J362 (134.73518,34.33433)
134.736542 34.223671 0.034436 0.024391 J363 (134.73654,34.22367)
136.050385 34.567032 0.048252 0.033144 J364 (136.05038,34.56703)
135.731003 34.539223 0.046204 0.031517 J365 (135.73100,34.53922)
135.704178 34.388302 0.041812 0.030074 J366 (135.70418,34.38830)
135.963745 34.038166 0.033007 0.027427 J367 (135.96375,34.03817)
135.357956 34.256138 0.037392 0.027475 J368 (135.35796,34.25614)
135.065979 34.271461 0.036737 0.026267 J369 (135.06598,34.27146)
135.590118 34.221828 0.037170 0.028126 J370 (135.59012,34.22183)
135.384857 33.961674 0.030857 0.025103 J371 (135.38486,33.96167)
135.180084 33.913853 0.029571 0.024016 J372 (135.18008,33.91385)
135.782089 33.815201 0.027956 0.024763 J373 (135.78209,33.81520)
135.508392 33.785488 0.027367 0.023887 J374 (135.50839,33.78549)
135.396179 33.744274 0.026530 0.023237 J375 (135.39618,33.74427)
135.920715 33.583912 0.023160 0.022567 J376 (135.92072,33.58391)
135.599197 33.505619 0.022155 0.021467 J377 (135.59920,33.50562)
134.046677 35.456753 0.055039 0.024266 J378 (134.04668,35.45675)
133.439072 35.345535 0.045921 0.020492 J379 (133.43907,35.34554)
134.237366 35.265862 0.053131 0.025452 J380 (134.23737,35.26586)
133.308533 35.164574 0.041707 0.019729 J381 (133.30853,35.16457)
133.239883 36.285290 0.058961 0.017501 J382 (133.23988,36.28529)
132.984375 36.093208 0.052280 0.016887 J383 (132.98438,36.09321)
132.743210 35.392616 0.039908 0.016944 J384 (132.74321,35.39262)
132.995422 35.195614 0.039433 0.018161 J385 (132.99542,35.19561)
132.507324 35.185955 0.035467 0.015996 J386 (132.50732,35.18596)
132.720505 35.019772 0.034999 0.016862 J387 (132.72050,35.01977)
131.923141 34.767345 0.027483 0.013701 J388 (131.92314,34.76735)
133.792480 35.263538 0.048174 0.022558 J389 (133.79248,35.26354)
134.319641 35.099640 0.050290 0.025733 J390 (134.31964,35.09964)
134.234772 35.020882 0.047733 0.025002 J391 (134.23477,35.02088)
133.734497 35.002960 0.042796 0.021915 J392 (133.73450,35.00296)
133.960861 34.982544 0.044425 0.023211 J393 (133.96086,34.98254)
133.598083 34.809692 0.038390 0.020811 J394 (133.59808,34.80969)
133.929047 34.791386 0.040568 0.022577 J395 (133.92905,34.79139)
134.165756 34.657722 0.039795 0.023502 J396 (134.16576,34.65772)
133.796738 34.438568 0.033672 0.020813 J397 (133.79674,34.43857)
133.120224 34.943451 0.036876 0.018612 J398 (133.12022,34.94345)
132.277328 34.726898 0.028985 0.014927 J399 (132.27733,34.72690)
132.540237 34.678814 0.029898 0.015865 J400 (132.54024,34.67881)
133.107529 34.672451 0.033073 0.018188 J401 (133.10753,34.67245)
132.824005 34.571301 0.030195 0.016834 J402 (132.82401,34.57130)
132.463470 34.539158 0.027995 0.015410 J403 (132.46347,34.53916)
133.009796 34.378685 0.028823 0.017212 J405 (133.00980,34.37868)
131.416550 34.439861 0.022362 0.011901 J407 (131.41655,34.43986)
130.943146 34.294609 0.019709 0.010623 J408 (130.94315,34.29461)
131.562790 34.283737 0.021757 0.012177 J409 (131.56279,34.28374)
131.953293 34.259083 0.023073 0.013307 J410 (131.95329,34.25908)
131.346085 34.189491 0.020303 0.011505 J411 (131.34608,34.18949)
131.530823 34.057240 0.019972 0.011839 J412 (131.53082,34.05724)
131.286041 33.977715 0.018706 0.011147 J413 (131.28604,33.97771)
132.104446 33.975067 0.021201 0.013317 J414 (132.10445,33.97507)
134.351974 34.096989 0.030619 0.021911 J415 (134.35197,34.09699)
134.560135 34.059906 0.030711 0.022603 J416 (134.56013,34.05991)
134.049179 34.051498 0.028783 0.020396 J417 (134.04918,34.05150)
134.230225 34.038418 0.029220 0.021086 J418 (134.23022,34.03842)
133.681290 33.936672 0.025926 0.018462 J419 (133.68129,33.93667)
134.389099 33.878933 0.027181 0.020858 J420 (134.38910,33.87893)
134.058197 33.877514 0.026252 0.019605 J421 (134.05820,33.87751)
134.667801 33.830242 0.027066 0.021593 J422 (134.66780,33.83024)
134.533005 33.725090 0.025124 0.020456 J423 (134.53300,33.72509)
134.372025 33.618500 0.023290 0.019298 J424 (134.37202,33.61850)
134.314209 34.472374 0.037198 0.023575 J425 (134.31421,34.47237)
134.241974 34.254578 0.032864 0.022207 J426 (134.24197,34.25458)
133.715057 34.217396 0.029913 0.019667 J427 (133.71506,34.21740)
133.647522 34.068073 0.027553 0.018839 J428 (133.64752,34.06807)
133.925507 34.164169 0.030018 0.020368 J429 (133.92551,34.16417)
132.990234 34.077888 0.025256 0.016415 J430 (132.99023,34.07789)
133.538239 33.938660 0.025496 0.017945 J431 (133.53824,33.93866)
133.201309 33.921204 0.024220 0.016698 J432 (133.20131,33.92120)
132.911636 33.796497 0.022031 0.015374 J433 (132.91164,33.79650)
132.683975 33.722599 0.020697 0.014475 J434 (132.68398,33.72260)
132.937881 33.569225 0.019886 0.014767 J435 (132.93788,33.56923)
132.693405 33.446766 0.018269 0.013728 J436 (132.69341,33.44677)
132.561829 32.963905 0.014336 0.012004 J437 (132.56183,32.96391)
133.655777 33.766975 0.023713 0.017687 J438 (133.65578,33.76698)
133.805023 33.654152 0.022688 0.017690 J439 (133.80502,33.65415)
134.106903 33.603786 0.022644 0.018394 J440 (134.10690,33.60379)
134.280807 33.527760 0.021930 0.018506 J441 (134.28081,33.52776)
133.903641 33.505737 0.021094 0.017301 J442 (133.90364,33.50574)
133.280914 33.468403 0.019613 0.015387 J443 (133.28091,33.46840)
134.007126 33.427795 0.020330 0.017209 J444 (134.00713,33.42780)
133.402985 33.407703 0.019222 0.015488 J445 (133.40298,33.40770)
132.792694 33.171646 0.016176 0.013134 J447 (132.79269,33.17165)
132.999237 32.991234 0.015010 0.012989 J448 (132.99924,32.99123)
132.703720 32.840607 0.013628 0.011907 J449 (132.70372,32.84061)
130.250824 33.536140 0.014340 0.008810 J450 (130.25082,33.53614)
130.521957 33.500378 0.014595 0.009221 J451 (130.52196,33.50038)
130.828751 33.465462 0.014878 0.009692 J452 (130.82875,33.46546)
130.564651 33.205875 0.013292 0.008971 J453 (130.56465,33.20588)
130.268723 33.274853 0.013200 0.008583 J454 (130.26872,33.27485)
130.094162 33.098476 0.012186 0.008113 J455 (130.09416,33.09848)
129.482056 34.655552 0.017706 0.007961 J456 (129.48206,34.65555)
129.311508 34.268208 0.015532 0.007612 J457 (129.31151,34.26821)
129.734726 33.742657 0.014300 0.008104 J458 (129.73473,33.74266)
129.537018 33.362202 0.012286 0.007469 J459 (129.53702,33.36220)
129.690659 33.063103 0.011384 0.007433 J460 (129.69066,33.06310)
130.271332 32.870686 0.011481 0.008110 J461 (130.27133,32.87069)
128.843109 32.669384 0.008745 0.005915 J462 (128.84311,32.66938)
130.154602 32.636913 0.010399 0.007630 J463 (130.15460,32.63691)
130.547729 32.933495 0.012069 0.008603 J464 (130.54773,32.93349)
130.764801 32.842098 0.011895 0.008793 J465 (130.76480,32.84210)
131.099304 32.740650 0.011731 0.009107 J466 (131.09930,32.74065)
129.987305 32.326241 0.009051 0.006977 J467 (129.98730,32.32624)
130.506836 32.299156 0.009465 0.007624 J468 (130.50684,32.29916)
130.802628 32.238674 0.009451 0.007900 J469 (130.80263,32.23867)
131.564163 33.671192 0.017412 0.011388 J470 (131.56416,33.67119)
131.168930 33.496235 0.015574 0.010329 J471 (131.16893,33.49623)
131.347275 33.254044 0.014520 0.010305 J472 (131.34727,33.25404)
131.798065 33.239437 0.015103 0.011128 J473 (131.79807,33.23944)
131.286087 33.009029 0.013166 0.009814 J474 (131.28609,33.00903)
131.587845 32.986858 0.013369 0.010261 J475 (131.58784,32.98686)
131.756836 32.704018 0.012034 0.009969 J476 (131.75684,32.70402)
131.327621 32.684834 0.011642 0.009327 J477 (131.32762,32.68483)
131.148865 32.456642 0.010528 0.008696 J478 (131.14886,32.45664)
131.185226 32.245857 0.009680 0.008367 J479 (131.18523,32.24586)
131.515854 32.170433 0.009488 0.008594 J480 (131.51585,32.17043)
131.078568 31.965048 0.008559 0.007739 J481 (131.07857,31.96505)
131.021515 31.740314 0.007740 0.007270 J482 (131.02151,31.74031)
131.368866 31.676546 0.007596 0.007479 J483 (131.36887,31.67655)
131.217392 31.469376 0.006884 0.006949 J484 (131.21739,31.46938)
130.597809 32.057503 0.008645 0.007352 J485 (130.59781,32.05750)
130.759674 31.855528 0.008029 0.007200 J486 (130.75967,31.85553)
129.795441 31.768684 0.007117 0.006029 J487 (129.79544,31.76868)
130.278152 31.717379 0.007292 0.006454 J488 (130.27815,31.71738)
130.836060 31.617376 0.007264 0.006866 J489 (130.83606,31.61738)
130.640366 31.235224 0.006046 0.006045 J490 (130.64037,31.23522)
130.723053 31.106205 0.005717 0.005903 J491 (130.72305,31.10620)
130.964218 30.530867 0.004349 0.005144 J492 (130.96422,30.53087)
130.638382 30.381721 0.004080 0.004800 J493 (130.63838,30.38172)
129.489029 28.399088 0.001970 0.002765 J494 (129.48903,28.39909)
128.432327 27.032185 0.000964 0.001613 J495 (128.43233,27.03218)
127.898453 26.694811 0.000876 0.001459 J496 (127.89845,26.69481)
131.227798 25.831211 0.000121 0.000886 J497 (131.22780,25.83121)
125.373795 24.753119 0.000674 0.001014 J498 (125.37379,24.75312)
122.942841 24.454168 0.000774 0.000953 J499 (122.94284,24.45417)
123.792038 24.426273 0.000712 0.000949 J500 (123.79204,24.42627)
141.167099 45.137711 -0.001635 -0.012727 J501 (141.16710,45.13771)
142.964462 44.582043 -0.001897 0.003364 J502 (142.96446,44.58204)
143.615677 44.219723 0.000747 0.010919 J503 (143.61568,44.21972)
143.076813 44.191944 -0.001071 0.006486 J504 (143.07681,44.19194)
144.293304 43.988789 0.004671 0.016481 J505 (144.29330,43.98879)
142.577713 43.908405 -0.001750 0.001716 J506 (142.57771,43.90841)
144.115250 43.828079 0.004847 0.017771 J507 (144.11525,43.82808)
142.409607 43.738522 -0.001601 -0.000462 J508 (142.40961,43.73852)
141.873840 43.740841 -0.001405 -0.010781 J509 (141.87384,43.74084)
142.903015 43.771412 -0.000522 0.007411 J510 (142.90302,43.77141)
143.578156 43.670502 0.003032 0.016451 J511 (143.57816,43.67050)
145.258957 43.232105 0.015070 0.022892 J512 (145.25896,43.23211)
144.079620 43.438835 0.007769 0.023020 J513 (144.07962,43.43884)
142.395340 43.336266 -0.000088 0.000822 J514 (142.39534,43.33627)
144.597656 43.307011 0.012046 0.025411 J515 (144.59766,43.30701)
141.890930 43.248409 0.000724 -0.012288 J516 (141.89093,43.24841)
140.860611 43.209507 0.008915 -0.041540 J517 (140.86061,43.20951)
142.809723 43.165527 0.002275 0.011911 J518 (142.80972,43.16553)
145.520493 43.195164 0.015712 0.020997 J519 (145.52049,43.19516)
141.540115 43.077587 0.003797 -0.024185 J520 (141.54012,43.07759)
143.170563 42.938862 0.006748 0.023191 J521 (143.17056,42.93886)
141.577423 42.884430 0.005626 -0.025216 J522 (141.57742,42.88443)
141.407089 42.773190 0.008804 -0.033389 J523 (141.40709,42.77319)
140.767624 42.551380 0.024047 -0.064575 J525 (140.76762,42.55138)
140.876373 42.473904 0.024234 -0.063466 J526 (140.87637,42.47390)
139.446152 42.060505 0.081387 -0.119956 J527 (139.44615,42.06050)
140.666870 42.123142 0.044463 -0.089454 J528 (140.66687,42.12314)
140.715439 41.976688 0.051783 -0.096541 J529 (140.71544,41.97669)
140.071228 41.803028 0.086563 -0.131244 J530 (140.07123,41.80303)
144.719147 42.982571 0.017036 0.029925 J531 (144.71915,42.98257)
143.315689 42.125587 0.025887 0.051145 J532 (143.31569,42.12559)
141.447586 41.404705 0.072555 -0.086902 J533 (141.44759,41.40471)
140.490768 41.185078 0.154058 -0.185100 J534 (140.49077,41.18508)
140.821991 41.145546 0.145973 -0.176817 J535 (140.82199,41.14555)
141.131805 40.862362 0.193923 -0.202770 J537 (141.13181,40.86236)
140.589218 40.706276 0.274097 -0.260376 J538 (140.58922,40.70628)
141.376205 40.676399 0.234325 -0.212311 J539 (141.37621,40.67640)
140.478531 40.624344 0.304495 -0.273582 J540 (140.47853,40.62434)
140.803345 40.643566 0.288921 -0.270067 J541 (140.80334,40.64357)
140.451569 40.910175 0.217242 -0.226127 J542 (140.45157,40.91018)
141.066330 39.953079 0.658512 -0.390446 J543 (141.06633,39.95308)
140.769180 39.351299 0.930576 -0.391570 J544 (140.76918,39.35130)
141.575485 39.143089 1.204418 -0.301551 J546 (141.57549,39.14309)
141.675293 39.596127 1.107152 -0.327611 J547 (141.67529,39.59613)
140.847870 38.546215 1.013322 -0.317639 J548 (140.84787,38.54622)
141.212906 38.425056 1.052889 -0.329939 J549 (141.21291,38.42506)
141.500687 38.301186 0.912590 -0.345217 J550 (141.50069,38.30119)
139.848938 39.891136 0.529762 -0.296933 J551 (139.84894,39.89114)
140.044724 39.825809 0.587664 -0.322210 J552 (140.04472,39.82581)
140.732849 39.702682 0.769595 -0.397225 J553 (140.73285,39.70268)
140.506699 39.199097 0.928102 -0.364641 J554 (140.50670,39.19910)
139.927490 39.015972 0.806967 -0.273643 J555 (139.92749,39.01597)
140.365158 38.496769 0.976814 -0.270170 J556 (140.36516,38.49677)
140.271133 38.148098 0.911733 -0.195382 J557 (140.27113,38.14810)
140.205658 37.615952 0.723622 -0.137891 J559 (140.20566,37.61595)
140.372894 37.620731 0.731140 -0.170610 J560 (140.37289,37.62073)
140.135880 37.424507 0.652702 -0.123839 J561 (140.13588,37.42451)
139.586166 37.097248 0.495260 -0.047203 J563 (139.58617,37.09725)
139.461685 38.056183 0.671043 -0.093324 J564 (139.46169,38.05618)
138.369888 38.023685 0.423489 -0.032803 J565 (138.36989,38.02369)
138.706940 37.535831 0.431449 -0.009867 J566 (138.70694,37.53583)
138.516373 37.348541 0.378999 0.006214 J567 (138.51637,37.34854)
139.020248 37.319870 0.451241 -0.012104 J568 (139.02025,37.31987)
138.242584 37.056683 0.311636 0.024612 J569 (138.24258,37.05668)
137.893875 36.950871 0.267485 0.032888 J570 (137.89388,36.95087)
139.073914 37.752064 0.530504 -0.040434 J571 (139.07391,37.75206)
137.369522 36.736958 0.210310 0.040438 J572 (137.36952,36.73696)
137.031891 36.649563 0.185030 0.041048 J573 (137.03189,36.64956)
137.138550 37.306969 0.238005 0.023957 J574 (137.13855,37.30697)
136.718765 37.156746 0.200861 0.027996 J575 (136.71877,37.15675)
136.996063 37.123158 0.216228 0.029770 J576 (136.99606,37.12316)
136.755646 36.817478 0.182352 0.036322 J577 (136.75565,36.81748)
136.605331 36.370068 0.147016 0.041986 J578 (136.60533,36.37007)
136.184998 35.968887 0.110441 0.040793 J579 (136.18500,35.96889)
136.055984 35.836842 0.100673 0.039907 J580 (136.05598,35.83684)
140.497604 36.743027 0.437727 -0.213642 J581 (140.49760,36.74303)
139.987762 36.300705 0.352782 -0.114006 J582 (139.98776,36.30070)
139.931503 36.114815 0.320180 -0.097663 J583 (139.93150,36.11481)
140.202438 36.031338 0.327715 -0.162861 J584 (140.20244,36.03134)
140.164764 36.952305 0.499962 -0.130394 J585 (140.16476,36.95230)
139.805740 36.979580 0.491511 -0.072862 J586 (139.80574,36.97958)
139.854263 36.776371 0.443972 -0.084304 J587 (139.85426,36.77637)
140.157684 36.692455 0.428365 -0.139492 J588 (140.15768,36.69246)
139.490585 36.624172 0.385120 -0.038153 J589 (139.49059,36.62417)
140.179306 36.542217 0.396227 -0.149961 J590 (140.17931,36.54222)
138.591446 36.616318 0.289221 0.027368 J591 (138.59145,36.61632)
139.066635 36.234669 0.277696 0.010306 J592 (139.06664,36.23467)
138.912415 36.142754 0.248145 0.021905 J593 (138.91241,36.14275)
139.434021 34.761543 0.051840 -0.014394 J594 (139.43402,34.76154)
139.358582 34.737614 0.049905 -0.010270 J595 (139.35858,34.73761)
139.270935 34.519634 0.033256 -0.009479 J596 (139.27094,34.51963)
139.210938 34.333122 0.022799 -0.009589 J597 (139.21094,34.33312)
139.137573 34.239914 0.019123 -0.007830 J598 (139.13757,34.23991)
139.478806 34.075783 0.009264 -0.023774 J600 (139.47881,34.07578)
139.612854 33.884125 0.002797 -0.029494 J601 (139.61285,33.88412)
139.764618 32.463501 -0.005709 -0.022018 J602 (139.76462,32.46350)
142.162766 26.635151 0.000699 -0.001052 J603 (142.16277,26.63515)
138.690384 35.649517 0.157295 0.034858 J606 (138.69038,35.64952)
139.025772 35.511868 0.149370 0.021931 J607 (139.02577,35.51187)
137.984543 36.239029 0.197201 0.046121 J608 (137.98454,36.23903)
137.871750 36.228371 0.190029 0.047077 J609 (137.87175,36.22837)
138.499283 36.284714 0.235619 0.036247 J610 (138.49928,36.28471)
137.682632 36.084663 0.166605 0.048769 J611 (137.68263,36.08466)
138.214478 36.026161 0.184550 0.044917 J612 (138.21448,36.02616)
138.583023 35.974148 0.198257 0.037297 J613 (138.58302,35.97415)
137.598267 35.880001 0.144291 0.049205 J614 (137.59827,35.88000)
137.983887 35.726292 0.141546 0.047266 J615 (137.98389,35.72629)
137.676392 35.343735 0.099804 0.045286 J616 (137.67639,35.34373)
136.904266 36.261467 0.151179 0.045234 J617 (136.90427,36.26147)
137.363022 36.285645 0.171382 0.047285 J618 (137.36302,36.28564)
137.200668 35.911633 0.134959 0.048421 J619 (137.20067,35.91163)
138.776520 34.855034 0.063347 0.018307 J620 (138.77652,34.85503)
138.928360 35.204395 0.101853 0.021172 J621 (138.92836,35.20440)
138.098282 34.679924 0.053243 0.029725 J622 (138.09828,34.67992)
138.182968 34.677753 0.052712 0.028353 J623 (138.18297,34.67775)
138.046524 34.666409 0.052644 0.030179 J624 (138.04652,34.66641)
138.159042 34.634541 0.050152 0.027812 J625 (138.15904,34.63454)
138.906891 35.047241 0.082706 0.018439 J626 (138.90689,35.04724)
140.086304 36.103634 0.326487 -0.132680 J627 (140.08630,36.10363)
138.939331 34.698906 0.049295 0.008812 J628 (138.93933,34.69891)
137.073563 35.239086 0.085456 0.044065 J629 (137.07356,35.23909)
136.965805 35.168423 0.080160 0.042976 J630 (136.96581,35.16842)
136.862747 34.984394 0.069331 0.040556 J631 (136.86275,34.98439)
136.831879 34.904385 0.065141 0.039502 J632 (136.83188,34.90438)
136.694244 35.050911 0.071433 0.040702 J633 (136.69424,35.05091)
136.393265 34.854900 0.060399 0.037407 J634 (136.39326,34.85490)
136.329758 34.648750 0.052048 0.035010 J635 (136.32976,34.64875)
136.628403 34.431442 0.044679 0.033073 J636 (136.62840,34.43144)
136.342926 34.208157 0.037474 0.029977 J637 (136.34293,34.20816)
136.264740 35.420357 0.084512 0.040903 J638 (136.26474,35.42036)
136.041199 35.085724 0.067048 0.037451 J639 (136.04120,35.08572)
135.034042 35.685078 0.075176 0.031515 J640 (135.03404,35.68508)
135.415833 35.482216 0.074342 0.034493 J641 (135.41583,35.48222)
135.549530 35.275860 0.068853 0.035013 J642 (135.54953,35.27586)
135.773300 35.053135 0.063294 0.035532 J643 (135.77330,35.05313)
135.772400 34.952641 0.059733 0.034901 J644 (135.77240,34.95264)
134.677383 35.621201 0.067740 0.028787 J645 (134.67738,35.62120)
134.728714 35.461262 0.064092 0.029175 J646 (134.72871,35.46126)
135.022034 35.237881 0.061452 0.031015 J647 (135.02203,35.23788)
134.771225 35.162743 0.056568 0.029004 J648 (134.77122,35.16274)
134.945038 34.936188 0.052267 0.029436 J649 (134.94504,34.93619)
135.528351 34.311840 0.039273 0.028668 J650 (135.52835,34.31184)
135.167740 34.025391 0.031785 0.024857 J652 (135.16774,34.02539)
135.496201 33.554413 0.023075 0.021756 J653 (135.49620,33.55441)
133.339691 35.436008 0.046376 0.019916 J654 (133.33969,35.43601)
134.325272 35.361443 0.056361 0.026155 J655 (134.32527,35.36144)
133.137894 35.563534 0.046212 0.018735 J656 (133.13789,35.56353)
132.457321 34.892658 0.031787 0.015723 J657 (132.45732,34.89266)
132.013565 34.571064 0.026122 0.013862 J658 (132.01357,34.57106)
131.864319 34.439720 0.024259 0.013242 J659 (131.86432,34.43972)
133.563995 35.169662 0.044162 0.021135 J660 (133.56400,35.16966)
133.396271 34.993362 0.039767 0.020044 J662 (133.39627,34.99336)
132.851578 34.811604 0.033284 0.017265 J663 (132.85158,34.81160)
133.337631 34.777790 0.036036 0.019433 J664 (133.33763,34.77779)
132.194656 34.370346 0.025074 0.014240 J665 (132.19466,34.37035)
132.455551 34.260921 0.025111 0.014952 J666 (132.45555,34.26092)
132.884384 34.210068 0.026319 0.016361 J667 (132.88438,34.21007)
131.152390 34.764347 0.023598 0.011317 J668 (131.15239,34.76435)
131.176163 34.342087 0.020766 0.011199 J669 (131.17616,34.34209)
131.065674 34.179771 0.019364 0.010824 J670 (131.06567,34.17977)
132.358337 33.909935 0.021452 0.013949 J672 (132.35834,33.90993)
134.605026 34.171810 0.032914 0.023465 J673 (134.60503,34.17181)
133.874985 34.039738 0.027986 0.019633 J674 (133.87498,34.03974)
134.301468 33.789532 0.025605 0.020035 J675 (134.30147,33.78953)
133.998672 34.445454 0.034908 0.021832 J676 (133.99867,34.44545)
133.780670 34.383400 0.032718 0.020549 J677 (133.78067,34.38340)
133.189102 34.252445 0.028092 0.017615 J678 (133.18910,34.25245)
132.781738 33.959473 0.023280 0.015400 J679 (132.78174,33.95947)
132.487259 33.611595 0.019213 0.013622 J680 (132.48726,33.61160)
132.543762 33.177589 0.015854 0.012583 J681 (132.54376,33.17759)
133.228470 33.326908 0.018164 0.014725 J683 (133.22847,33.32691)
133.128632 33.215431 0.017013 0.014072 J684 (133.12863,33.21543)
130.749557 33.745506 0.016172 0.009837 J685 (130.74956,33.74551)
131.016525 33.697403 0.016411 0.010281 J686 (131.01653,33.69740)
130.823883 33.640465 0.015760 0.009869 J687 (130.82388,33.64046)
130.701157 33.327225 0.014029 0.009326 J688 (130.70116,33.32722)
129.940094 33.196030 0.012351 0.007973 J689 (129.94009,33.19603)
129.690018 33.266121 0.012197 0.007635 J690 (129.69002,33.26612)
129.125504 33.255791 0.011037 0.006721 J691 (129.12550,33.25579)
129.026337 32.885628 0.009619 0.006291 J692 (129.02634,32.88563)
130.166428 32.795700 0.011042 0.007857 J693 (130.16643,32.79570)
130.335953 32.793015 0.011240 0.008105 J694 (130.33595,32.79301)
130.216660 32.712292 0.010771 0.007822 J695 (130.21666,32.71229)
130.352280 32.722572 0.010971 0.008033 J696 (130.35228,32.72257)
130.290710 32.660652 0.010653 0.007859 J697 (130.29071,32.66065)
128.619354 32.634274 0.008435 0.005675 J698 (128.61935,32.63427)
131.062897 33.121956 0.013484 0.009636 J699 (131.06290,33.12196)
130.748627 33.011292 0.012627 0.009005 J700 (130.74863,33.01129)
130.996216 32.870747 0.012233 0.009166 J701 (130.99622,32.87075)
130.794907 32.576725 0.010794 0.008436 J702 (130.79491,32.57673)
131.093430 32.950653 0.012692 0.009429 J703 (131.09343,32.95065)
131.132156 32.845001 0.012233 0.009321 J704 (131.13216,32.84500)
131.356644 33.537125 0.016142 0.010746 J705 (131.35664,33.53712)
131.588425 33.349854 0.015438 0.010914 J706 (131.58842,33.34985)
131.121140 33.270271 0.014299 0.009940 J707 (131.12114,33.27027)
131.579483 33.228428 0.014706 0.010685 J709 (131.57948,33.22843)
130.915741 33.190575 0.013646 0.009498 J710 (130.91574,33.19057)
131.530670 32.557049 0.011178 0.009364 J711 (131.53067,32.55705)
131.334015 32.384399 0.010316 0.008794 J712 (131.33401,32.38440)
131.486023 32.069107 0.009072 0.008363 J713 (131.48602,32.06911)
130.865631 32.047718 0.008769 0.007650 J714 (130.86563,32.04772)
131.306305 31.842098 0.008175 0.007742 J715 (131.30630,31.84210)
131.305862 31.399105 0.006669 0.006888 J716 (131.30586,31.39911)
130.179657 32.197075 0.008797 0.007048 J717 (130.17966,32.19707)
130.439651 31.908840 0.008018 0.006927 J718 (130.43965,31.90884)
130.651886 31.624098 0.007207 0.006694 J719 (130.65189,31.62410)
130.708542 31.591841 0.007130 0.006696 J720 (130.70854,31.59184)
130.637360 31.552221 0.006975 0.006560 J721 (130.63736,31.55222)
130.699402 31.496153 0.006827 0.006526 J722 (130.69940,31.49615)
130.274979 30.784655 0.004887 0.005153 J723 (130.27498,30.78465)
131.028595 30.753325 0.004852 0.005530 J724 (131.02859,30.75332)
130.198242 30.461390 0.004273 0.004739 J725 (130.19824,30.46139)
130.903229 30.398676 0.004082 0.004923 J726 (130.90323,30.39868)
130.424377 30.395756 0.004131 0.004741 J727 (130.42438,30.39576)
130.554550 30.236353 0.003833 0.004592 J728 (130.55455,30.23635)
129.705750 29.615330 0.003214 0.003852 J729 (129.70575,29.61533)
129.693573 28.487219 0.002024 0.002870 J730 (129.69357,28.48722)
130.028961 28.371132 0.001845 0.002795 J731 (130.02896,28.37113)
129.921677 28.293980 0.001801 0.002722 J732 (129.92168,28.29398)
129.320450 28.137583 0.001740 0.002511 J733 (129.32045,28.13758)
128.894470 27.816637 0.001471 0.002170 J734 (128.89447,27.81664)
128.650726 27.401239 0.001168 0.001842 J735 (128.65073,27.40124)
127.945053 26.944489 0.000968 0.001554 J736 (127.94505,26.94449)
128.248367 26.859344 0.000899 0.001524 J737 (128.24837,26.85934)
128.144028 26.708273 0.000849 0.001461 J738 (128.14403,26.70827)
127.231628 26.582876 0.000940 0.001442 J739 (127.23163,26.58288)
127.972397 26.482731 0.000793 0.001383 J740 (127.97240,26.48273)
127.832733 26.446926 0.000803 0.001377 J741 (127.83273,26.44693)
127.143646 26.372936 0.000893 0.001388 J742 (127.14365,26.37294)
126.739151 26.347830 0.000951 0.001399 J743 (126.73915,26.34783)
127.345245 26.178795 0.000808 0.001326 J744 (127.34525,26.17879)
127.826187 26.168608 0.000724 0.001294 J745 (127.82619,26.16861)
131.290680 25.953726 0.000149 0.000941 J746 (131.29068,25.95373)
125.170975 24.827959 0.000703 0.001028 J747 (125.17097,24.82796)
124.692444 24.641615 0.000693 0.000986 J748 (124.69244,24.64161)
124.301285 24.536625 0.000697 0.000966 J749 (124.30128,24.53662)
124.172653 24.338877 0.000671 0.000935 J750 (124.17265,24.33888)
123.795853 24.061501 0.000653 0.000898 J751 (123.79585,24.06150)
139.056732 36.539257 0.325657 0.004413 J752 (139.05673,36.53926)
139.269333 36.003735 0.255521 0.001601 J753 (139.26933,36.00373)
139.182205 35.884048 0.225546 0.011350 J754 (139.18221,35.88405)
139.365967 35.800800 0.222479 -0.000525 J755 (139.36597,35.80080)
140.249161 35.288383 0.165301 -0.120980 J756 (140.24916,35.28838)
139.369904 35.616428 0.184262 0.001973 J758 (139.36990,35.61643)
139.613846 35.160866 0.104505 -0.021505 J759 (139.61385,35.16087)
135.789841 34.882030 0.057432 0.034524 J760 (135.78984,34.88203)
135.618820 34.621052 0.048111 0.031636 J761 (135.61882,34.62105)
134.659668 34.864120 0.048002 0.027266 J762 (134.65967,34.86412)
135.706024 34.698334 0.050910 0.032693 J763 (135.70602,34.69833)
135.819870 34.574001 0.047610 0.032227 J764 (135.81987,34.57400)
134.175797 34.809566 0.042843 0.024064 J765 (134.17580,34.80957)
133.757019 34.579147 0.035705 0.021060 J766 (133.75702,34.57915)
133.288116 34.450439 0.031117 0.018523 J767 (133.28812,34.45044)
132.820221 34.334873 0.027444 0.016394 J768 (132.82022,34.33487)
132.219131 34.191181 0.023509 0.014048 J769 (132.21913,34.19118)
129.954849 33.372181 0.013122 0.008173 J770 (129.95485,33.37218)
130.444519 33.346489 0.013771 0.008939 J771 (130.44452,33.34649)
129.989685 32.945587 0.011400 0.007772 J772 (129.98969,32.94559)
130.430450 32.581673 0.010489 0.007946 J773 (130.43045,32.58167)
130.085190 32.524532 0.009885 0.007379 J774 (130.08519,32.52453)
130.323639 32.426273 0.009777 0.007572 J775 (130.32364,32.42627)
130.469452 31.675102 0.007275 0.006589 J776 (130.46945,31.67510)
130.135757 31.415892 0.006348 0.005886 J777 (130.13576,31.41589)
141.598236 45.219769 -0.002376 -0.008714 J778 (141.59824,45.21977)
142.351837 45.126774 -0.002704 -0.002778 J779 (142.35184,45.12677)
142.717911 44.780170 -0.002420 0.000581 J780 (142.71791,44.78017)
141.793915 44.639927 -0.002550 -0.008901 J781 (141.79391,44.63993)
142.264526 44.365128 -0.002657 -0.003641 J782 (142.26453,44.36513)
141.664597 44.148754 -0.001854 -0.012631 J783 (141.66460,44.14875)
144.506409 43.722778 0.007492 0.019881 J784 (144.50641,43.72278)
141.370590 43.624329 0.000945 -0.022251 J785 (141.37059,43.62433)
142.643066 43.431633 -0.000003 0.005645 J787 (142.64307,43.43163)
143.901993 43.101692 0.010388 0.028245 J788 (143.90199,43.10169)
142.870056 43.013653 0.003906 0.015483 J789 (142.87006,43.01365)
142.084595 42.933773 0.002692 -0.006709 J790 (142.08459,42.93377)
143.494965 42.806507 0.011358 0.031450 J791 (143.49496,42.80651)
141.081055 42.420547 0.021741 -0.056664 J792 (141.08105,42.42055)
143.151978 42.486412 0.014013 0.034350 J793 (143.15198,42.48641)
140.371231 41.934853 0.065910 -0.113259 J794 (140.37123,41.93485)
141.452591 39.849018 0.805101 -0.364853 J795 (141.45259,39.84902)
140.988449 39.127007 1.037794 -0.373833 J796 (140.98845,39.12701)
140.645630 37.984406 0.860905 -0.245758 J797 (140.64563,37.98441)
140.822906 40.044975 0.588396 -0.380917 J798 (140.82291,40.04498)
140.094635 38.434341 0.907847 -0.219712 J799 (140.09464,38.43434)
140.841644 37.018448 0.536760 -0.320686 J800 (140.84164,37.01845)
139.402237 37.036934 0.457184 -0.029714 J801 (139.40224,37.03693)
138.944824 36.778061 0.351096 0.007571 J802 (138.94482,36.77806)
140.199921 38.288982 0.924225 -0.210474 J803 (140.19992,38.28898)
139.521927 35.419270 0.150360 -0.010584 J804 (139.52193,35.41927)
139.226044 37.828159 0.575453 -0.054877 J805 (139.22604,37.82816)
138.880447 37.776989 0.493572 -0.033091 J806 (138.88045,37.77699)
138.779541 37.498657 0.438782 -0.010512 J807 (138.77954,37.49866)
138.456818 35.673695 0.151403 0.040655 J809 (138.45682,35.67369)
138.920273 37.589737 0.476468 -0.021885 J810 (138.92027,37.58974)
137.528778 35.575092 0.116108 0.047890 J811 (137.52878,35.57509)
136.470306 35.359730 0.084556 0.042034 J812 (136.47031,35.35973)
138.973862 35.114166 0.090936 0.017409 J813 (138.97386,35.11417)
138.876465 34.719475 0.051370 0.011629 J814 (138.87646,34.71947)
138.609970 35.117153 0.088602 0.029231 J815 (138.60997,35.11715)
138.209976 35.066975 0.081642 0.036128 J817 (138.20998,35.06697)
138.081680 35.044884 0.079267 0.037442 J818 (138.08168,35.04488)
137.946808 34.902050 0.068239 0.036203 J819 (137.94681,34.90205)
138.176743 34.849415 0.064407 0.032148 J820 (138.17674,34.84941)
137.680771 34.752041 0.058773 0.035670 J821 (137.68077,34.75204)
136.788818 35.300838 0.085730 0.043509 J822 (136.78882,35.30084)
134.588211 35.283344 0.057621 0.027941 J823 (134.58821,35.28334)
136.096985 34.179951 0.036706 0.029239 J824 (136.09698,34.17995)
135.735184 33.969482 0.031345 0.026199 J825 (135.73518,33.96948)
135.708786 33.637173 0.024437 0.022876 J826 (135.70879,33.63717)
134.393433 34.217796 0.032888 0.022737 J827 (134.39343,34.21780)
132.046097 33.367970 0.016377 0.011927 J828 (132.04610,33.36797)
132.475342 33.384373 0.017326 0.012994 J829 (132.47534,33.38437)
133.362640 33.704285 0.022254 0.016493 J830 (133.36264,33.70428)
130.464996 33.097355 0.012685 0.008687 J831 (130.46500,33.09735)
129.720718 32.839611 0.010571 0.007236 J832 (129.72072,32.83961)
131.206802 33.127842 0.013678 0.009874 J833 (131.20680,33.12784)
130.360657 32.098434 0.008611 0.007128 J834 (130.36066,32.09843)
130.238968 31.906164 0.007863 0.006692 J835 (130.23897,31.90616)
130.408005 31.796021 0.007624 0.006714 J836 (130.40800,31.79602)
130.599594 31.824060 0.007834 0.006970 J837 (130.59959,31.82406)
138.762787 34.690254 0.049885 0.014806 J838 (138.76279,34.69025)
138.331223 34.836166 0.063108 0.029174 J840 (138.33122,34.83617)
139.069901 34.949757 0.072213 0.009404 J841 (139.06990,34.94976)
138.249893 34.954346 0.072396 0.033194 J842 (138.24989,34.95435)
134.049545 35.174889 0.049126 0.024092 J843 (134.04955,35.17489)
140.810532 40.834408 0.223631 -0.231426 J844 (140.81053,40.83441)
140.324387 37.361824 0.638550 -0.160388 J845 (140.32439,37.36182)
133.461807 33.818356 0.023810 0.017234 J846 (133.46181,33.81836)
137.868759 35.160450 0.087219 0.041590 J847 (137.86876,35.16045)
141.955246 45.514114 -0.002558 -0.005182 J848 (141.95525,45.51411)
141.881790 45.230106 -0.002624 -0.006386 J849 (141.88179,45.23011)
142.292252 44.990505 -0.002756 -0.003318 J850 (142.29225,44.99051)
142.021774 44.916065 -0.002755 -0.005850 J851 (142.02177,44.91607)
142.038712 44.743240 -0.002765 -0.005974 J852 (142.03871,44.74324)
142.571167 44.546501 -0.002525 -0.000329 J853 (142.57117,44.54650)
142.935837 44.332294 -0.001690 0.004222 J854 (142.93584,44.33229)
141.872177 44.317665 -0.002440 -0.008908 J855 (141.87218,44.31767)
143.364594 44.260853 -0.000289 0.008675 J856 (143.36459,44.26085)
142.400894 44.165474 -0.002401 -0.001629 J857 (142.40089,44.16547)
142.601242 44.114449 -0.002080 0.001242 J858 (142.60124,44.11445)
144.993500 44.065033 0.006838 0.016031 J859 (144.99350,44.06503)
141.860748 44.052105 -0.002082 -0.009907 J860 (141.86075,44.05210)
143.534149 43.909927 0.001569 0.013267 J861 (143.53415,43.90993)
142.236542 43.889290 -0.002066 -0.003799 J862 (142.23654,43.88929)
143.176697 43.878723 0.000137 0.010021 J863 (143.17670,43.87872)
145.056870 43.794029 0.008992 0.018375 J864 (145.05687,43.79403)
142.132309 43.725658 -0.001676 -0.005677 J865 (142.13231,43.72566)
143.381088 43.710323 0.001782 0.014040 J866 (143.38109,43.71032)
142.794403 43.646908 -0.000445 0.006721 J867 (142.79440,43.64691)
143.991730 43.644562 0.005496 0.019620 J868 (143.99173,43.64456)
145.220367 43.555996 0.011532 0.020007 J869 (145.22037,43.55600)
144.719040 43.545929 0.010002 0.021916 J870 (144.71904,43.54593)
142.187607 43.521576 -0.001036 -0.004482 J871 (142.18761,43.52158)
141.616776 43.504215 0.000320 -0.017826 J872 (141.61678,43.50422)
143.753860 43.473579 0.005456 0.020669 J873 (143.75386,43.47358)
143.187042 43.366470 0.002817 0.016020 J874 (143.18704,43.36647)
140.378281 43.320705 0.013278 -0.049395 J875 (140.37828,43.32071)
141.345963 43.240528 0.003759 -0.027846 J876 (141.34596,43.24053)
141.652023 43.220894 0.001890 -0.019308 J877 (141.65202,43.22089)
144.970734 43.218189 0.014594 0.025049 J878 (144.97073,43.21819)
143.027756 43.171329 0.003399 0.016264 J879 (143.02776,43.17133)
142.567032 43.165047 0.001324 0.006229 J880 (142.56703,43.16505)
144.496490 43.149391 0.013554 0.028119 J881 (144.49649,43.14939)
141.203293 43.140396 0.006030 -0.033598 J882 (141.20329,43.14040)
143.597702 43.123894 0.007829 0.025436 J883 (143.59770,43.12389)
140.811111 43.082596 0.011381 -0.046028 J884 (140.81111,43.08260)
142.532257 42.890633 0.003544 0.008208 J885 (142.53226,42.89063)
143.655533 42.800343 0.012907 0.033392 J886 (143.65553,42.80034)
142.953690 42.803341 0.006852 0.021373 J887 (142.95369,42.80334)
140.011780 42.685337 0.035316 -0.079659 J888 (140.01178,42.68534)
143.312790 42.673962 0.011924 0.032202 J889 (143.31279,42.67396)
142.395920 42.554260 0.007468 0.007579 J890 (142.39592,42.55426)
142.767944 42.277233 0.015123 0.028617 J891 (142.76794,42.27723)
140.929337 41.740593 0.061819 -0.102265 J892 (140.92934,41.74059)
140.535019 41.711327 0.079421 -0.125161 J893 (140.53502,41.71133)
141.094467 41.466160 0.081951 -0.115372 J894 (141.09447,41.46616)
140.983810 41.199665 0.126646 -0.157608 J895 (140.98381,41.19967)
141.385696 41.160934 0.108728 -0.121307 J896 (141.38570,41.16093)
140.293533 41.121723 0.173748 -0.197102 J897 (140.29353,41.12172)
140.011002 40.730633 0.270518 -0.242518 J898 (140.01100,40.73063)
141.106018 40.579983 0.297478 -0.268782 J899 (141.10602,40.57998)
141.332001 40.508759 0.311519 -0.260571 J901 (141.33200,40.50876)
140.941589 40.447632 0.367941 -0.308921 J902 (140.94159,40.44763)
141.484863 40.271042 0.445416 -0.297682 J903 (141.48486,40.27104)
141.046463 40.106747 0.559150 -0.372928 J904 (141.04646,40.10675)
141.662186 39.970955 0.734816 -0.332200 J905 (141.66219,39.97095)
141.970230 39.738960 0.834189 -0.245321 J906 (141.97023,39.73896)
141.426132 39.639370 0.962845 -0.367764 J907 (141.42613,39.63937)
140.836319 39.554455 0.857711 -0.400426 J908 (140.83632,39.55445)
141.292999 39.464695 1.006145 -0.377963 J909 (141.29300,39.46469)
141.311676 39.235374 1.109018 -0.364377 J910 (141.31168,39.23537)
141.400848 39.012108 1.192834 -0.327199 J911 (141.40085,39.01211)
141.148529 38.995464 1.109165 -0.350988 J912 (141.14853,38.99546)
140.833191 38.934029 1.037373 -0.351675 J913 (140.83319,38.93403)
141.317856 38.743221 1.144056 -0.320515 J914 (141.31786,38.74322)
141.004333 38.686134 1.060289 -0.326316 J915 (141.00433,38.68613)
141.160721 38.660629 1.090284 -0.326022 J916 (141.16072,38.66063)
140.727722 38.571812 1.008964 -0.313733 J917 (140.72772,38.57181)
141.304398 38.509842 1.082728 -0.341176 J918 (141.30440,38.50984)
140.943695 38.177120 0.913972 -0.305129 J919 (140.94370,38.17712)
140.727661 37.824600 0.784825 -0.275148 J920 (140.72766,37.82460)
140.027573 40.339397 0.392722 -0.287289 J921 (140.02757,40.33940)
140.408157 40.183315 0.484895 -0.336511 J922 (140.40816,40.18332)
140.005493 40.099701 0.477328 -0.305043 J923 (140.00549,40.09970)
140.535858 39.921391 0.626809 -0.373320 J924 (140.53586,39.92139)
140.053925 39.527565 0.700771 -0.323958 J925 (140.05392,39.52757)
140.596085 39.508137 0.835534 -0.386620 J926 (140.59608,39.50814)
140.278931 39.296745 0.838003 -0.344514 J927 (140.27893,39.29675)
140.715057 39.146202 0.984004 -0.374566 J928 (140.71506,39.14620)
140.447327 39.054379 0.951097 -0.345711 J929 (140.44733,39.05438)
140.183472 38.938103 0.900408 -0.301063 J930 (140.18347,38.93810)
140.497253 38.752155 1.000725 -0.316345 J931 (140.49725,38.75216)
139.674530 38.701168 0.764551 -0.201945 J932 (139.67453,38.70117)
140.220505 38.628414 0.943646 -0.267736 J933 (140.22050,38.62841)
140.393875 38.170441 0.930458 -0.218447 J934 (140.39388,38.17044)
139.879410 37.920586 0.762183 -0.114403 J935 (139.87941,37.92059)
140.446793 37.833496 0.813391 -0.189277 J936 (140.44679,37.83350)
139.972656 37.669289 0.711611 -0.106154 J937 (139.97266,37.66929)
140.571655 37.591091 0.717146 -0.227585 J938 (140.57166,37.59109)
139.835526 37.461288 0.627168 -0.082069 J939 (139.83553,37.46129)
140.464035 37.444870 0.669703 -0.196096 J940 (140.46404,37.44487)
139.686340 37.326210 0.566736 -0.061563 J941 (139.68634,37.32621)
140.212738 37.293041 0.611891 -0.136511 J942 (140.21274,37.29304)
140.450974 37.210564 0.593194 -0.194173 J943 (140.45097,37.21056)
140.716003 37.183090 0.595869 -0.285414 J944 (140.71600,37.18309)
140.376266 37.023582 0.528501 -0.176129 J945 (140.37627,37.02358)
140.690155 36.932621 0.508728 -0.263715 J946 (140.69016,36.93262)
140.385696 36.475849 0.383546 -0.200441 J947 (140.38570,36.47585)
140.035416 37.124699 0.549805 -0.104692 J948 (140.03542,37.12470)
139.505310 36.872246 0.434932 -0.038628 J949 (139.50531,36.87225)
139.752792 36.537632 0.389034 -0.074440 J950 (139.75279,36.53763)
139.902512 36.456581 0.378514 -0.099274 J951 (139.90251,36.45658)
139.060852 36.837357 0.374688 -0.000773 J952 (139.06085,36.83736)
138.847885 36.591377 0.311404 0.016589 J954 (138.84789,36.59138)
139.016708 36.395348 0.298567 0.010091 J955 (139.01671,36.39535)
139.254639 36.267693 0.301817 -0.005983 J956 (139.25464,36.26769)
138.702988 36.200268 0.239433 0.030557 J957 (138.70299,36.20027)
138.926056 35.929928 0.214304 0.024890 J958 (138.92606,35.92993)
139.968475 35.143803 0.111675 -0.062648 J959 (139.96848,35.14380)
139.366058 35.391487 0.139903 0.001633 J960 (139.36606,35.39149)
139.111450 37.540340 0.504544 -0.027986 J961 (139.11145,37.54034)
138.634598 37.212112 0.377306 0.008582 J962 (138.63460,37.21211)
139.247101 37.157616 0.458305 -0.020019 J963 (139.24710,37.15762)
138.457352 37.107086 0.340914 0.017983 J964 (138.45735,37.10709)
140.296494 36.778957 0.450792 -0.164903 J965 (140.29649,36.77896)
137.026428 36.919510 0.204250 0.035342 J966 (137.02643,36.91951)
137.551331 36.864346 0.232963 0.037320 J967 (137.55133,36.86435)
137.154480 36.757950 0.199691 0.039480 J968 (137.15448,36.75795)
136.806396 36.592091 0.170042 0.040671 J969 (136.80640,36.59209)
137.239227 36.472801 0.181442 0.044749 J970 (137.23923,36.47280)
137.033936 37.432259 0.238024 0.019505 J971 (137.03394,37.43226)
136.908768 37.226437 0.217029 0.026471 J972 (136.90877,37.22644)
136.540680 36.537266 0.154700 0.039512 J973 (136.54068,36.53727)
136.361649 36.229565 0.129847 0.041105 J974 (136.36165,36.22956)
136.048950 36.109734 0.113814 0.039001 J975 (136.04895,36.10973)
136.657745 35.901413 0.119234 0.044983 J976 (136.65775,35.90141)
136.339584 35.888218 0.110157 0.042337 J977 (136.33958,35.88822)
135.755646 35.486572 0.079571 0.037178 J978 (135.75565,35.48657)
138.444214 35.904934 0.181006 0.041166 J979 (138.44421,35.90493)
138.949997 35.753872 0.186303 0.025541 J980 (138.95000,35.75387)
138.606873 35.467693 0.129736 0.035508 J981 (138.60687,35.46769)
138.624252 36.856686 0.326333 0.020590 J982 (138.62425,36.85669)
138.096725 36.706646 0.257730 0.037115 J983 (138.09673,36.70665)
138.120941 36.523605 0.238276 0.040561 J984 (138.12094,36.52361)
138.366043 36.260986 0.222864 0.040030 J985 (138.36604,36.26099)
137.785431 35.944603 0.156945 0.048832 J986 (137.78543,35.94460)
138.095703 35.878418 0.161964 0.046711 J987 (138.09570,35.87842)
137.450882 35.815552 0.134263 0.049042 J988 (137.45088,35.81555)
137.620163 35.661228 0.125403 0.048405 J989 (137.62016,35.66123)
137.080521 36.140263 0.148675 0.047163 J990 (137.08052,36.14026)
136.784622 35.723488 0.111157 0.045817 J991 (136.78462,35.72349)
137.309097 35.523129 0.107932 0.047304 J992 (137.30910,35.52313)
136.545288 35.480061 0.092092 0.043223 J993 (136.54529,35.48006)
137.252319 35.300552 0.091410 0.045121 J994 (137.25232,35.30055)
137.575333 35.100021 0.080691 0.042211 J995 (137.57533,35.10002)
137.152390 34.917339 0.067350 0.040129 J996 (137.15239,34.91734)
137.338776 34.785915 0.060712 0.037896 J997 (137.33878,34.78592)
136.938477 34.740051 0.057713 0.037519 J998 (136.93848,34.74005)
136.474457 34.420326 0.044219 0.032737 J999 (136.47446,34.42033)
139.488007 35.709999 0.211097 -0.009611 KGNI (139.48801,35.71000)
135.046005 48.521000 0.003677 -0.008866 KHAJ (135.04601,48.52100)
130.878571 31.425312 0.006671 0.006570 KNYA (130.87857,31.42531)
140.658005 35.955002 0.402034 -0.302418 KSMV (140.65800,35.95500)
102.796997 25.030001 0.001107 0.000798 KUNM (102.79700,25.03000)
150.810379 59.577644 -0.000020 0.000316 MAGJ (150.81038,59.57764)
153.979996 24.290001 -0.001895 0.003172 MCIL (153.98000,24.29000)
141.132996 39.134998 1.076256 -0.369533 MIZU (141.13300,39.13500)
139.559998 35.680000 0.208765 -0.016488 MTKA (139.56000,35.68000)
100.713654 14.043016 0.000565 0.000719 NIMT (100.71365,14.04302)
127.768921 26.144817 0.000727 0.001291 OKN1 (127.76892,26.14482)
158.649994 53.020000 0.000262 0.000312 PETS (158.64999,53.02000)
121.080002 14.640000 0.000071 0.000355 PIMO (121.08000,14.64000)
130.878571 31.425308 0.006671 0.006570 S004 (130.87857,31.42531)
141.844818 43.528645 -0.000592 -0.012289 S005 (141.84482,43.52864)
142.195023 27.067532 0.000813 -0.001223 S007 (142.19502,27.06753)
139.081970 35.006851 0.078631 0.010230 S106 (139.08197,35.00685)
139.101685 34.971863 0.074663 0.008478 S107 (139.10168,34.97186)
140.087189 36.106113 0.326924 -0.132934 S110 (140.08719,36.10611)
121.199997 31.100000 0.003023 0.001775 SHAO (121.20000,31.10000)
135.936951 33.577854 0.023017 0.022514 SMST (135.93695,33.57785)
141.845001 43.528999 -0.000594 -0.012283 STK2 (141.84500,43.52900)
127.054001 37.276001 0.016154 0.002708 SUWN (127.05400,37.27600)
120.989998 24.799999 0.000930 0.000968 TCMS (120.99000,24.80000)
120.989998 24.799999 0.000930 0.000968 TNML (120.99000,24.80000)
140.089996 36.110001 0.327643 -0.133644 TSK2 (140.09000,36.11000)
140.087006 36.105999 0.326898 -0.132892 TSKB (140.08701,36.10600)
121.160004 24.950001 0.000950 0.000989 TWTF (121.16000,24.95000)
107.050003 47.869999 0.002006 -0.000320 ULAB (107.05000,47.87000)
138.362000 36.132999 0.206099 0.041518 USUD (138.36200,36.13300)
114.357002 30.532000 0.001801 0.000925 WUHN (114.35700,30.53200)
142.720001 47.029999 -0.001729 -0.000593 YSSK (142.72000,47.03000)
136.503754 35.104763 0.072344 0.040311 Z101 (136.50375,35.10476)
138.185791 35.322075 0.104893 0.041017 Z102 (138.18579,35.32207)
137.423126 34.967480 0.071324 0.040595 Z103 (137.42313,34.96748)
136.981750 34.543915 0.049065 0.034687 Z104 (136.98175,34.54391)
136.802002 34.373581 0.042520 0.032328 Z105 (136.80200,34.37358)
136.388489 34.297928 0.040186 0.031117 Z106 (136.38849,34.29793)
136.139969 33.932949 0.030318 0.026541 Z107 (136.13997,33.93295)
135.743454 34.155849 0.035796 0.028044 Z108 (135.74345,34.15585)
135.290344 34.090851 0.033447 0.025853 Z109 (135.29034,34.09085)
135.399124 33.854500 0.028676 0.024214 Z110 (135.39912,33.85450)
135.871094 33.799084 0.027557 0.024748 Z111 (135.87109,33.79908)
135.406006 33.647251 0.024741 0.022407 Z112 (135.40601,33.64725)
135.834137 33.520081 0.022119 0.021856 Z113 (135.83414,33.52008)
134.510025 33.932796 0.028378 0.021639 Z114 (134.51003,33.93280)
133.796951 33.838840 0.024994 0.018477 Z115 (133.79695,33.83884)
134.484558 33.821980 0.026524 0.020879 Z116 (134.48456,33.82198)
132.564697 33.510353 0.018536 0.013565 Z117 (132.56470,33.51035)
132.360382 33.202183 0.015751 0.012239 Z118 (132.36038,33.20218)
133.431702 33.545727 0.020695 0.016106 Z119 (133.43170,33.54573)
133.699844 33.542534 0.021170 0.016876 Z120 (133.69984,33.54253)
134.056198 33.367382 0.019688 0.017033 Z121 (134.05620,33.36738)
132.974030 33.312130 0.017624 0.014029 Z123 (132.97403,33.31213)
132.822083 33.060120 0.015344 0.012843 Z124 (132.82208,33.06012)
141.669920 35.502980 0.507805 -0.464990 _CHS (141.66992,35.50298)
142.083120 37.166010 0.640612 -0.546679 _FUK (142.08312,37.16601)
143.362340 38.887930 -0.051679 -0.113165 _KMN (143.36234,38.88793)
143.263500 38.636440 -0.241505 -0.158041 _KMS (143.26350,38.63644)
142.916670 38.082940 -0.505990 0.012451 _MGI (142.91667,38.08294)
142.433270 38.150560 0.257105 -0.099431 _MGW (142.43327,38.15056)
