139.547653 39.185562 0.793211 -0.313051 019B
130.600006 31.823999 0.012354 0.005829 AIRA
102.234985 51.769707 0.002550 -0.001441 BADG
115.891998 39.609001 0.006178 0.000300 BJFS
142.199997 27.070000 0.003534 -0.000134 CCJ2
125.444000 43.791000 0.018412 -0.008522 CHAN
145.742996 15.230000 -0.002533 0.000483 CNMR
100.533936 13.735914 -0.003203 -0.002419 CUSV
127.374001 36.398998 0.022488 0.003125 DAEJ
135.928299 33.877003 0.031419 0.014063 G000
135.087646 35.419525 0.066261 0.016497 G001
135.340698 35.333458 0.066601 0.018514 G002
135.634216 35.155182 0.061459 0.016724 G003
135.219940 34.326462 0.038348 0.012690 G004
134.376114 34.760426 0.043036 0.013021 G006
136.041901 34.710644 0.051951 0.015320 G007
136.173141 34.493874 0.044996 0.017024 G008
136.002640 34.292927 0.040503 0.016948 G009
135.854797 34.241966 0.038744 0.012142 G010
135.554001 33.940796 0.032180 0.013742 G011
135.882095 33.668758 0.028697 0.011094 G012
135.533844 33.658344 0.027794 0.008232 G013
134.195267 35.529858 0.057262 0.012795 G014
133.495132 35.506935 0.050232 0.010640 G015
133.869751 35.493202 0.053282 0.012674 G016
134.155945 35.340591 0.051364 0.013219 G017
132.921997 35.491909 0.050107 0.013103 G018
133.192093 35.310692 0.048989 0.014818 G019
132.902695 35.309727 0.047490 0.012474 G020
132.669006 35.233078 0.044048 0.013414 G021
132.385559 35.031902 0.039916 0.012298 G022
132.685165 34.856747 0.039723 0.012020 G023
132.109467 34.777946 0.035421 0.010674 G024
131.810318 34.624344 0.033084 0.006707 G025
133.680756 35.282959 0.048769 0.014212 G026
133.912689 35.105026 0.048164 0.015350 G027
133.800446 34.738079 0.038788 0.011006 G028
133.972595 34.590286 0.038014 0.010780 G029
132.902100 35.035213 0.041385 0.012613 G030
132.908112 34.633671 0.037656 0.012671 G031
133.341293 34.612202 0.039178 0.015617 G032
133.140182 34.515621 0.036178 0.011969 G033
132.691956 34.184635 0.033236 0.010230 G035
132.531631 34.069233 0.030014 0.010333 G036
131.735321 34.195274 0.030102 0.008228 G037
132.052734 34.090061 0.029243 0.009138 G038
131.113037 34.020523 0.025875 0.007848 G039
132.119965 33.845917 0.027825 0.006688 G040
134.457306 33.993687 0.031927 0.012908 G041
134.211166 33.934563 0.030466 0.012273 G042
134.175980 34.478535 0.037224 0.010437 G044
133.899384 34.325920 0.033821 0.010394 G045
133.350693 33.974171 0.029689 0.013493 G046
133.047394 33.884090 0.026688 0.012095 G047
132.798523 33.642731 0.026831 0.007789 G048
132.743683 33.305054 0.024168 0.010006 G049
132.633636 33.096088 0.021550 0.009374 G050
133.531021 33.625805 0.026355 0.008548 G051
133.154495 33.607021 0.026230 0.012274 G052
134.099319 33.497108 0.026229 0.010676 G053
133.089539 33.416664 0.023478 0.010055 G054
134.205536 33.394894 0.024626 0.010649 G055
132.972137 33.193138 0.021796 0.008634 G056
132.831467 32.961067 0.019982 0.009391 G058
132.555435 32.738613 0.018928 0.008166 G059
130.722427 33.929722 0.024246 0.007936 G060
130.971115 33.867008 0.023460 0.004937 G061
130.296906 33.683071 0.022298 0.007634 G062
130.675674 33.579769 0.021878 0.006342 G063
130.995422 33.564732 0.026613 0.007494 G064
130.079269 33.503036 0.019722 0.006921 G065
130.097214 33.292004 0.019232 0.007158 G066
129.862946 33.073387 0.016829 0.006851 G067
129.958954 32.768307 0.013797 0.008102 G068
130.621765 33.060135 0.018225 0.006583 G069
130.872650 32.995934 0.019606 0.006560 G070
130.748367 32.709232 0.017469 0.005746 G071
130.827347 32.396080 0.015958 0.005846 G073
130.179886 32.367409 0.014452 0.006332 G074
130.656494 32.343513 0.014379 0.005170 G075
130.986389 32.292397 0.014631 0.006722 G076
131.521149 33.514332 0.025768 0.009626 G077
131.291672 33.383755 0.024963 0.007358 G078
131.748413 33.096195 0.021001 0.007734 G079
132.039047 32.936356 0.020476 0.007832 G080
131.441528 32.898895 0.020463 0.006710 G081
131.629227 32.852222 0.020513 0.007137 G082
131.364700 32.527931 0.016763 0.006203 G083
131.583023 32.316231 0.013399 0.005699 G084
131.347488 32.111889 0.011088 0.005662 G085
131.254456 32.001804 0.010184 0.006594 G086
130.976959 31.877796 0.010454 0.005873 G087
131.470062 31.785973 0.010623 0.007215 G088
130.735672 31.743780 0.010316 0.005199 G089
130.998306 31.564604 0.009605 0.005397 G090
130.340057 31.450253 0.011385 0.006312 G091
130.540588 31.377237 0.012784 0.005424 G092
130.867111 31.242748 0.011296 0.007334 G093
127.993683 26.386345 0.004688 -0.000159 G094
127.760361 26.312714 0.003374 0.000761 G095
127.677628 26.194576 0.001581 -0.001290 G096
153.978653 24.290094 -0.007351 0.008393 G098
137.550842 36.114304 0.180492 0.051834 G099
138.727310 35.360771 0.124113 0.050685 G100
140.858307 43.209526 0.027456 -0.052406 G101
139.489197 42.078789 0.109787 -0.124693 G102
140.859207 40.897495 0.266106 -0.315456 G103
139.703461 39.942116 0.563408 -0.331339 G104
139.545959 38.563339 1.015821 -0.249367 G105
140.249451 35.129383 0.099429 0.009228 G107
139.615540 35.160152 0.107789 0.025172 G108
138.281250 37.814758 0.464791 -0.033569 G109
138.508514 37.356544 0.478411 -0.007416 G110
136.900330 37.405727 0.229985 0.002811 G111
136.148849 36.254585 0.118969 0.020429 G112
139.132965 34.895485 0.069927 0.031414 G113
138.764206 34.806900 0.062312 0.022542 G114
138.327408 34.870670 0.075637 0.023428 G115
136.823837 34.903965 0.065293 0.021391 G116
135.191544 34.144146 0.034886 0.015621 G117
134.315933 35.593685 0.061529 0.014969 G118
131.604645 34.627590 0.031605 0.007988 G119
133.243500 33.333500 0.027791 0.009684 G120
129.849289 33.473080 0.019600 0.005671 G121
134.178116 33.266125 0.022022 0.008761 G122
130.191071 32.017410 0.012354 0.005467 G123
127.824677 26.179472 0.000641 0.001453 G124
132.982178 32.869484 0.023669 0.009641 G125
132.810654 32.762100 0.020691 0.008154 G126
137.814484 35.777534 0.143695 0.036487 G127
136.728745 35.405132 0.085916 0.027511 G128
136.431931 34.603333 0.050238 0.016072 G129
135.589935 33.747604 0.028795 0.008705 G130
133.940872 33.722511 0.028241 0.011409 G131
133.043228 33.545834 0.024539 0.009880 G132
132.488770 33.039463 0.022045 0.009272 G133
132.922653 33.391029 0.025026 0.010218 G134
133.699570 35.490398 0.054739 0.012809 G135
137.636871 34.702118 0.063565 0.021183 G136
131.384033 33.078835 0.020562 0.011383 G137
137.595978 36.576969 0.230668 0.029015 G138
136.540482 34.285072 0.040937 0.012947 G139
136.081070 20.425549 -0.001908 -0.004405 G140
132.961685 33.103912 0.021766 0.008937 G141
132.675827 32.927689 0.020904 0.007969 G142
136.295578 34.930733 0.061978 0.017990 G143
138.794662 34.970566 0.078860 0.027431 G144
141.283188 38.901936 3.213591 -1.463977 G145
135.426102 34.085499 0.034787 0.013619 G146
131.835007 34.043789 0.028274 0.010226 G147
136.728226 34.490002 0.048904 0.014500 G148
136.693192 34.296612 0.042663 0.012421 G149
140.898788 42.557934 0.050918 -0.082363 G150
132.650330 34.492138 0.034518 0.012058 G151
133.924103 33.622295 0.025422 0.007661 G152
134.114166 33.774574 0.027835 0.011203 G153
135.305313 33.769405 0.029772 0.013019 G154
135.970596 33.660805 0.027540 0.013931 G155
136.024353 33.820427 0.029803 0.009392 G156
132.339813 34.397049 0.032090 0.011335 G157
136.772705 37.000721 0.195241 0.012033 G158
141.054657 39.362015 1.722047 -1.094909 G159
137.723373 34.672314 0.062858 0.021093 G160
137.442459 34.680382 0.061142 0.020579 G161
139.533829 38.511196 1.023502 -0.238222 G162
139.276184 36.602337 0.519193 0.060588 G163
132.268814 34.575432 0.034258 0.011204 G164
141.685333 45.407822 0.005126 -0.011092 G201
144.285797 44.019413 0.004756 0.012827 G202
144.371399 42.975571 0.009850 0.021169 G203
140.724533 41.781658 0.104974 -0.152282 G204
139.824921 34.918789 0.061079 0.004066 G206
137.224579 36.762173 0.205902 0.019571 G207
135.773193 33.475948 0.023473 0.010857 G208
132.066208 34.897312 0.036009 0.009916 G209
129.866196 32.735119 0.016385 0.004634 G210
131.409302 31.576969 0.010738 0.001810 G211
127.665207 26.213327 -0.000558 0.000658 G212
142.194611 27.093943 0.003758 -0.000074 G213
144.869995 13.590000 0.001587 -0.001625 GUAM
144.800003 13.430000 -0.005722 -0.000983 GUUG
139.542297 36.295162 0.491494 0.065155 I001
140.174271 36.263268 0.730983 0.009314 I002
139.810532 36.203671 0.541699 0.051751 I003
140.544479 36.181309 0.922250 -0.069164 I004
139.345169 36.120953 0.372574 0.065192 I005
140.343155 36.096935 0.714638 0.001867 I006
139.636719 36.087227 0.438307 0.063117 I007
139.799927 36.010895 0.450872 0.060695 I008
140.659241 35.955456 0.793794 -0.044895 I009
140.402954 35.970409 0.649730 0.011233 I010
139.464279 35.925503 0.334255 0.064117 I011
139.992722 35.940292 0.471837 0.053522 I012
139.651855 35.937469 0.375920 0.063874 I013
140.145493 35.873650 0.481547 0.043070 I014
140.407013 35.803329 0.502678 0.028511 I015
139.812805 35.780212 0.344958 0.062633 I016
140.024750 35.786465 0.392079 0.055718 I018
139.488266 35.710369 0.263800 0.064168 I019
140.315140 35.717453 0.409458 0.038634 I020
140.646820 35.777302 0.545705 -0.017126 I021
140.837234 35.726357 0.540975 -0.076282 I022
139.902359 35.675465 0.312578 0.060134 I023
140.448303 35.642353 0.374710 0.017678 I024
140.186569 35.544144 0.272118 0.039655 I025
139.673355 35.563404 0.231686 0.054171 I026
140.318237 35.530117 0.279410 0.026554 I027
139.467834 35.521408 0.196249 0.051646 I028
139.322571 35.482639 0.177811 0.048231 I029
140.051331 35.447784 0.213833 0.042315 I030
139.045181 35.415352 0.153811 0.049042 I031
139.653748 35.436485 0.183619 0.048755 I032
140.337372 35.421127 0.217574 0.018196 I033
139.466064 35.326683 0.143832 0.041088 I034
139.262695 35.304901 0.134613 0.040393 I035
139.825516 35.311703 0.148074 0.035936 I036
140.146790 35.333141 0.165205 0.028714 I037
138.881653 35.321602 0.136443 0.045490 I038
139.843567 35.143711 0.104316 0.022869 I039
140.268021 35.165901 0.108325 0.011268 I041
139.110443 35.148605 0.098317 0.033222 I042
138.901855 35.110016 0.091536 0.036465 I043
140.079269 35.111862 0.095891 0.013244 I044
139.954346 35.254807 0.132562 0.029384 I045
138.997925 35.014828 0.082190 0.032438 I046
139.864075 34.954082 0.067361 0.006165 I047
139.131165 34.939308 0.072234 0.023382 I048
138.924820 34.916115 0.071464 0.026383 I049
137.672333 34.835331 0.068560 0.021798 I050
139.381393 34.784420 0.061496 0.028149 I051
138.017532 34.785950 0.066788 0.023812 I052
138.989822 34.751350 0.059551 0.024434 I053
139.433212 34.686787 0.047617 0.005845 I055
139.257904 34.371826 0.040555 0.011466 I057
139.134460 34.200478 0.022323 0.000669 I058
139.503845 34.121067 0.018084 -0.004376 I059
139.547150 34.059113 0.017448 -0.003271 I060
139.013687 34.921822 0.070671 0.027021 I061
139.124359 34.878475 0.063375 0.020524 I062
139.268127 35.723759 0.245187 0.059940 I063
138.975861 35.623348 0.193863 0.052263 I064
139.157227 35.610275 0.199930 0.054158 I065
139.204865 35.428520 0.160826 0.050545 I066
139.664841 35.267094 0.130045 0.032517 I067
139.049332 35.245514 0.121727 0.041042 I068
138.445251 35.443581 0.134359 0.040997 I069
138.814041 35.496590 0.155957 0.046439 I070
138.563431 35.362080 0.126111 0.039150 I071
138.770676 35.305538 0.136413 0.040740 I072
138.445694 35.289463 0.113828 0.041146 I073
138.253510 35.200977 0.101195 0.031845 I074
138.616989 35.203182 0.110506 0.041605 I075
138.721542 35.173592 0.103905 0.050097 I076
138.524704 35.067406 0.092064 0.035948 I077
138.368698 35.103458 0.092333 0.031809 I078
138.134903 35.103912 0.091055 0.031309 I079
138.378296 34.990524 0.086438 0.029806 I081
137.695236 35.079292 0.083894 0.026779 I084
138.786057 34.776073 0.059303 0.023367 I085
138.838425 34.610001 0.049106 0.017593 I086
138.074860 34.939796 0.077664 0.025233 I088
137.932144 34.843857 0.069735 0.025061 I089
137.817947 34.941345 0.074473 0.024203 I090
138.136917 34.757755 0.066021 0.021850 I091
138.225601 34.738308 0.062998 0.020325 I092
138.053543 34.715252 0.063790 0.021658 I093
138.129288 34.642902 0.058498 0.018927 I094
137.937439 34.670422 0.062245 0.019233 I095
137.911270 34.755394 0.064529 0.022751 I096
137.791794 34.792835 0.064693 0.022234 I097
137.823425 34.671883 0.061109 0.019896 I098
137.575485 34.937675 0.070694 0.022896 I099
137.434006 34.864815 0.071546 0.023786 I102
137.554337 34.808727 0.068326 0.022688 I103
137.514938 34.718052 0.060737 0.018589 I104
139.171036 35.040627 0.083555 0.019498 I105
139.797241 33.119949 -0.006816 -0.017031 I113
104.316177 52.219021 0.004738 -0.002469 IRKJ
104.316238 52.219025 0.003536 -0.001370 IRKM
104.316002 52.219002 0.009351 -0.001804 IRKT
141.750443 45.402992 0.005701 -0.008450 J001
143.224182 44.433685 0.004672 0.002062 J002
141.756317 44.397949 0.012695 -0.015087 J003
144.675842 43.915691 0.006276 0.015390 J004
144.449005 43.507858 0.005213 0.013116 J005
142.482483 43.589657 0.008870 -0.012541 J007
141.510376 43.854012 0.015965 -0.023126 J008
145.129623 43.070080 0.006044 0.019851 J009
144.431931 42.963261 0.010783 0.021268 J010
143.459229 43.028625 0.009369 0.007494 J011
142.401978 42.980515 0.013549 -0.021981 J012
141.030914 43.177853 0.027930 -0.051183 J013
141.730667 42.983253 0.020019 -0.044907 J014
143.331009 42.321594 0.021837 0.005858 J015
142.364609 42.356903 0.027725 -0.039401 J016
139.857666 42.450733 0.076086 -0.098631 J017
140.942413 42.374214 0.055056 -0.094573 J018
143.156525 42.005856 0.026423 -0.003694 J019
139.519592 42.153545 0.103400 -0.119867 J020
140.107330 42.008076 0.107360 -0.136319 J021
140.747833 41.826073 0.103307 -0.150675 J022
140.040649 41.466377 0.161430 -0.182946 J023
141.213272 41.300774 0.151936 -0.209253 J024
140.272980 40.778984 0.303185 -0.290347 J026
141.789093 40.133450 0.734811 -0.719705 J027
141.939957 39.572384 2.007568 -1.485252 J028
141.203918 39.110626 2.579898 -1.328591 J029
139.776154 39.967903 0.558196 -0.336106 J030
140.048233 39.398697 0.985262 -0.496074 J031
139.808853 38.894604 1.076555 -0.364959 J032
140.318741 38.758595 1.645679 -0.556819 J033
140.366089 38.331028 1.967645 -0.426651 J035
141.441162 38.449196 4.893830 -1.609213 J036
140.954178 38.317486 3.253690 -0.823031 J037
140.908081 37.800671 2.846280 -0.425379 J038
139.791504 37.643696 1.108345 -0.071325 J040
140.902512 37.090714 2.021616 -0.369231 J041
140.611832 36.539928 1.225944 -0.145101 J042
139.726425 36.401848 0.586827 0.047778 J043
138.906265 36.697025 0.439493 0.055141 J044
138.865402 36.259033 0.318961 0.057768 J045
137.851120 36.499767 0.237401 0.036670 J046
137.943802 35.923580 0.168875 0.039707 J047
138.583298 35.590336 0.163980 0.047641 J048
139.509567 38.230690 1.020937 -0.171776 J049
138.988861 37.896469 0.691691 -0.071008 J050
138.574402 37.397678 0.496961 -0.007494 J051
137.487228 36.928959 0.246161 0.014934 J052
136.889160 37.382374 0.225776 0.002006 J053
136.649933 36.663410 0.164942 0.018256 J054
136.172974 36.231174 0.116221 0.019226 J055
136.105804 35.602562 0.087362 0.020756 J056
135.233383 35.549904 0.070322 0.016338 J057
137.347916 36.135994 0.154115 0.029087 J058
137.248367 35.800484 0.124085 0.031947 J059
136.900024 35.526073 0.097795 0.026988 J060
137.467575 35.396767 0.101664 0.028825 J061
136.158234 35.094727 0.068079 0.022243 J062
137.041290 35.128109 0.079989 0.025515 J063
136.502289 34.758999 0.057122 0.018448 J064
136.851135 34.465389 0.048358 0.017356 J065
136.198364 34.060658 0.035176 0.010515 J066
135.500977 34.837997 0.052430 0.014158 J067
135.851410 34.392300 0.042264 0.014045 J068
135.221497 34.157684 0.035088 0.011830 J069
135.764420 33.483360 0.023408 0.006879 J070
134.550385 34.784813 0.044737 0.011746 J071
133.058655 35.433876 0.049845 0.015703 J074
132.208969 35.002811 0.039492 0.011717 J075
131.610367 34.616493 0.031610 0.009365 J076
133.527985 34.548798 0.036783 0.011094 J077
132.575439 34.340355 0.033316 0.011731 J078
130.913635 33.996555 0.025709 0.007268 J079
134.023911 34.286026 0.034751 0.012328 J080
134.626022 33.926857 0.034436 0.014467 J081
134.122131 33.315895 0.023255 0.007441 J082
133.578262 33.529148 0.025046 0.011253 J083
133.241791 33.272900 0.024349 0.010819 J084
132.966415 32.755737 0.018869 0.008193 J085
132.281174 33.469009 0.022986 0.007950 J086
130.476776 33.730721 0.022263 0.007085 J087
131.691376 33.461544 0.023074 0.007832 J088
130.967819 33.331085 0.023545 0.006054 J089
131.876373 32.924587 0.021319 0.007599 J090
129.850296 33.476070 0.019811 0.007133 J091
130.645599 32.546410 0.017804 0.007484 J093
131.632324 32.445446 0.014252 0.005485 J094
131.469681 32.021755 0.009856 0.006142 J095
130.190140 32.013245 0.011393 0.004994 J096
130.466446 31.503769 0.011404 0.006857 J097
130.299484 31.264591 0.010216 0.005474 J098
131.087540 31.258533 0.010217 0.005791 J099
127.768921 26.144814 0.002648 -0.002157 J100
142.169739 45.335827 0.003967 -0.007502 J101
141.038208 45.275967 0.005552 -0.016618 J102
142.537094 45.002399 0.004594 -0.005129 J103
141.741394 44.892460 0.007619 -0.013547 J104
142.265244 44.728497 0.005253 -0.008285 J105
141.330063 44.427048 0.010938 -0.022773 J106
142.625595 44.294567 0.005440 -0.005223 J107
144.029770 44.063873 0.005544 0.010150 J108
145.186096 44.019184 0.001629 0.011812 J109
142.151688 44.006779 0.010487 -0.014678 J110
143.333694 44.005619 0.005208 0.003309 J111
143.926941 42.894516 0.010943 0.016507 J112
144.986969 43.549397 0.007643 0.015901 J113
143.787262 43.848896 0.004862 0.009006 J114
145.131439 43.661823 0.006788 0.018072 J115
144.774323 43.408688 0.008700 0.018364 J116
141.431183 43.404678 0.017429 -0.035371 J117
145.114960 43.382526 0.004442 0.017363 J118
145.801132 43.366852 0.005492 0.018673 J119
140.597076 43.292583 0.032026 -0.053605 J120
143.562424 43.289471 0.006345 0.009368 J121
144.325027 43.232933 0.008809 0.018324 J122
143.298019 43.231995 0.006535 0.002344 J123
144.126526 43.120609 0.008974 0.016955 J124
144.843018 43.057594 0.006584 0.019195 J125
140.499176 43.056828 0.038391 -0.063099 J126
140.543945 42.985252 0.039467 -0.064460 J127
141.290329 42.971378 0.027762 -0.052647 J128
140.883347 42.857887 0.038917 -0.066166 J129
140.603516 42.802719 0.046149 -0.072472 J130
140.233200 42.786434 0.053114 -0.079197 J131
141.863983 42.729443 0.026315 -0.049852 J132
142.295807 42.727238 0.018634 -0.031338 J133
143.103256 42.699268 0.014726 -0.000350 J134
141.074951 42.667877 0.040675 -0.070921 J135
141.602264 42.655529 0.031321 -0.061877 J136
140.825684 42.646290 0.046906 -0.077032 J137
143.461151 42.551647 0.015307 0.007362 J138
141.361481 42.549801 0.039246 -0.072505 J139
140.354202 42.494362 0.064439 -0.093299 J140
142.060226 42.481281 0.030820 -0.051745 J141
142.567459 42.247726 0.024942 -0.028497 J142
140.250488 42.243679 0.080092 -0.115033 J143
142.935394 42.130936 0.026822 -0.015280 J144
140.003952 42.130848 0.098069 -0.119971 J145
140.568863 42.098606 0.085862 -0.125770 J146
140.805542 42.042969 0.081491 -0.127671 J147
140.315887 41.599026 0.136459 -0.162500 J149
140.880508 41.455299 0.142726 -0.189480 J150
140.635895 41.043221 0.226507 -0.250925 J151
141.367966 40.968243 0.218048 -0.288033 J152
141.197830 40.625069 0.353398 -0.421102 J153
139.928116 40.577644 0.354385 -0.286165 J154
140.578140 40.523655 0.419073 -0.387535 J155
141.511276 40.515358 0.405915 -0.476075 J156
141.076477 40.291077 0.564123 -0.575788 J157
141.713135 40.405201 0.465858 -0.521344 J158
141.293686 40.291149 0.570129 -0.603310 J159
141.461945 40.048599 0.833597 -0.781096 J160
141.225067 39.980576 0.878760 -0.787890 J161
141.950546 39.869370 1.214159 -1.036327 J162
141.164856 39.851246 1.043125 -0.870033 J163
141.803848 39.849174 1.223562 -1.033763 J164
140.964508 39.701092 1.169490 -0.882420 J165
141.172104 39.596573 1.430686 -1.042465 J166
141.955261 39.458160 2.355244 -1.668208 J167
141.534164 39.338055 2.309751 -1.471617 J169
141.798035 39.253517 3.017802 -1.861450 J170
141.739853 39.023781 3.930594 -2.076478 J171
141.572586 38.902859 3.943761 -1.849959 J172
140.990585 38.815342 2.679084 -1.099725 J173
140.801636 38.748936 2.383408 -0.900010 J174
141.449371 38.682697 4.377711 -1.710286 J175
141.147537 38.539482 3.686187 -1.245234 J176
140.851364 38.411758 2.830545 -0.770063 J177
140.642853 38.205742 2.491347 -0.482809 J178
140.843994 38.029659 2.870191 -0.500227 J179
140.442581 37.989929 2.049234 -0.255804 J180
140.577347 40.325047 0.510249 -0.435588 J181
140.263657 40.271156 0.505961 -0.393313 J182
140.787338 40.215439 0.592689 -0.530646 J183
140.048676 40.247295 0.489985 -0.360197 J184
140.401993 40.006878 0.686602 -0.498557 J185
140.132370 39.936054 0.661821 -0.431246 J186
140.597046 39.749161 0.956335 -0.624030 J187
140.234207 39.658310 0.886426 -0.517494 J188
140.386627 39.549294 1.029031 -0.589125 J189
140.559784 39.327003 1.330496 -0.730733 J190
139.907715 39.206062 0.992753 -0.428503 J191
140.161987 39.164211 1.196288 -0.541432 J192
140.629593 39.051903 1.717287 -0.823587 J193
139.547653 39.185562 0.792609 -0.312439 J194
139.957367 38.759720 1.261987 -0.400967 J195
139.831772 38.594036 1.202286 -0.320068 J196
139.742249 38.146175 1.187906 -0.182144 J197
140.093521 37.963608 1.526888 -0.201187 J198
140.077576 38.197544 1.508105 -0.261044 J199
140.466492 37.683308 1.938545 -0.181676 J200
140.755081 37.560555 2.283420 -0.281606 J201
140.072678 37.566948 1.341049 -0.061655 J202
141.006607 37.533691 2.951469 -0.471508 J203
139.528625 37.473461 0.891292 -0.039875 J204
140.662109 37.325470 1.912435 -0.222958 J205
139.364349 37.302799 0.764768 -0.007233 J206
139.503769 37.281490 0.821337 -0.006736 J207
139.871429 37.261070 1.060480 -0.024563 J209
140.259933 37.126293 1.322479 -0.067380 J210
140.561646 37.089294 1.617997 -0.182201 J211
140.413269 36.862091 1.303077 -0.121343 J212
140.293427 36.650566 1.032240 -0.054101 J213
140.753906 36.800308 1.610674 -0.234755 J214
140.077942 36.364914 0.747499 0.013160 J215
140.476334 36.344368 0.989428 -0.072568 J216
140.039261 36.854233 0.993908 -0.010667 J217
139.619247 36.665985 0.658605 0.047958 J218
139.923462 36.598946 0.754952 0.019760 J219
139.224899 36.769691 0.549938 0.045784 J220
138.552719 36.507996 0.332486 0.058966 J221
139.330383 36.421627 0.476334 0.068690 J222
139.075684 35.986893 0.290795 0.063589 J223
139.795990 35.895969 0.397718 0.062862 J224
140.048096 35.657207 0.256495 0.025194 J225
140.384903 35.243244 0.122714 -0.007926 J226
139.974884 35.002792 0.071498 0.006093 J227
139.630646 35.663696 0.263622 0.058758 J228
139.162598 35.336208 0.139706 0.044094 J229
139.142410 35.268600 0.125089 0.037231 J230
139.253342 38.465393 0.824405 -0.181785 J231
138.513092 38.319347 0.536892 -0.088187 J232
138.471680 38.063278 0.526167 -0.060321 J233
139.351471 37.929382 0.906223 -0.097904 J234
138.273071 37.815903 0.461154 -0.032866 J235
139.477890 37.685905 0.919244 -0.065182 J236
138.780502 37.667522 0.593264 -0.038042 J237
139.059113 37.662296 0.720398 -0.046514 J238
138.998016 37.467720 0.655921 -0.016647 J239
138.789978 37.311314 0.570486 0.003713 J240
138.333572 37.231121 0.424112 0.000335 J241
138.933716 37.166035 0.590557 0.016450 J242
138.100189 37.160789 0.361156 0.006141 J243
138.608719 37.079132 0.623857 0.374611 J244
137.873840 37.045174 0.305676 0.016987 J245
138.830841 36.993458 0.496517 0.042590 J246
138.198669 36.865402 0.331894 0.023641 J247
136.996124 36.740620 0.192356 0.019621 J248
137.195190 36.634335 0.194113 0.022835 J249
137.439896 36.578705 0.212145 0.024891 J250
136.920563 36.401878 0.161143 0.024121 J251
136.919266 37.850494 0.253816 -0.016225 J252
137.270050 37.446026 0.269398 0.002176 J253
136.388947 36.394455 0.134618 0.020360 J255
136.633942 36.165291 0.129015 0.023540 J256
136.278946 36.145618 0.116254 0.020863 J257
136.504929 35.984909 0.111904 0.022418 J258
135.989761 35.945004 0.099396 0.020046 J259
136.197388 35.792782 0.096985 0.022728 J260
135.907639 35.534409 0.077816 0.018936 J261
135.608887 35.462715 0.072174 0.019552 J262
138.316391 35.855980 0.183699 0.048373 J263
138.695129 35.746876 0.196414 0.053124 J264
138.436172 36.801708 0.371857 0.030183 J265
137.872330 36.706470 0.268510 0.031976 J266
138.247467 36.665154 0.310257 0.037625 J267
138.322525 36.386177 0.271853 0.045973 J268
138.637802 36.346012 0.313565 0.058924 J269
137.902817 36.322372 0.221054 0.040467 J270
138.216492 36.208466 0.235781 0.043506 J271
138.460968 36.130638 0.249471 0.056527 J272
137.983017 36.121109 0.204444 0.036073 J273
137.696259 35.783619 0.137911 0.035040 J274
138.038315 35.556129 0.130745 0.036089 J275
137.815231 35.521091 0.119996 0.034493 J276
137.925278 35.317142 0.106367 0.031604 J277
137.587662 35.246998 0.095233 0.029961 J278
137.147171 36.335510 0.186608 0.033844 J279
136.952759 36.033047 0.129299 0.027407 J280
137.534866 35.973457 0.148424 0.035370 J281
136.863174 35.866940 0.113973 0.026260 J282
136.975296 35.757782 0.114097 0.025190 J283
137.424774 35.657188 0.117947 0.031959 J284
136.488770 35.636154 0.093393 0.020519 J285
136.611389 35.632896 0.097250 0.022909 J286
137.174149 35.612087 0.107986 0.027921 J287
136.687286 35.488323 0.089819 0.023011 J288
137.124695 35.478699 0.100156 0.028375 J289
136.549744 35.371708 0.082224 0.021116 J291
137.110229 35.367371 0.092883 0.026862 J292
137.405609 35.261967 0.091314 0.029294 J293
136.593445 35.227905 0.076956 0.022549 J294
137.980408 35.031517 0.082459 0.026964 J295
138.515671 34.986496 0.083346 0.032167 J296
138.922256 34.865589 0.067246 0.022460 J297
136.929977 35.334759 0.087223 0.024960 J298
136.828827 35.190105 0.080241 0.022000 J299
137.253555 35.138752 0.079127 0.025228 J300
137.313171 35.039463 0.074747 0.023124 J301
137.059784 34.994991 0.074860 0.023262 J302
137.299942 34.919746 0.072838 0.026221 J303
136.867645 34.823357 0.064400 0.021290 J304
137.119003 34.794872 0.065466 0.022844 J305
137.277832 34.648663 0.059173 0.021036 J306
137.068069 34.609238 0.054450 0.017033 J307
136.636505 34.913803 0.060200 0.018162 J309
136.183456 34.742874 0.052902 0.015872 J310
136.550659 34.547047 0.049818 0.015642 J311
136.334259 34.433140 0.045546 0.014765 J312
136.820618 34.253441 0.044110 0.020886 J314
136.085907 33.875137 0.031153 0.014332 J315
136.010895 33.741272 0.028220 0.009326 J316
136.197952 35.557331 0.083642 0.019226 J317
136.053665 35.466286 0.078412 0.018907 J318
135.913208 35.351254 0.074996 0.019210 J319
136.062820 35.318974 0.072557 0.017364 J320
136.235611 35.269440 0.073572 0.018811 J321
135.870804 35.137039 0.063433 0.016795 J322
136.145035 34.986385 0.063202 0.017562 J323
135.906158 34.939602 0.058154 0.017723 J324
136.054825 34.869328 0.056653 0.018562 J326
135.173218 35.752354 0.076433 0.018786 J327
134.932281 35.555683 0.065159 0.016244 J328
135.164032 35.292336 0.062482 0.016296 J329
135.366898 35.163788 0.062562 0.015417 J331
135.564514 35.077583 0.058126 0.015755 J332
135.665436 34.988571 0.059652 0.016782 J333
135.864151 34.746971 0.054024 0.022701 J334
135.685455 34.777840 0.050823 0.014311 J335
135.518494 34.677906 0.049258 0.018669 J336
135.481339 34.527309 0.045346 0.015842 J337
135.627335 34.479107 0.043153 0.014438 J338
135.586945 34.424809 0.045052 0.013838 J339
135.364151 34.406452 0.041689 0.016645 J340
134.582489 35.436749 0.060849 0.016130 J341
134.818497 35.314899 0.057116 0.015033 J342
135.181900 35.105286 0.056602 0.016449 J343
134.585953 35.094456 0.049933 0.014925 J344
134.972595 35.090786 0.054653 0.016335 J345
134.403778 34.997593 0.049461 0.014969 J346
134.767303 34.984684 0.049918 0.015165 J347
135.325989 34.976788 0.050549 0.016905 J348
135.176422 34.944794 0.053008 0.016362 J349
134.545242 34.897266 0.047165 0.013759 J350
135.215912 34.812187 0.050104 0.013689 J351
134.997238 34.804916 0.047423 0.016407 J352
135.341782 34.790905 0.049910 0.016124 J353
134.828781 34.786961 0.046152 0.012970 J354
135.380386 34.724251 0.047744 0.014760 J355
135.172287 34.686989 0.045355 0.019094 J356
134.519562 34.669880 0.044703 0.013233 J357
134.965698 34.669739 0.044187 0.013210 J358
135.024078 34.577053 0.042798 0.013787 J359
134.860977 34.493320 0.040272 0.015555 J360
134.881531 34.349770 0.039751 0.014261 J361
134.735184 34.334332 0.039601 0.014395 J362
134.736542 34.223671 0.036517 0.011493 J363
136.050385 34.567032 0.046459 0.015096 J364
135.731003 34.539223 0.046077 0.018367 J365
135.704178 34.388302 0.041466 0.014594 J366
135.963745 34.038166 0.031461 0.014940 J367
135.357956 34.256138 0.038187 0.016480 J368
135.065979 34.271461 0.037146 0.015952 J369
135.590118 34.221828 0.036409 0.017383 J370
135.384857 33.961674 0.033430 0.010620 J371
135.180084 33.913853 0.030427 0.011944 J372
135.782089 33.815201 0.030870 0.008880 J373
135.508392 33.785488 0.030788 0.011217 J374
135.396179 33.744274 0.029090 0.014425 J375
135.920715 33.583912 0.027749 0.012777 J376
135.599197 33.505619 0.024038 0.009320 J377
134.046677 35.456753 0.054677 0.011009 J378
133.439072 35.345535 0.046433 0.011771 J379
134.237366 35.265862 0.051873 0.012660 J380
133.308533 35.164574 0.044828 0.012865 J381
133.239883 36.285290 0.062573 0.007357 J382
132.984375 36.093208 0.054441 0.008323 J383
132.743210 35.392616 0.043548 0.008977 J384
132.995422 35.195614 0.045465 0.016160 J385
132.507324 35.185955 0.042390 0.014198 J386
132.720505 35.019772 0.041550 0.011699 J387
131.923141 34.767345 0.031017 0.007670 J388
133.792480 35.263538 0.048575 0.013326 J389
134.319641 35.099640 0.050122 0.013434 J390
134.234772 35.020882 0.048881 0.013788 J391
133.734497 35.002960 0.043564 0.011126 J392
133.960861 34.982544 0.046385 0.013531 J393
133.598083 34.809692 0.040808 0.009684 J394
133.929047 34.791386 0.043560 0.011814 J395
134.165756 34.657722 0.041407 0.014741 J396
133.796738 34.438568 0.034829 0.009762 J397
133.120224 34.943451 0.041924 0.012881 J398
132.277328 34.726898 0.036047 0.011317 J399
132.540237 34.678814 0.035913 0.011272 J400
133.107529 34.672451 0.038459 0.013199 J401
132.824005 34.571301 0.036281 0.015183 J402
132.463470 34.539158 0.030177 0.007719 J403
133.009796 34.378685 0.035028 0.012512 J405
131.416550 34.439861 0.030365 0.007750 J407
130.943146 34.294609 0.026551 0.007652 J408
131.562790 34.283737 0.025737 0.006045 J409
131.953293 34.259083 0.030582 0.009041 J410
131.346085 34.189491 0.025888 0.009228 J411
131.530823 34.057240 0.026251 0.010131 J412
131.286041 33.977715 0.026206 0.006569 J413
132.104446 33.975067 0.029152 0.008982 J414
134.351974 34.096989 0.036134 0.012369 J415
134.560135 34.059906 0.032843 0.014229 J416
134.049179 34.051498 0.034119 0.012138 J417
134.230225 34.038418 0.034644 0.012126 J418
133.681290 33.936672 0.030358 0.011513 J419
134.389099 33.878933 0.029189 0.008642 J420
134.058197 33.877514 0.029533 0.010425 J421
134.667801 33.830242 0.029952 0.009387 J422
134.533005 33.725090 0.028735 0.008351 J423
134.372025 33.618500 0.026540 0.008892 J424
134.314209 34.472374 0.038108 0.011428 J425
134.241974 34.254578 0.035258 0.010573 J426
133.715057 34.217396 0.032375 0.009215 J427
133.647522 34.068073 0.031049 0.008340 J428
133.925507 34.164169 0.033452 0.009359 J429
132.990234 34.077888 0.029563 0.013995 J430
133.538239 33.938660 0.029617 0.012282 J431
133.201309 33.921204 0.029356 0.014177 J432
132.911636 33.796497 0.028122 0.012190 J433
132.683975 33.722599 0.027927 0.009295 J434
132.937881 33.569225 0.026439 0.008941 J435
132.693405 33.446766 0.026800 0.009712 J436
132.561829 32.963905 0.021349 0.010461 J437
133.655777 33.766975 0.026601 0.010910 J438
133.805023 33.654152 0.027321 0.009985 J439
134.106903 33.603786 0.025768 0.009608 J440
134.280807 33.527760 0.025192 0.009232 J441
133.903641 33.505737 0.025161 0.011003 J442
133.280914 33.468403 0.023837 0.011706 J443
134.007126 33.427795 0.024661 0.009496 J444
133.402985 33.407703 0.023886 0.007157 J445
132.792694 33.171646 0.021256 0.009318 J447
132.999237 32.991234 0.020536 0.009007 J448
132.703720 32.840607 0.020359 0.010101 J449
130.250824 33.536140 0.019265 0.009014 J450
130.521957 33.500378 0.019870 0.008802 J451
130.828751 33.465462 0.022027 0.006574 J452
130.564651 33.205875 0.021214 0.006676 J453
130.268723 33.274853 0.019355 0.008910 J454
130.094162 33.098476 0.018212 0.005725 J455
129.482056 34.655552 0.023898 0.007287 J456
129.311508 34.268208 0.021817 0.007176 J457
129.734726 33.742657 0.020587 0.006553 J458
129.537018 33.362202 0.018164 0.005715 J459
129.690659 33.063103 0.016061 0.007236 J460
130.271332 32.870686 0.017157 0.006486 J461
128.843109 32.669384 0.013621 0.007649 J462
130.154602 32.636913 0.014532 0.005802 J463
130.547729 32.933495 0.018848 0.005512 J464
130.764801 32.842098 0.017873 0.007195 J465
131.099304 32.740650 0.018622 0.006567 J466
129.987305 32.326241 0.014040 0.005597 J467
130.506836 32.299156 0.015950 0.006068 J468
130.802628 32.238674 0.013577 0.006479 J469
131.564163 33.671192 0.024283 0.006849 J470
131.168930 33.496235 0.023433 0.006306 J471
131.347275 33.254044 0.023295 0.008152 J472
131.798065 33.239437 0.022420 0.007253 J473
131.286087 33.009029 0.019351 0.008496 J474
131.587845 32.986858 0.020187 0.009283 J475
131.756836 32.704018 0.017052 0.007119 J476
131.327621 32.684834 0.019386 0.005356 J477
131.148865 32.456642 0.014440 0.008798 J478
131.185226 32.245857 0.012635 0.006200 J479
131.515854 32.170433 0.013494 0.006181 J480
131.078568 31.965048 0.014119 0.008869 J481
131.021515 31.740314 0.012271 0.005785 J482
131.368866 31.676546 0.009304 0.004979 J483
131.217392 31.469376 0.008602 0.006735 J484
130.597809 32.057503 0.014266 0.006098 J485
130.759674 31.855528 0.008048 0.000408 J486
129.795441 31.768684 0.010991 0.004653 J487
130.278152 31.717379 0.009576 0.007106 J488
130.836060 31.617376 0.008515 0.005358 J489
130.640366 31.235224 0.009382 0.006700 J490
130.723053 31.106205 0.009510 0.004680 J491
130.964218 30.530867 0.007151 0.003693 J492
130.638382 30.381721 0.006768 0.001898 J493
129.489029 28.399088 0.000022 0.000017 J494
128.432327 27.032185 0.001773 0.001543 J495
127.898453 26.694811 0.003401 0.000070 J496
131.227798 25.831211 -0.004263 0.002248 J497
125.373795 24.753119 0.002029 0.002255 J498
122.942841 24.454168 0.002585 -0.003648 J499
123.792038 24.426273 0.002674 0.004513 J500
141.167099 45.137711 0.007833 -0.014904 J501
142.964462 44.582043 0.003284 -0.001428 J502
143.615677 44.219723 0.004154 0.005789 J503
143.076813 44.191944 0.004603 0.000654 J504
144.293304 43.988789 0.004752 0.012947 J505
142.577713 43.908405 0.009426 -0.010461 J506
144.115250 43.828079 0.005263 0.011138 J507
142.409607 43.738522 0.007571 -0.012785 J508
141.873840 43.740841 0.011249 -0.023316 J509
142.903015 43.771412 0.006711 -0.004316 J510
143.578156 43.670502 0.004790 0.008257 J511
145.258957 43.232105 0.005402 0.018527 J512
144.079620 43.438835 0.003497 0.015573 J513
142.395340 43.336266 0.008876 -0.017440 J514
144.597656 43.307011 0.004586 0.016480 J515
141.890930 43.248409 0.015030 -0.031899 J516
140.860611 43.209507 0.029597 -0.051245 J517
142.809723 43.165527 0.007991 -0.008176 J518
145.520493 43.195164 0.004501 0.018239 J519
141.540115 43.077587 0.022689 -0.046717 J520
143.170563 42.938862 0.009750 -0.000276 J521
141.577423 42.884430 0.020434 -0.048033 J522
141.407089 42.773190 0.034205 -0.055131 J523
140.767624 42.551380 0.052618 -0.084544 J525
140.876373 42.473904 0.053098 -0.088428 J526
139.446152 42.060505 0.111395 -0.124825 J527
140.666870 42.123142 0.081382 -0.121797 J528
140.715439 41.976688 0.089515 -0.135603 J529
140.071228 41.803028 0.125893 -0.156403 J530
144.719147 42.982571 0.010461 0.022973 J531
143.315689 42.125587 0.024521 0.004116 J532
141.447586 41.404705 0.125652 -0.178274 J533
140.490768 41.185078 0.202383 -0.225837 J534
140.821991 41.145546 0.196997 -0.240606 J535
141.131805 40.862362 0.261833 -0.327889 J537
140.589218 40.706276 0.329698 -0.335570 J538
141.376205 40.676399 0.320846 -0.395514 J539
140.478531 40.624344 0.364193 -0.341996 J540
140.803345 40.643566 0.377539 -0.403531 J541
140.451569 40.910175 0.264126 -0.271706 J542
141.066330 39.953079 0.860289 -0.767628 J543
140.769180 39.351299 1.477526 -0.888149 J544
141.575485 39.143089 3.119952 -1.733615 J546
141.675293 39.596127 1.791158 -1.312633 J547
140.847870 38.546215 2.694575 -0.863453 J548
141.212906 38.425056 4.040646 -1.221421 J549
141.500687 38.301186 5.305465 -1.609150 J550
139.848938 39.891136 0.604234 -0.355803 J551
140.044724 39.825809 0.706146 -0.428322 J552
140.732849 39.702682 1.065273 -0.706117 J553
140.506699 39.199097 1.414006 -0.702358 J554
139.927490 39.015972 1.118796 -0.426682 J555
140.365158 38.496769 1.872477 -0.488122 J556
140.271133 38.148098 1.758613 -0.295299 J557
140.205658 37.615952 1.517524 -0.060018 J559
140.372894 37.620731 1.749385 -0.145140 J560
140.135880 37.424507 1.343842 -0.041466 J561
139.586166 37.097248 0.816681 0.015359 J563
139.461685 38.056183 0.984605 -0.131212 J564
138.369888 38.023685 0.499862 -0.052817 J565
138.706940 37.535831 0.550238 -0.023913 J566
138.516373 37.348541 0.475542 -0.005506 J567
139.020248 37.319870 0.649296 -0.003064 J568
138.242584 37.056683 0.374358 0.012250 J569
137.893875 36.950871 0.291886 0.020621 J570
139.073914 37.752064 0.723400 -0.052481 J571
137.369522 36.736958 0.217259 0.021779 J572
137.031891 36.649563 0.185290 0.021082 J573
137.138550 37.306969 0.248531 0.003909 J574
136.718765 37.156746 0.202648 0.008078 J575
136.996063 37.123158 0.217002 0.010873 J576
136.755646 36.817478 0.177061 0.014038 J577
136.605331 36.370068 0.143044 0.019015 J578
136.184998 35.968887 0.104893 0.020422 J579
136.055984 35.836842 0.095364 0.020659 J580
140.497604 36.743027 1.278437 -0.150964 J581
139.987762 36.300705 0.669973 0.034544 J582
139.931503 36.114815 0.540525 0.051667 J583
140.202438 36.031338 0.595444 0.032992 J584
140.164764 36.952305 1.144253 -0.035366 J585
139.805740 36.979580 0.885295 0.014631 J586
139.854263 36.776371 0.819296 0.019354 J587
140.157684 36.692455 0.970705 -0.023606 J588
139.490585 36.624172 0.595495 0.063103 J589
140.179306 36.542217 0.890392 -0.022755 J590
138.591446 36.616318 0.365116 0.059856 J591
139.066635 36.234669 0.345236 0.061317 J592
138.912415 36.142754 0.301981 0.060067 J593
139.434021 34.761543 0.054431 0.012928 J594
139.358582 34.737614 0.052591 0.018653 J595
139.270935 34.519634 0.039535 0.010079 J596
139.210938 34.333122 0.022776 -0.001433 J597
139.137573 34.239914 0.017792 0.004495 J598
139.478806 34.075783 0.014861 -0.007680 J600
139.612854 33.884125 0.007560 -0.010474 J601
139.764618 32.463501 -0.006820 -0.018798 J602
142.162766 26.635151 0.006243 -0.001461 J603
138.690384 35.649517 0.179916 0.048666 J606
139.025772 35.511868 0.170644 0.049086 J607
137.984543 36.239029 0.220522 0.036528 J608
137.871750 36.228371 0.204309 0.044313 J609
138.499283 36.284714 0.281171 0.059539 J610
137.682632 36.084663 0.169856 0.042346 J611
138.214478 36.026161 0.202557 0.045769 J612
138.583023 35.974148 0.230336 0.056305 J613
137.598267 35.880001 0.144427 0.034889 J614
137.983887 35.726292 0.147639 0.038079 J615
137.676392 35.343735 0.102947 0.030227 J616
136.904266 36.261467 0.147141 0.025420 J617
137.363022 36.285645 0.171742 0.026765 J618
137.200668 35.911633 0.128053 0.029367 J619
138.776520 34.855034 0.067020 0.023523 J620
138.928360 35.204395 0.106076 0.040712 J621
138.098282 34.679924 0.062527 0.019567 J622
138.182968 34.677753 0.061302 0.019146 J623
138.046524 34.666409 0.060481 0.019315 J624
138.159042 34.634541 0.058224 0.019327 J625
138.906891 35.047241 0.086912 0.035525 J626
140.086304 36.103634 0.596819 0.037121 J627
138.939331 34.698906 0.053468 0.017713 J628
137.073563 35.239086 0.086718 0.027134 J629
136.965805 35.168423 0.074098 0.025301 J630
136.862747 34.984394 0.070590 0.023555 J631
136.831879 34.904385 0.066404 0.021844 J632
136.694244 35.050911 0.070951 0.021191 J633
136.393265 34.854900 0.058849 0.015713 J634
136.329758 34.648750 0.049396 0.018460 J635
136.628403 34.431442 0.050202 0.017796 J636
136.342926 34.208157 0.038797 0.011134 J637
136.264740 35.420357 0.080654 0.019331 J638
136.041199 35.085724 0.064397 0.017953 J639
135.034042 35.685078 0.072974 0.015664 J640
135.415833 35.482216 0.070033 0.017081 J641
135.549530 35.275860 0.065585 0.015816 J642
135.773300 35.053135 0.061709 0.019957 J643
135.772400 34.952641 0.058469 0.016873 J644
134.677383 35.621201 0.065405 0.015360 J645
134.728714 35.461262 0.061903 0.017360 J646
135.022034 35.237881 0.057593 0.015431 J647
134.771225 35.162743 0.053237 0.014509 J648
134.945038 34.936188 0.051749 0.017467 J649
135.528351 34.311840 0.040458 0.017068 J650
135.167740 34.025391 0.040166 0.009624 J652
135.496201 33.554413 0.025290 0.009617 J653
133.339691 35.436008 0.049787 0.013817 J654
134.325272 35.361443 0.056699 0.012083 J655
133.137894 35.563534 0.053143 0.013553 J656
132.457321 34.892658 0.038834 0.009149 J657
132.013565 34.571064 0.035726 0.007717 J658
131.864319 34.439720 0.032749 0.005888 J659
133.563995 35.169662 0.045085 0.012753 J660
133.396271 34.993362 0.044405 0.015288 J662
132.851578 34.811604 0.036862 0.012003 J663
133.337631 34.777790 0.041269 0.015773 J664
132.194656 34.370346 0.032291 0.010371 J665
132.455551 34.260921 0.030242 0.012030 J666
132.884384 34.210068 0.032427 0.012008 J667
131.152390 34.764347 0.030895 0.007653 J668
131.176163 34.342087 0.027690 0.007224 J669
131.065674 34.179771 0.027454 0.009608 J670
132.358337 33.909935 0.028719 0.009307 J672
134.605026 34.171810 0.034368 0.012291 J673
133.874985 34.039738 0.031973 0.010003 J674
134.301468 33.789532 0.029315 0.009978 J675
133.998672 34.445454 0.039850 0.008046 J676
133.780670 34.383400 0.034908 0.010810 J677
133.189102 34.252445 0.032384 0.014500 J678
132.781738 33.959473 0.028097 0.011858 J679
132.487259 33.611595 0.025598 0.009880 J680
132.543762 33.177589 0.023176 0.006781 J681
133.228470 33.326908 0.023743 0.011184 J683
133.128632 33.215431 0.023871 0.008855 J684
130.749557 33.745506 0.023510 0.007593 J685
131.016525 33.697403 0.024891 0.008024 J686
130.823883 33.640465 0.022101 0.007344 J687
130.701157 33.327225 0.021017 0.007155 J688
129.940094 33.196030 0.017284 0.008986 J689
129.690018 33.266121 0.016974 0.008529 J690
129.125504 33.255791 0.016014 0.004507 J691
129.026337 32.885628 0.013851 0.007663 J692
130.166428 32.795700 0.016760 0.006489 J693
130.335953 32.793015 0.016206 0.006685 J694
130.216660 32.712292 0.016337 0.007003 J695
130.352280 32.722572 0.015765 0.008184 J696
130.290710 32.660652 0.015810 0.007386 J697
128.619354 32.634274 0.013026 0.006578 J698
131.062897 33.121956 0.024574 0.011103 J699
130.748627 33.011292 0.020386 0.008451 J700
130.996216 32.870747 0.022978 0.007874 J701
130.794907 32.576725 0.018251 0.008074 J702
131.093430 32.950653 0.019539 0.005917 J703
131.132156 32.845001 0.022520 0.009247 J704
131.356644 33.537125 0.023740 0.007328 J705
131.588425 33.349854 0.021459 0.008444 J706
131.121140 33.270271 0.023361 0.007943 J707
131.579483 33.228428 0.020815 0.008909 J709
130.915741 33.190575 0.021833 0.005911 J710
131.530670 32.557049 0.015871 0.007625 J711
131.334015 32.384399 0.014054 0.006266 J712
131.486023 32.069107 0.012140 0.005487 J713
130.865631 32.047718 0.010567 0.003302 J714
131.306305 31.842098 0.012124 0.005172 J715
131.305862 31.399105 0.009613 0.004311 J716
130.179657 32.197075 0.014551 0.005635 J717
130.439651 31.908840 0.012190 0.006879 J718
130.651886 31.624098 0.013461 0.007826 J719
130.708542 31.591841 0.010260 0.009326 J720
130.637360 31.552221 0.011312 0.008620 J721
130.699402 31.496153 0.010968 0.007271 J722
130.274979 30.784655 0.009148 0.002563 J723
131.028595 30.753325 0.007571 0.002236 J724
130.198242 30.461390 0.007395 0.002723 J725
130.903229 30.398676 0.007782 0.001243 J726
130.424377 30.395756 0.007470 0.003526 J727
130.554550 30.236353 0.006084 0.002734 J728
129.705750 29.615330 0.004597 0.003930 J729
129.693573 28.487219 0.003372 0.002164 J730
130.028961 28.371132 0.005299 -0.000782 J731
129.921677 28.293980 0.003920 0.001899 J732
129.320450 28.137583 0.001333 0.003778 J733
128.894470 27.816637 0.001783 0.003706 J734
128.650726 27.401239 0.002834 0.002310 J735
127.945053 26.944489 0.001936 0.000464 J736
128.248367 26.859344 0.004499 -0.000854 J737
128.144028 26.708273 0.001906 0.001274 J738
127.231628 26.582876 0.001824 0.000013 J739
127.972397 26.482731 0.003201 0.000435 J740
127.832733 26.446926 0.003057 0.001143 J741
127.143646 26.372936 0.002410 0.001799 J742
126.739151 26.347830 0.001779 0.003095 J743
127.345245 26.178795 -0.001887 0.003938 J744
127.826187 26.168608 0.002726 -0.000625 J745
131.290680 25.953726 -0.000373 -0.000384 J746
125.170975 24.827959 0.003416 0.001123 J747
124.692444 24.641615 0.002555 0.000603 J748
124.301285 24.536625 0.003768 0.000966 J749
124.172653 24.338877 0.004052 -0.000497 J750
123.795853 24.061501 -0.001242 0.005338 J751
139.056732 36.539257 0.443016 0.061059 J752
139.269333 36.003735 0.322973 0.064508 J753
139.182205 35.884048 0.273562 0.062017 J754
139.365967 35.800800 0.280424 0.060797 J755
140.249161 35.288383 0.135529 0.011395 J756
139.369904 35.616428 0.219632 0.053878 J758
139.613846 35.160866 0.105913 0.024490 J759
135.789841 34.882030 0.055781 0.017398 J760
135.618820 34.621052 0.049430 0.015846 J761
134.659668 34.864120 0.047985 0.014850 J762
135.706024 34.698334 0.051747 0.016492 J763
135.819870 34.574001 0.046693 0.013896 J764
134.175797 34.809566 0.044158 0.013091 J765
133.757019 34.579147 0.036986 0.010325 J766
133.288116 34.450439 0.036432 0.013388 J767
132.820221 34.334873 0.033254 0.012316 J768
132.219131 34.191181 0.030547 0.012285 J769
129.954849 33.372181 0.019144 0.005777 J770
130.444519 33.346489 0.020988 0.007603 J771
129.989685 32.945587 0.017838 0.008629 J772
130.430450 32.581673 0.013934 0.004387 J773
130.085190 32.524532 0.014730 0.005045 J774
130.323639 32.426273 0.015679 0.007122 J775
130.469452 31.675102 0.011491 0.006152 J776
130.135757 31.415892 0.011492 0.005567 J777
141.598236 45.219769 0.004784 -0.012280 J778
142.351837 45.126774 0.003734 -0.007619 J779
142.717911 44.780170 0.004744 -0.004909 J780
141.793915 44.639927 0.007063 -0.013729 J781
142.264526 44.365128 0.006304 -0.010383 J782
141.664597 44.148754 0.010379 -0.021260 J783
144.506409 43.722778 0.006083 0.015035 J784
141.370590 43.624329 0.015879 -0.031437 J785
142.643066 43.431633 0.006514 -0.010703 J787
143.901993 43.101692 0.008950 0.014680 J788
142.870056 43.013653 0.009734 -0.008434 J789
142.084595 42.933773 0.016652 -0.035456 J790
143.494965 42.806507 0.010440 0.009692 J791
141.081055 42.420547 0.051325 -0.089988 J792
143.151978 42.486412 0.017875 -0.001342 J793
140.371231 41.934853 0.105933 -0.143638 J794
141.452591 39.849018 1.123811 -0.941118 J795
140.988449 39.127007 2.079609 -1.109230 J796
140.645630 37.984406 2.411896 -0.357902 J797
140.822906 40.044975 0.770179 -0.668977 J798
140.094635 38.434341 1.501216 -0.346546 J799
140.841644 37.018448 1.822023 -0.340702 J800
139.402237 37.036934 0.705943 0.017312 J801
138.944824 36.778061 0.473427 0.052798 J802
140.199921 38.288982 1.657688 -0.332295 J803
139.521927 35.419270 0.170788 0.045928 J804
139.226044 37.828159 0.784594 -0.069991 J805
138.880447 37.776989 0.625029 -0.051712 J806
138.779541 37.498657 0.571307 -0.017578 J807
138.456818 35.673695 0.165883 0.044709 J809
138.920273 37.589737 0.643829 -0.028586 J810
137.528778 35.575092 0.114513 0.031916 J811
136.470306 35.359730 0.081818 0.024637 J812
138.973862 35.114166 0.094975 0.033275 J813
138.876465 34.719475 0.058645 0.021958 J814
138.609970 35.117153 0.097119 0.039549 J815
138.209976 35.066975 0.087549 0.029712 J817
138.081680 35.044884 0.087119 0.030431 J818
137.946808 34.902050 0.074304 0.023347 J819
138.176743 34.849415 0.071694 0.022171 J820
137.680771 34.752041 0.063564 0.021622 J821
136.788818 35.300838 0.083301 0.024281 J822
134.588211 35.283344 0.060872 0.013790 J823
136.096985 34.179951 0.036931 0.010967 J824
135.735184 33.969482 0.032800 0.010823 J825
135.708786 33.637173 0.028380 0.010144 J826
134.393433 34.217796 0.034416 0.011023 J827
132.046097 33.367970 0.022269 0.007726 J828
132.475342 33.384373 0.023676 0.009503 J829
133.362640 33.704285 0.026595 0.013305 J830
130.464996 33.097355 0.019331 0.006985 J831
129.720718 32.839611 0.016076 0.006048 J832
131.206802 33.127842 0.022293 0.009573 J833
130.360657 32.098434 0.012581 0.008195 J834
130.238968 31.906164 0.012313 0.006185 J835
130.408005 31.796021 0.011619 0.009378 J836
130.599594 31.824060 0.012921 0.006981 J837
138.762787 34.690254 0.055175 0.024228 J838
138.331223 34.836166 0.071504 0.023947 J840
139.069901 34.949757 0.074814 0.024997 J841
138.249893 34.954346 0.076355 0.026859 J842
134.049545 35.174889 0.047698 0.011844 J843
140.810532 40.834408 0.286248 -0.325941 J844
140.324387 37.361824 1.519856 -0.089310 J845
133.461807 33.818356 0.026860 0.009419 J846
137.868759 35.160450 0.089044 0.028316 J847
141.955246 45.514114 0.005858 -0.008161 J848
141.881790 45.230106 0.005099 -0.009295 J849
142.292252 44.990505 0.004249 -0.006348 J850
142.021774 44.916065 0.001666 -0.010136 J851
142.038712 44.743240 0.009164 -0.011630 J852
142.571167 44.546501 0.005015 -0.004764 J853
142.935837 44.332294 0.004547 -0.001510 J854
141.872177 44.317665 0.008700 -0.015518 J855
143.364594 44.260853 0.004210 0.004200 J856
142.400894 44.165474 0.006122 -0.009369 J857
142.601242 44.114449 0.005372 -0.006556 J858
144.993500 44.065033 0.007104 0.015816 J859
141.860748 44.052105 0.010264 -0.019437 J860
143.534149 43.909927 0.005048 0.007171 J861
142.236542 43.889290 0.008843 -0.015036 J862
143.176697 43.878723 0.005015 0.002739 J863
145.056870 43.794029 0.006643 0.014319 J864
142.132309 43.725658 0.010219 -0.018057 J865
143.381088 43.710323 0.005399 0.006235 J866
142.794403 43.646908 0.008414 -0.007654 J867
143.991730 43.644562 0.006018 0.012839 J868
145.220367 43.555996 0.006900 0.016172 J869
144.719040 43.545929 0.007300 0.018114 J870
142.187607 43.521576 0.010498 -0.019231 J871
141.616776 43.504215 0.016032 -0.029637 J872
143.753860 43.473579 0.006107 0.011381 J873
143.187042 43.366470 0.005621 0.003869 J874
140.378281 43.320705 0.034019 -0.054359 J875
141.345963 43.240528 0.022168 -0.044263 J876
141.652023 43.220894 0.020949 -0.034081 J877
144.970734 43.218189 0.009300 0.020235 J878
143.027756 43.171329 0.007869 -0.001976 J879
142.567032 43.165047 0.007633 -0.013847 J880
144.496490 43.149391 0.009775 0.019845 J881
141.203293 43.140396 0.026764 -0.050725 J882
143.597702 43.123894 0.008586 0.009353 J883
140.811111 43.082596 0.033935 -0.057312 J884
142.532257 42.890633 0.013439 -0.018609 J885
143.655533 42.800343 0.012574 0.011659 J886
142.953690 42.803341 0.012462 -0.005686 J887
140.011780 42.685337 0.060908 -0.086813 J888
143.312790 42.673962 0.015273 0.004274 J889
142.395920 42.554260 0.023129 -0.030236 J890
142.767944 42.277233 0.026208 -0.017757 J891
140.929337 41.740593 0.106398 -0.158032 J892
140.535019 41.711327 0.123931 -0.162668 J893
141.094467 41.466160 0.132241 -0.186278 J894
140.983810 41.199665 0.180041 -0.232917 J895
141.385696 41.160934 0.169976 -0.237846 J896
140.293533 41.121723 0.215840 -0.236652 J897
140.011002 40.730633 0.311992 -0.272309 J898
141.106018 40.579983 0.385643 -0.444250 J899
141.332001 40.508759 0.419867 -0.484602 J901
140.941589 40.447632 0.459206 -0.480945 J902
141.484863 40.271042 0.593404 -0.622495 J903
141.046463 40.106747 0.697342 -0.672686 J904
141.662186 39.970955 0.986416 -0.868948 J905
141.970230 39.738960 1.523598 -1.222262 J906
141.426132 39.639370 1.536486 -1.136978 J907
140.836319 39.554455 1.266149 -0.856421 J908
141.292999 39.464695 1.766641 -1.188063 J909
141.311676 39.235374 2.335195 -1.351677 J910
141.400848 39.012108 3.142646 -1.558578 J911
141.148529 38.995464 2.629693 -1.256993 J912
140.833191 38.934029 2.180305 -0.969154 J913
141.317856 38.743221 3.729866 -1.514812 J914
141.004333 38.686134 2.954672 -1.094309 J915
141.160721 38.660629 3.513653 -1.309325 J916
140.727722 38.571812 2.398491 -0.749844 J917
141.304398 38.509842 4.254830 -1.412151 J918
140.943695 38.177120 3.252922 -0.727666 J919
140.727661 37.824600 2.484848 -0.341163 J920
140.027573 40.339397 0.444657 -0.335289 J921
140.408157 40.183315 0.569576 -0.450405 J922
140.005493 40.099701 0.554309 -0.381110 J923
140.535858 39.921391 0.777223 -0.555174 J924
140.053925 39.527565 0.897959 -0.478711 J925
140.596085 39.508137 1.164492 -0.698520 J926
140.278931 39.296745 1.157848 -0.576926 J927
140.715057 39.146202 1.693954 -0.887509 J928
140.447327 39.054379 1.494749 -0.656773 J929
140.183472 38.938103 1.363209 -0.531820 J930
140.497253 38.752155 1.876863 -0.621477 J931
139.674530 38.701168 1.056261 -0.303433 J932
140.220505 38.628414 1.604540 -0.452589 J933
140.393875 38.170441 1.989104 -0.365996 J934
139.879410 37.920586 1.269764 -0.146320 J935
140.446793 37.833496 1.956923 -0.194207 J936
139.972656 37.669289 1.296703 -0.090950 J937
140.571655 37.591091 2.021818 -0.201908 J938
139.835526 37.461288 1.108728 -0.048452 J939
140.464035 37.444870 1.715899 -0.080558 J940
139.686340 37.326210 0.963540 -0.013136 J941
140.212738 37.293041 1.364222 -0.051419 J942
140.450974 37.210564 1.573115 -0.138820 J943
140.716003 37.183090 1.847258 -0.264401 J944
140.376266 37.023582 1.370477 -0.106307 J945
140.690155 36.932621 1.633005 -0.217788 J946
140.385696 36.475849 0.998309 -0.065025 J947
140.035416 37.124699 1.107895 -0.013640 J948
139.505310 36.872246 0.731025 0.049082 J949
139.752792 36.537632 0.657703 0.041607 J950
139.902512 36.456581 0.692780 0.027552 J951
139.060852 36.837357 0.519634 0.045424 J952
138.847885 36.591377 0.401908 0.055805 J954
139.016708 36.395348 0.386407 0.062666 J955
139.254639 36.267693 0.406068 0.070290 J956
138.702988 36.200268 0.285946 0.059535 J957
138.926056 35.929928 0.256941 0.062838 J958
139.968475 35.143803 0.100912 0.017926 J959
139.366058 35.391487 0.157013 0.043491 J960
139.111450 37.540340 0.723270 -0.025912 J961
138.634598 37.212112 0.489605 0.014005 J962
139.247101 37.157616 0.682018 0.002035 J963
138.457352 37.107086 0.471269 -0.022522 J964
140.296494 36.778957 1.123665 -0.068025 J965
137.026428 36.919510 0.204712 0.015675 J966
137.551331 36.864346 0.252699 0.016915 J967
137.154480 36.757950 0.201654 0.021497 J968
136.806396 36.592091 0.164620 0.018708 J969
137.239227 36.472801 0.180468 0.027254 J970
137.033936 37.432259 0.245139 0.000048 J971
136.908768 37.226437 0.219215 0.008456 J972
136.540680 36.537266 0.151128 0.017285 J973
136.361649 36.229565 0.133109 0.022899 J974
136.048950 36.109734 0.106844 0.020267 J975
136.657745 35.901413 0.114335 0.026527 J976
136.339584 35.888218 0.102260 0.021428 J977
135.755646 35.486572 0.077028 0.019148 J978
138.444214 35.904934 0.202202 0.051848 J979
138.949997 35.753872 0.217709 0.057149 J980
138.606873 35.467693 0.147848 0.037134 J981
138.624252 36.856686 0.390396 0.069150 J982
138.096725 36.706646 0.293042 0.034541 J983
138.120941 36.523605 0.272506 0.040524 J984
138.366043 36.260986 0.257010 0.052120 J985
137.785431 35.944603 0.160008 0.037880 J986
138.095703 35.878418 0.170425 0.041416 J987
137.450882 35.815552 0.131812 0.033341 J988
137.620163 35.661228 0.125251 0.034618 J989
137.080521 36.140263 0.142815 0.027756 J990
136.784622 35.723488 0.105438 0.027529 J991
137.309097 35.523129 0.105644 0.028544 J992
136.545288 35.480061 0.088773 0.024421 J993
137.252319 35.300552 0.093929 0.028525 J994
137.575333 35.100021 0.085229 0.028144 J995
137.152390 34.917339 0.070764 0.023202 J996
137.338776 34.785915 0.065989 0.022864 J997
136.938477 34.740051 0.062534 0.019957 J998
136.474457 34.420326 0.046878 0.016264 J999
139.488007 35.709999 0.272179 0.059589 KGNI
135.046005 48.521000 0.008450 -0.011211 KHAJ
130.878571 31.425312 0.011531 0.006055 KNYA
140.658005 35.955002 0.755245 -0.068193 KSMV
102.796997 25.030001 0.000095 0.005626 KUNM
150.810379 59.577644 0.001159 -0.000844 MAGJ
153.979996 24.290001 -0.007294 0.009532 MCIL
141.132996 39.134998 2.331320 -1.247727 MIZU
139.559998 35.680000 0.254452 0.058013 MTKA
100.713654 14.043016 -0.001043 -0.000867 NIMT
127.768921 26.144817 0.000346 -0.004177 OKN1
158.649994 53.020000 0.005398 -0.000653 PETS
121.080002 14.640000 -0.002995 0.004214 PIMO
130.878571 31.425308 0.010452 0.004265 S004
141.844818 43.528645 0.014577 -0.028081 S005
142.195023 27.067532 0.004842 -0.000651 S007
139.081970 35.006851 0.080456 0.033101 S106
139.101685 34.971863 0.071191 0.034479 S107
140.087189 36.106113 0.599633 0.034172 S110
121.199997 31.100000 0.005355 0.000185 SHAO
135.936951 33.577854 0.026878 0.015438 SMST
141.845001 43.528999 0.013630 -0.027839 STK2
127.054001 37.276001 0.025710 0.000820 SUWN
120.989998 24.799999 0.000332 -0.000649 TCMS
120.989998 24.799999 0.000047 -0.000088 TNML
140.089996 36.110001 0.593302 0.039254 TSK2
140.087006 36.105999 0.593230 0.037610 TSKB
121.160004 24.950001 -0.001122 0.001010 TWTF
107.050003 47.869999 0.003825 -0.001482 ULAB
138.362000 36.132999 0.234671 0.050805 USUD
114.357002 30.532000 0.007262 -0.001759 WUHN
142.720001 47.029999 0.001359 -0.003268 YSSK
136.503754 35.104763 0.071222 0.021765 Z101
138.185791 35.322075 0.112863 0.034027 Z102
137.423126 34.967480 0.075670 0.025622 Z103
136.981750 34.543915 0.051951 0.022809 Z104
136.802002 34.373581 0.044368 0.017526 Z105
136.388489 34.297928 0.041767 0.015177 Z106
136.139969 33.932949 0.033088 0.015284 Z107
135.743454 34.155849 0.034645 0.012088 Z108
135.290344 34.090851 0.033817 0.014491 Z109
135.399124 33.854500 0.029106 0.012724 Z110
135.871094 33.799084 0.028897 0.014651 Z111
135.406006 33.647251 0.027211 0.012374 Z112
135.834137 33.520081 0.021902 0.010756 Z113
134.510025 33.932796 0.030692 0.009562 Z114
133.796951 33.838840 0.027030 0.011085 Z115
134.484558 33.821980 0.028463 0.011287 Z116
132.564697 33.510353 0.030163 0.010259 Z117
132.360382 33.202183 0.024095 0.008261 Z118
133.431702 33.545727 0.024715 0.010906 Z119
133.699844 33.542534 0.024309 0.011290 Z120
134.056198 33.367382 0.023296 0.009710 Z121
132.974030 33.312130 0.027086 0.008986 Z123
132.822083 33.060120 0.021815 0.009913 Z124
141.669920 35.502980 1.122351 -0.190797 _CHS
142.083120 37.166010 4.416924 -1.664978 _FUK
143.362340 38.887930 13.833782 -5.828155 _KMN
143.263500 38.636440 21.089632 -8.942252 _KMS
142.916670 38.082940 22.104456 -10.390557 _MGI
142.433270 38.150560 14.414416 -5.025821 _MGW
