139.547653 39.185562 0.624912 -0.205444 019B
130.600006 31.823999 0.006248 0.008592 AIRA
102.234985 51.769707 -0.003234 -0.002751 BADG
115.891998 39.609001 0.005285 -0.001450 BJFS
142.199997 27.070000 -0.023306 0.000270 CCJ2
125.444000 43.791000 0.015991 -0.004010 CHAN
145.742996 15.230000 -0.001957 -0.001704 CNMR
100.533936 13.735914 0.021293 0.040623 CUSV
127.374001 36.398998 0.022350 0.006951 DAEJ
135.928299 33.877003 0.037238 0.020091 G000
135.087646 35.419525 0.067723 0.027620 G001
135.340698 35.333458 0.066965 0.025073 G002
135.634216 35.155182 0.068221 0.029607 G003
135.219940 34.326462 0.040155 0.027651 G004
134.376114 34.760426 0.045484 0.026405 G006
136.041901 34.710644 0.060861 0.032540 G007
136.173141 34.493874 0.044849 0.034020 G008
136.002640 34.292927 0.045084 0.029546 G009
135.854797 34.241966 0.043071 0.031418 G010
135.554001 33.940796 0.029517 0.030276 G011
135.882095 33.668758 0.033546 0.026339 G012
135.533844 33.658344 0.034412 0.032803 G013
134.195267 35.529858 0.066082 0.027137 G014
133.495132 35.506935 0.060135 0.028750 G015
133.869751 35.493202 0.061657 0.027104 G016
134.155945 35.340591 0.059957 0.026367 G017
132.921997 35.491909 0.050898 0.022168 G018
133.192093 35.310692 0.049258 0.021895 G019
132.902695 35.309727 0.048702 0.026949 G020
132.669006 35.233078 0.043661 0.024691 G021
132.385559 35.031902 0.040543 0.022097 G022
132.685165 34.856747 0.037709 0.020108 G023
132.109467 34.777946 0.035077 0.022271 G024
131.810318 34.624344 0.034453 0.015129 G025
133.680756 35.282959 0.048332 0.022829 G026
133.912689 35.105026 0.048299 0.027046 G027
133.800446 34.738079 0.043811 0.024464 G028
133.972595 34.590286 0.041246 0.025240 G029
132.902100 35.035213 0.036381 0.020547 G030
132.908112 34.633671 0.032414 0.020940 G031
133.341293 34.612202 0.038971 0.017134 G032
133.140182 34.515621 0.022635 -0.004146 G033
132.691956 34.184635 0.026993 0.027530 G035
132.531631 34.069233 0.027520 0.023386 G036
131.735321 34.195274 0.024942 0.033425 G037
132.052734 34.090061 0.026149 0.029522 G038
131.113037 34.020523 0.019032 0.024502 G039
132.119965 33.845917 0.024787 0.024761 G040
134.457306 33.993687 0.033769 0.024219 G041
134.211166 33.934563 0.028575 0.016285 G042
134.175980 34.478535 0.042005 0.027846 G044
133.899384 34.325920 0.037190 0.026524 G045
133.350693 33.974171 0.031122 0.016616 G046
133.047394 33.884090 0.031601 0.014837 G047
132.798523 33.642731 0.029438 0.016512 G048
132.743683 33.305054 0.031064 0.020950 G049
132.633636 33.096088 0.021158 0.013447 G050
133.531021 33.625805 0.031166 0.020483 G051
133.154495 33.607021 0.027156 0.012409 G052
134.099319 33.497108 0.028180 0.017432 G053
133.089539 33.416664 0.019275 0.011484 G054
134.205536 33.394894 0.031046 0.013643 G055
132.972137 33.193138 0.026874 0.014130 G056
132.831467 32.961067 0.013740 0.012631 G058
132.555435 32.738613 0.019750 0.019795 G059
130.722427 33.929722 0.017761 0.021404 G060
130.971115 33.867008 0.013041 0.013823 G061
130.296906 33.683071 0.013410 0.021324 G062
130.675674 33.579769 0.010934 0.019576 G063
130.995422 33.564732 0.000673 0.026602 G064
130.079269 33.503036 0.017014 0.016817 G065
130.097214 33.292004 0.018231 0.017058 G066
129.862946 33.073387 0.014274 0.013504 G067
129.958954 32.768307 0.019172 0.013527 G068
130.621765 33.060135 0.010486 0.016165 G069
130.872650 32.995934 0.005155 0.019531 G070
130.748367 32.709232 0.006560 0.017778 G071
130.827347 32.396080 0.007462 0.019398 G073
130.179886 32.367409 0.011827 0.021668 G074
130.656494 32.343513 0.008538 0.015903 G075
130.986389 32.292397 0.008090 0.019633 G076
131.521149 33.514332 -0.004119 0.031107 G077
131.291672 33.383755 0.001227 0.033785 G078
131.748413 33.096195 0.019168 0.026748 G079
132.039047 32.936356 0.011339 0.010000 G080
131.441528 32.898895 0.007043 0.024714 G081
131.629227 32.852222 0.013038 0.026422 G082
131.364700 32.527931 0.015048 0.035344 G083
131.583023 32.316231 0.012690 0.024430 G084
131.347488 32.111889 0.010233 0.017793 G085
131.254456 32.001804 0.011863 0.014708 G086
130.976959 31.877796 0.008839 0.016204 G087
131.470062 31.785973 0.006816 0.016928 G088
130.735672 31.743780 0.009943 0.013088 G089
130.998306 31.564604 0.009448 0.014734 G090
130.340057 31.450253 0.014384 0.015277 G091
130.540588 31.377237 0.003033 0.018907 G092
130.867111 31.242748 0.019674 0.031807 G093
127.993683 26.386345 0.021762 -0.010684 G094
127.760361 26.312714 0.012408 -0.006486 G095
127.677628 26.194576 0.002065 0.001383 G096
153.978653 24.290094 -0.001366 0.011750 G098
137.550842 36.114304 0.154623 -0.002313 G099
138.727310 35.360771 0.132946 0.037437 G100
140.858307 43.209526 0.001541 -0.017092 G101
139.489197 42.078789 0.078515 -0.083327 G102
140.859207 40.897495 0.207670 -0.261628 G103
139.703461 39.942116 0.494020 -0.243515 G104
139.545959 38.563339 0.694227 -0.153136 G105
140.249451 35.129383 0.202100 -0.086967 G107
139.615540 35.160152 0.149241 0.007693 G108
138.281250 37.814758 0.402260 -0.017602 G109
138.508514 37.356544 0.410003 -0.010050 G110
136.900330 37.405727 0.243111 0.010528 G111
136.148849 36.254585 0.131699 0.030182 G112
139.132965 34.895485 0.094648 0.017570 G113
138.764206 34.806900 0.085385 0.033093 G114
138.327408 34.870670 0.110430 0.021905 G115
136.823837 34.903965 0.077390 0.029005 G116
135.191544 34.144146 0.037304 0.025164 G117
134.315933 35.593685 0.066629 0.023126 G118
131.604645 34.627590 0.029690 0.019025 G119
133.243500 33.333500 0.025778 0.010251 G120
129.849289 33.473080 0.014011 0.013016 G121
134.178116 33.266125 0.015820 0.019412 G122
130.191071 32.017410 0.012497 0.011955 G123
127.824677 26.179472 0.008224 0.000630 G124
132.982178 32.869484 -0.001767 0.014672 G125
132.810654 32.762100 0.010653 0.029090 G126
137.814484 35.777534 0.132209 0.040234 G127
136.728745 35.405132 0.098068 0.017395 G128
136.431931 34.603333 0.060305 0.031074 G129
135.589935 33.747604 0.035193 0.027157 G130
133.940872 33.722511 0.034878 0.017872 G131
133.043228 33.545834 0.029017 0.010376 G132
132.488770 33.039463 0.012879 0.017331 G133
132.922653 33.391029 0.020909 0.012690 G134
133.699570 35.490398 0.063571 0.020590 G135
137.636871 34.702118 0.085007 0.032283 G136
131.384033 33.078835 0.026356 0.013387 G137
137.595978 36.576969 0.236964 -0.009925 G138
136.540482 34.285072 0.052777 0.025140 G139
136.081070 20.425549 0.007486 0.000295 G140
132.961685 33.103912 0.020916 0.013299 G141
132.675827 32.927689 0.012087 0.016028 G142
136.295578 34.930733 0.073857 0.029338 G143
138.794662 34.970566 0.110836 0.026028 G144
141.283188 38.901936 1.154193 -0.355244 G145
135.426102 34.085499 0.037286 0.020941 G146
131.835007 34.043789 0.027756 0.023166 G147
136.728226 34.490002 0.059293 0.029250 G148
136.693192 34.296612 0.052057 0.028979 G149
140.898788 42.557934 0.017165 -0.054220 G150
132.650330 34.492138 0.032186 0.020635 G151
133.924103 33.622295 0.031742 0.022969 G152
134.114166 33.774574 0.031087 0.016327 G153
135.305313 33.769405 0.031697 0.024300 G154
135.970596 33.660805 0.030478 0.027953 G155
136.024353 33.820427 0.035419 0.030574 G156
132.339813 34.397049 0.027008 0.021259 G157
136.772705 37.000721 0.216245 0.012198 G158
141.054657 39.362015 0.950974 -0.496515 G159
137.723373 34.672314 0.083979 0.032794 G160
137.442459 34.680382 0.076682 0.025260 G161
139.533829 38.511196 0.696404 -0.133048 G162
139.276184 36.602337 0.408682 0.007901 G163
132.268814 34.575432 0.027777 0.020330 G164
141.685333 45.407822 -0.009110 0.000834 G201
144.285797 44.019413 -0.013024 0.014902 G202
144.371399 42.975571 -0.013965 0.030978 G203
140.724533 41.781658 0.067039 -0.114621 G204
139.824921 34.918789 0.125508 -0.004084 G206
137.224579 36.762173 0.221223 0.022851 G207
135.773193 33.475948 0.030419 0.022225 G208
132.066208 34.897312 0.035018 0.019548 G209
129.866196 32.735119 0.012229 0.006590 G210
131.409302 31.576969 0.008577 0.013323 G211
127.665207 26.213327 0.008452 0.000369 G212
142.194611 27.093943 -0.010348 -0.001035 G213
144.869995 13.590000 -0.003611 -0.000021 GUAM
144.800003 13.430000 0.004645 0.001033 GUUG
139.542297 36.295162 0.367030 -0.021822 I001
140.174271 36.263268 0.372391 -0.104572 I002
139.810532 36.203671 0.360794 -0.055813 I003
140.544479 36.181309 0.364226 -0.138272 I004
139.345169 36.120953 0.316907 -0.001470 I005
140.343155 36.096935 0.363900 -0.124997 I006
139.636719 36.087227 0.340882 -0.034551 I007
139.799927 36.010895 0.350324 -0.052804 I008
140.659241 35.955456 0.382433 -0.183739 I009
140.402954 35.970409 0.370112 -0.143567 I010
139.464279 35.925503 0.292817 -0.007396 I011
139.992722 35.940292 0.344491 -0.080488 I012
139.651855 35.937469 0.324487 -0.032205 I013
140.145493 35.873650 0.352389 -0.100712 I014
140.407013 35.803329 0.382762 -0.146596 I015
139.812805 35.780212 0.318866 -0.049055 I016
140.024750 35.786465 0.336249 -0.082920 I018
139.488266 35.710369 0.262331 -0.011443 I019
140.315140 35.717453 0.362872 -0.131259 I020
140.646820 35.777302 0.416742 -0.200659 I021
140.837234 35.726357 0.510201 -0.235931 I022
139.902359 35.675465 0.303491 -0.058958 I023
140.448303 35.642353 0.378106 -0.153314 I024
140.186569 35.544144 0.299582 -0.096936 I025
139.673355 35.563404 0.261769 -0.025657 I026
140.318237 35.530117 0.322514 -0.121845 I027
139.467834 35.521408 0.219302 0.006718 I028
139.322571 35.482639 0.194866 0.015439 I029
140.051331 35.447784 0.262453 -0.067549 I030
139.045181 35.415352 0.162371 0.028308 I031
139.653748 35.436485 0.223547 -0.008534 I032
140.337372 35.421127 0.320523 -0.125552 I033
139.466064 35.326683 0.175020 0.013220 I034
139.262695 35.304901 0.158882 0.023934 I035
139.825516 35.311703 0.199541 -0.021335 I036
140.146790 35.333141 0.241925 -0.069248 I037
138.881653 35.321602 0.142142 0.029851 I038
139.843567 35.143711 0.163184 -0.008755 I039
140.268021 35.165901 0.222841 -0.093767 I041
139.110443 35.148605 0.124412 0.025101 I042
138.901855 35.110016 0.119870 0.037929 I043
140.079269 35.111862 0.172416 -0.034841 I044
139.954346 35.254807 0.195885 -0.033884 I045
138.997925 35.014828 0.102639 0.041941 I046
139.864075 34.954082 0.121455 -0.011612 I047
139.131165 34.939308 0.110248 0.031141 I048
138.924820 34.916115 0.101116 0.036226 I049
137.672333 34.835331 0.090254 0.038568 I050
139.381393 34.784420 0.082388 0.018092 I051
138.017532 34.785950 0.085790 0.027619 I052
138.989822 34.751350 0.082214 0.032925 I053
139.433212 34.686787 0.064345 0.031619 I055
139.257904 34.371826 0.031692 0.008714 I057
139.134460 34.200478 0.060691 0.025232 I058
139.503845 34.121067 0.038229 0.026189 I059
139.547150 34.059113 0.046975 -0.001812 I060
139.013687 34.921822 0.116336 0.040398 I061
139.124359 34.878475 0.090041 0.016975 I062
139.268127 35.723759 0.232225 0.017635 I063
138.975861 35.623348 0.188589 0.027511 I064
139.157227 35.610275 0.210068 0.024522 I065
139.204865 35.428520 0.175481 0.024365 I066
139.664841 35.267094 0.173541 -0.001004 I067
139.049332 35.245514 0.135876 0.033080 I068
138.445251 35.443581 0.150726 0.030858 I069
138.814041 35.496590 0.173394 0.025420 I070
138.563431 35.362080 0.150337 0.030526 I071
138.770676 35.305538 0.152200 0.035939 I072
138.445694 35.289463 0.124580 0.042088 I073
138.253510 35.200977 0.114084 0.042984 I074
138.616989 35.203182 0.140442 0.043396 I075
138.721542 35.173592 0.126310 0.047721 I076
138.524704 35.067406 0.117163 0.046464 I077
138.368698 35.103458 0.114043 0.039489 I078
138.134903 35.103912 0.101179 0.031832 I079
138.378296 34.990524 0.108536 0.044660 I081
137.695236 35.079292 0.093249 0.031418 I084
138.786057 34.776073 0.081905 0.037275 I085
138.838425 34.610001 0.072047 0.032013 I086
138.074860 34.939796 0.096182 0.031038 I088
137.932144 34.843857 0.089658 0.033841 I089
137.817947 34.941345 0.089747 0.035793 I090
138.136917 34.757755 0.085563 0.029796 I091
138.225601 34.738308 0.088969 0.038236 I092
138.053543 34.715252 0.081714 0.029538 I093
138.129288 34.642902 0.073570 0.029223 I094
137.937439 34.670422 0.087276 0.021542 I095
137.911270 34.755394 0.084337 0.030885 I096
137.791794 34.792835 0.096224 0.044829 I097
137.823425 34.671883 0.083923 0.025040 I098
137.575485 34.937675 0.070874 0.032068 I099
137.434006 34.864815 0.077043 0.025521 I102
137.554337 34.808727 0.080085 0.034098 I103
137.514938 34.718052 0.061295 0.032561 I104
139.171036 35.040627 0.102846 0.002101 I105
139.797241 33.119949 0.008343 -0.008883 I113
104.316177 52.219021 -0.001531 0.000212 IRKJ
104.316238 52.219025 0.003279 -0.001376 IRKM
104.316002 52.219002 -0.003721 -0.000909 IRKT
141.750443 45.402992 -0.001197 -0.001857 J001
143.224182 44.433685 -0.011692 0.006805 J002
141.756317 44.397949 -0.004911 -0.001568 J003
144.675842 43.915691 -0.009045 0.015995 J004
144.449005 43.507858 0.002160 0.012429 J005
142.482483 43.589657 -0.014368 0.010828 J007
141.510376 43.854012 -0.001725 -0.004829 J008
145.129623 43.070080 -0.006862 0.026452 J009
144.431931 42.963261 -0.013158 0.029440 J010
143.459229 43.028625 -0.022115 0.027788 J011
142.401978 42.980515 -0.017549 0.007532 J012
141.030914 43.177853 -0.003872 -0.012528 J013
141.730667 42.983253 -0.015569 -0.009908 J014
143.331009 42.321594 -0.019769 0.043576 J015
142.364609 42.356903 -0.020874 0.008742 J016
139.857666 42.450733 0.053497 -0.068599 J017
140.942413 42.374214 0.021008 -0.059220 J018
143.156525 42.005856 -0.021690 0.024105 J019
139.519592 42.153545 0.078002 -0.081063 J020
140.107330 42.008076 0.064695 -0.091939 J021
140.747833 41.826073 0.059316 -0.098517 J022
140.040649 41.466377 0.133749 -0.116874 J023
141.213272 41.300774 0.115897 -0.172845 J024
140.272980 40.778984 0.252540 -0.242154 J026
141.789093 40.133450 0.602374 -0.340512 J027
141.939957 39.572384 1.013419 -0.306976 J028
141.203918 39.110626 1.119732 -0.402765 J029
139.776154 39.967903 0.505319 -0.254655 J030
140.048233 39.398697 0.739913 -0.296957 J031
139.808853 38.894604 0.762670 -0.222641 J032
140.318741 38.758595 0.960883 -0.276542 J033
140.366089 38.331028 0.946609 -0.190834 J035
141.441162 38.449196 0.916162 -0.304136 J036
140.954178 38.317486 0.977126 -0.274217 J037
140.908081 37.800671 0.854944 -0.254394 J038
139.791504 37.643696 0.665637 -0.036639 J040
140.902512 37.090714 0.630627 -0.202704 J041
140.611832 36.539928 0.397370 -0.124251 J042
139.726425 36.401848 0.393842 -0.041776 J043
138.906265 36.697025 0.395880 0.019936 J044
138.865402 36.259033 0.304807 0.032709 J045
137.851120 36.499767 0.235271 0.041384 J046
137.943802 35.923580 0.155569 0.032473 J047
138.583298 35.590336 0.169419 0.036107 J048
139.509567 38.230690 0.710810 -0.107882 J049
138.988861 37.896469 0.540374 -0.043428 J050
138.574402 37.397678 0.423988 -0.009087 J051
137.487228 36.928959 0.224466 0.014584 J052
136.889160 37.382374 0.252275 0.004931 J053
136.649933 36.663410 0.181165 0.021959 J054
136.172974 36.231174 0.131706 0.031804 J055
136.105804 35.602562 0.091158 0.027738 J056
135.233383 35.549904 0.082472 0.030662 J057
137.347916 36.135994 0.155653 0.029674 J058
137.248367 35.800484 0.112222 0.037642 J059
136.900024 35.526073 0.092240 0.029651 J060
137.467575 35.396767 0.096112 0.035420 J061
136.158234 35.094727 0.075519 0.035163 J062
137.041290 35.128109 0.082281 0.027457 J063
136.502289 34.758999 0.074517 0.030121 J064
136.851135 34.465389 0.068741 0.026033 J065
136.198364 34.060658 0.040910 0.028763 J066
135.500977 34.837997 0.047019 0.031214 J067
135.851410 34.392300 0.048113 0.032246 J068
135.221497 34.157684 0.039551 0.032352 J069
135.764420 33.483360 0.027222 0.021885 J070
134.550385 34.784813 0.039626 0.025645 J071
133.058655 35.433876 0.047943 0.015644 J074
132.208969 35.002811 0.039706 0.018863 J075
131.610367 34.616493 0.029022 0.022669 J076
133.527985 34.548798 0.040839 0.024937 J077
132.575439 34.340355 0.030472 0.022436 J078
130.913635 33.996555 0.017131 0.026781 J079
134.023911 34.286026 0.036716 0.021990 J080
134.626022 33.926857 0.039019 0.027657 J081
134.122131 33.315895 0.025433 0.021776 J082
133.578262 33.529148 0.029970 0.015813 J083
133.241791 33.272900 0.039422 0.020964 J084
132.966415 32.755737 0.017734 0.015803 J085
132.281174 33.469009 0.022185 0.019263 J086
130.476776 33.730721 0.018664 0.021081 J087
131.691376 33.461544 0.028426 0.020430 J088
130.967819 33.331085 0.018460 0.018715 J089
131.876373 32.924587 0.015302 0.021671 J090
129.850296 33.476070 0.019393 0.020546 J091
130.645599 32.546410 0.009427 0.024331 J093
131.632324 32.445446 0.019418 0.016067 J094
131.469681 32.021755 0.013064 0.015393 J095
130.190140 32.013245 0.009777 0.015140 J096
130.466446 31.503769 0.009084 0.024916 J097
130.299484 31.264591 0.007775 0.013844 J098
131.087540 31.258533 0.003074 0.018055 J099
127.768921 26.144814 0.008250 -0.014357 J100
142.169739 45.335827 -0.009481 0.002317 J101
141.038208 45.275967 0.001923 -0.004053 J102
142.537094 45.002399 -0.010392 0.005488 J103
141.741394 44.892460 -0.007614 0.002248 J104
142.265244 44.728497 -0.006877 0.004218 J105
141.330063 44.427048 -0.009326 -0.005128 J106
142.625595 44.294567 -0.010242 0.008285 J107
144.029770 44.063873 -0.007496 0.017642 J108
145.186096 44.019184 0.002081 0.009305 J109
142.151688 44.006779 -0.004210 0.000750 J110
143.333694 44.005619 -0.009527 0.013824 J111
143.926941 42.894516 -0.019196 0.028647 J112
144.986969 43.549397 -0.002632 0.021242 J113
143.787262 43.848896 -0.013122 0.014754 J114
145.131439 43.661823 -0.013159 0.015652 J115
144.774323 43.408688 -0.007466 0.022728 J116
141.431183 43.404678 0.002464 -0.002970 J117
145.114960 43.382526 -0.007253 0.016496 J118
145.801132 43.366852 -0.010830 0.005574 J119
140.597076 43.292583 0.003614 -0.025069 J120
143.562424 43.289471 -0.019700 0.017308 J121
144.325027 43.232933 -0.018422 0.027175 J122
143.298019 43.231995 -0.013696 0.027689 J123
144.126526 43.120609 -0.008816 0.027221 J124
144.843018 43.057594 -0.011309 0.029278 J125
140.499176 43.056828 0.018089 -0.028136 J126
140.543945 42.985252 0.020364 -0.042030 J127
141.290329 42.971378 -0.002055 -0.016560 J128
140.883347 42.857887 0.005688 -0.034632 J129
140.603516 42.802719 0.010374 -0.030801 J130
140.233200 42.786434 0.025852 -0.050051 J131
141.863983 42.729443 -0.012960 -0.011811 J132
142.295807 42.727238 -0.016534 0.006268 J133
143.103256 42.699268 -0.015495 0.027594 J134
141.074951 42.667877 0.011532 -0.041085 J135
141.602264 42.655529 -0.011089 -0.024507 J136
140.825684 42.646290 0.019774 -0.049502 J137
143.461151 42.551647 -0.013621 0.036457 J138
141.361481 42.549801 -0.000515 -0.030452 J139
140.354202 42.494362 0.035953 -0.056464 J140
142.060226 42.481281 -0.013301 -0.008868 J141
142.567459 42.247726 0.003973 -0.000870 J142
140.250488 42.243679 0.047679 -0.075037 J143
142.935394 42.130936 -0.016765 0.023939 J144
140.003952 42.130848 0.067638 -0.086914 J145
140.568863 42.098606 0.049323 -0.090664 J146
140.805542 42.042969 0.034838 -0.078051 J147
140.315887 41.599026 0.110095 -0.131723 J149
140.880508 41.455299 0.111072 -0.162829 J150
140.635895 41.043221 0.196163 -0.218475 J151
141.367966 40.968243 0.168023 -0.230031 J152
141.197830 40.625069 0.276487 -0.333828 J153
139.928116 40.577644 0.330231 -0.234258 J154
140.578140 40.523655 0.362266 -0.304874 J155
141.511276 40.515358 0.333098 -0.324786 J156
141.076477 40.291077 0.467228 -0.456340 J157
141.713135 40.405201 0.389321 -0.307055 J158
141.293686 40.291149 0.458580 -0.434484 J159
141.461945 40.048599 0.651130 -0.448350 J160
141.225067 39.980576 0.676474 -0.512743 J161
141.950546 39.869370 0.802338 -0.305268 J162
141.164856 39.851246 0.781562 -0.524577 J163
141.803848 39.849174 0.852196 -0.369631 J164
140.964508 39.701092 0.854669 -0.540829 J165
141.172104 39.596573 0.937598 -0.534582 J166
141.955261 39.458160 1.097310 -0.298293 J167
141.534164 39.338055 1.069818 -0.357165 J169
141.798035 39.253517 1.127394 -0.310624 J170
141.739853 39.023781 1.045983 -0.293848 J171
141.572586 38.902859 1.090036 -0.306950 J172
140.990585 38.815342 1.079743 -0.364171 J173
140.801636 38.748936 1.006327 -0.312416 J174
141.449371 38.682697 1.006804 -0.292891 J175
141.147537 38.539482 1.029557 -0.321880 J176
140.851364 38.411758 0.977873 -0.259650 J177
140.642853 38.205742 0.882652 -0.155568 J178
140.843994 38.029659 0.919349 -0.234318 J179
140.442581 37.989929 0.843701 -0.087804 J180
140.577347 40.325047 0.471401 -0.339535 J181
140.263657 40.271156 0.461699 -0.297514 J182
140.787338 40.215439 0.517257 -0.430874 J183
140.048676 40.247295 0.451828 -0.276680 J184
140.401993 40.006878 0.577752 -0.345204 J185
140.132370 39.936054 0.584725 -0.309068 J186
140.597046 39.749161 0.790947 -0.382144 J187
140.234207 39.658310 0.728671 -0.326646 J188
140.386627 39.549294 0.814293 -0.351189 J189
140.559784 39.327003 0.886863 -0.394086 J190
139.907715 39.206062 0.734185 -0.263631 J191
140.161987 39.164211 0.816296 -0.306431 J192
140.629593 39.051903 0.935725 -0.426035 J193
139.547653 39.185562 0.628803 -0.205874 J194
139.957367 38.759720 0.812992 -0.233463 J195
139.831772 38.594036 0.795516 -0.195352 J196
139.742249 38.146175 0.755683 -0.101769 J197
140.093521 37.963608 0.829703 -0.113771 J198
140.077576 38.197544 0.832553 -0.119913 J199
140.466492 37.683308 0.820137 -0.081434 J200
140.755081 37.560555 0.760061 -0.176043 J201
140.072678 37.566948 0.704660 -0.003626 J202
141.006607 37.533691 0.487383 -0.183018 J203
139.528625 37.473461 0.592434 -0.032228 J204
140.662109 37.325470 0.691223 -0.139419 J205
139.364349 37.302799 0.544116 -0.024162 J206
139.503769 37.281490 0.553904 -0.014433 J207
139.871429 37.261070 0.602361 -0.015936 J209
140.259933 37.126293 0.578677 -0.047587 J210
140.561646 37.089294 0.577308 -0.109302 J211
140.413269 36.862091 0.403109 -0.132658 J212
140.293427 36.650566 0.427921 -0.121676 J213
140.753906 36.800308 0.494008 -0.167601 J214
140.077942 36.364914 0.376472 -0.088794 J215
140.476334 36.344368 0.365334 -0.118723 J216
140.039261 36.854233 0.483046 -0.040765 J217
139.619247 36.665985 0.437284 -0.011272 J218
139.923462 36.598946 0.426371 -0.057127 J219
139.224899 36.769691 0.434519 0.009723 J220
138.552719 36.507996 0.313756 0.037177 J221
139.330383 36.421627 0.376355 0.004981 J222
139.075684 35.986893 0.274205 0.022681 J223
139.795990 35.895969 0.330008 -0.051013 J224
140.048096 35.657207 0.319384 -0.074697 J225
140.384903 35.243244 0.244562 -0.089379 J226
139.974884 35.002792 0.137188 -0.013283 J227
139.630646 35.663696 0.272619 -0.017559 J228
139.162598 35.336208 0.158216 0.026584 J229
139.142410 35.268600 0.153337 0.021441 J230
139.253342 38.465393 0.625912 -0.115200 J231
138.513092 38.319347 0.467047 -0.050502 J232
138.471680 38.063278 0.457823 -0.036863 J233
139.351471 37.929382 0.630372 -0.066941 J234
138.273071 37.815903 0.413535 -0.019491 J235
139.477890 37.685905 0.625603 -0.047798 J236
138.780502 37.667522 0.461357 -0.017786 J237
139.059113 37.662296 0.530381 -0.037758 J238
138.998016 37.467720 0.513393 -0.018786 J239
138.789978 37.311314 0.438958 0.001636 J240
138.333572 37.231121 0.372755 -0.000692 J241
138.933716 37.166035 0.454514 -0.000748 J242
138.100189 37.160789 0.335216 0.008425 J243
138.608719 37.079132 0.421262 0.023852 J244
137.873840 37.045174 0.294495 0.013535 J245
138.830841 36.993458 0.411377 0.016123 J246
138.198669 36.865402 0.321504 0.016705 J247
136.996124 36.740620 0.196148 0.022431 J248
137.195190 36.634335 0.204314 0.024618 J249
137.439896 36.578705 0.206211 0.013767 J250
136.920563 36.401878 0.160382 0.022866 J251
136.919266 37.850494 0.260819 -0.014857 J252
137.270050 37.446026 0.273637 0.007465 J253
136.388947 36.394455 0.151025 0.026477 J255
136.633942 36.165291 0.136606 0.025928 J256
136.278946 36.145618 0.129599 0.029199 J257
136.504929 35.984909 0.116655 0.029603 J258
135.989761 35.945004 0.107617 0.033951 J259
136.197388 35.792782 0.093914 0.029353 J260
135.907639 35.534409 0.087661 0.027859 J261
135.608887 35.462715 0.073025 0.028043 J262
138.316391 35.855980 0.179254 0.034217 J263
138.695129 35.746876 0.192282 0.033399 J264
138.436172 36.801708 0.334211 0.003911 J265
137.872330 36.706470 0.260590 0.031033 J266
138.247467 36.665154 0.290641 0.026979 J267
138.322525 36.386177 0.261948 0.036936 J268
138.637802 36.346012 0.292855 0.043748 J269
137.902817 36.322372 0.209918 0.042457 J270
138.216492 36.208466 0.212085 0.027111 J271
138.460968 36.130638 0.238601 0.045264 J272
137.983017 36.121109 0.204865 0.022146 J273
137.696259 35.783619 0.132271 0.037296 J274
138.038315 35.556129 0.133213 0.033507 J275
137.815231 35.521091 0.119609 0.036991 J276
137.925278 35.317142 0.108516 0.031132 J277
137.587662 35.246998 0.091520 0.029226 J278
137.147171 36.335510 0.146720 0.022453 J279
136.952759 36.033047 0.129250 0.034216 J280
137.534866 35.973457 0.146159 0.039620 J281
136.863174 35.866940 0.115600 0.037818 J282
136.975296 35.757782 0.108272 0.026099 J283
137.424774 35.657188 0.113636 0.039111 J284
136.488770 35.636154 0.096037 0.032589 J285
136.611389 35.632896 0.096468 0.021286 J286
137.174149 35.612087 0.105369 0.034060 J287
136.687286 35.488323 0.094124 0.032733 J288
137.124695 35.478699 0.093111 0.031861 J289
136.549744 35.371708 0.092152 0.030353 J291
137.110229 35.367371 0.091631 0.025334 J292
137.405609 35.261967 0.089629 0.040591 J293
136.593445 35.227905 0.080260 0.026718 J294
137.980408 35.031517 0.095514 0.031917 J295
138.515671 34.986496 0.118944 0.043220 J296
138.922256 34.865589 0.099299 0.028072 J297
136.929977 35.334759 0.090821 0.031281 J298
136.828827 35.190105 0.088667 0.028030 J299
137.253555 35.138752 0.075492 0.033565 J300
137.313171 35.039463 0.073206 0.031466 J301
137.059784 34.994991 0.085151 0.026058 J302
137.299942 34.919746 0.082956 0.020596 J303
136.867645 34.823357 0.076506 0.027688 J304
137.119003 34.794872 0.078520 0.026488 J305
137.277832 34.648663 0.069858 0.027503 J306
137.068069 34.609238 0.071186 0.033985 J307
136.636505 34.913803 0.072487 0.032602 J309
136.183456 34.742874 0.065882 0.031859 J310
136.550659 34.547047 0.058934 0.031687 J311
136.334259 34.433140 0.054154 0.028539 J312
136.820618 34.253441 0.042880 0.028551 J314
136.085907 33.875137 0.033091 0.025733 J315
136.010895 33.741272 0.039509 0.029896 J316
136.197952 35.557331 0.092635 0.028378 J317
136.053665 35.466286 0.087838 0.032858 J318
135.913208 35.351254 0.083343 0.025391 J319
136.062820 35.318974 0.090162 0.013737 J320
136.235611 35.269440 0.081521 0.030006 J321
135.870804 35.137039 0.072908 0.034421 J322
136.145035 34.986385 0.073413 0.023113 J323
135.906158 34.939602 0.065009 0.032590 J324
136.054825 34.869328 0.067826 0.029546 J326
135.173218 35.752354 0.078250 0.030390 J327
134.932281 35.555683 0.073518 0.027379 J328
135.164032 35.292336 0.066875 0.025652 J329
135.366898 35.163788 0.065424 0.023334 J331
135.564514 35.077583 0.064853 0.030299 J332
135.665436 34.988571 0.058727 0.025885 J333
135.864151 34.746971 0.059282 0.032521 J334
135.685455 34.777840 0.061777 0.033618 J335
135.518494 34.677906 0.037717 0.029875 J336
135.481339 34.527309 0.044980 0.025496 J337
135.627335 34.479107 0.047675 0.031925 J338
135.586945 34.424809 0.048749 0.016931 J339
135.364151 34.406452 0.040935 0.027141 J340
134.582489 35.436749 0.065362 0.031089 J341
134.818497 35.314899 0.064686 0.033131 J342
135.181900 35.105286 0.056981 0.031600 J343
134.585953 35.094456 0.055473 0.028294 J344
134.972595 35.090786 0.055918 0.028252 J345
134.403778 34.997593 0.047567 0.022485 J346
134.767303 34.984684 0.053672 0.028078 J347
135.325989 34.976788 0.041414 0.022001 J348
135.176422 34.944794 0.057483 0.031891 J349
134.545242 34.897266 0.054198 0.031237 J350
135.215912 34.812187 0.050329 0.016527 J351
134.997238 34.804916 0.043986 0.025621 J352
135.341782 34.790905 0.053470 0.029244 J353
134.828781 34.786961 0.048185 0.029031 J354
135.380386 34.724251 0.050300 0.031514 J355
135.172287 34.686989 0.041649 0.025188 J356
134.519562 34.669880 0.042772 0.012230 J357
134.965698 34.669739 0.045881 0.029460 J358
135.024078 34.577053 0.045580 0.024094 J359
134.860977 34.493320 0.051015 0.036216 J360
134.881531 34.349770 0.043289 0.004409 J361
134.735184 34.334332 0.048914 0.013672 J362
134.736542 34.223671 0.036518 0.027758 J363
136.050385 34.567032 0.063624 0.037121 J364
135.731003 34.539223 0.050847 0.022848 J365
135.704178 34.388302 0.052687 0.029499 J366
135.963745 34.038166 0.035885 0.026639 J367
135.357956 34.256138 0.040461 0.026915 J368
135.065979 34.271461 0.034617 0.027736 J369
135.590118 34.221828 0.049218 0.027611 J370
135.384857 33.961674 0.026916 0.029359 J371
135.180084 33.913853 0.033504 0.027643 J372
135.782089 33.815201 0.031985 0.019790 J373
135.508392 33.785488 0.029662 0.032532 J374
135.396179 33.744274 0.032155 0.033687 J375
135.920715 33.583912 0.037759 0.028388 J376
135.599197 33.505619 0.030249 0.029381 J377
134.046677 35.456753 0.044430 0.021839 J378
133.439072 35.345535 0.043615 0.029395 J379
134.237366 35.265862 0.059010 0.026516 J380
133.308533 35.164574 0.052285 0.019513 J381
133.239883 36.285290 0.074103 0.014729 J382
132.984375 36.093208 0.070249 0.023889 J383
132.743210 35.392616 0.048945 0.026624 J384
132.995422 35.195614 0.048950 0.015624 J385
132.507324 35.185955 0.044376 0.011755 J386
132.720505 35.019772 0.041583 0.025803 J387
131.923141 34.767345 0.036776 0.028089 J388
133.792480 35.263538 0.049854 0.024724 J389
134.319641 35.099640 0.052850 0.026751 J390
134.234772 35.020882 0.053178 0.022677 J391
133.734497 35.002960 0.048314 0.025829 J392
133.960861 34.982544 0.047343 0.022120 J393
133.598083 34.809692 0.043303 0.023543 J394
133.929047 34.791386 0.048990 0.017097 J395
134.165756 34.657722 0.028075 0.027076 J396
133.796738 34.438568 0.021449 0.004886 J397
133.120224 34.943451 0.040461 0.019909 J398
132.277328 34.726898 0.034907 0.023078 J399
132.540237 34.678814 0.034299 0.023545 J400
133.107529 34.672451 0.038118 0.020316 J401
132.824005 34.571301 0.033346 0.013072 J402
132.463470 34.539158 0.034505 0.019181 J403
133.009796 34.378685 0.028326 0.017682 J405
131.416550 34.439861 0.023440 0.025926 J407
130.943146 34.294609 0.025664 0.020493 J408
131.562790 34.283737 0.026335 0.025008 J409
131.953293 34.259083 0.025642 0.027725 J410
131.346085 34.189491 0.022329 0.026399 J411
131.530823 34.057240 0.025381 0.023848 J412
131.286041 33.977715 0.015006 0.031328 J413
132.104446 33.975067 0.019858 0.035361 J414
134.351974 34.096989 0.041613 0.019845 J415
134.560135 34.059906 0.024901 0.029545 J416
134.049179 34.051498 0.038949 0.019755 J417
134.230225 34.038418 0.039917 0.018737 J418
133.681290 33.936672 0.035120 0.020638 J419
134.389099 33.878933 0.033410 0.029328 J420
134.058197 33.877514 0.034071 0.017515 J421
134.667801 33.830242 0.034870 0.027716 J422
134.533005 33.725090 0.037218 0.018972 J423
134.372025 33.618500 0.030299 0.019356 J424
134.314209 34.472374 0.041794 0.023035 J425
134.241974 34.254578 0.041048 0.027963 J426
133.715057 34.217396 0.034905 0.021609 J427
133.647522 34.068073 0.033454 0.024987 J428
133.925507 34.164169 0.036381 0.025011 J429
132.990234 34.077888 0.037956 0.010582 J430
133.538239 33.938660 0.034417 0.003599 J431
133.201309 33.921204 0.031540 0.012463 J432
132.911636 33.796497 0.036867 0.020247 J433
132.683975 33.722599 0.028901 0.025113 J434
132.937881 33.569225 0.023812 0.014712 J435
132.693405 33.446766 0.011813 0.025202 J436
132.561829 32.963905 0.008950 0.014669 J437
133.655777 33.766975 0.035443 0.020625 J438
133.805023 33.654152 0.038068 0.014674 J439
134.106903 33.603786 0.031803 0.020675 J440
134.280807 33.527760 0.037104 0.014628 J441
133.903641 33.505737 0.029783 0.019192 J442
133.280914 33.468403 0.018389 0.007955 J443
134.007126 33.427795 0.033021 0.014810 J444
133.402985 33.407703 0.024806 0.016443 J445
132.792694 33.171646 0.019238 0.011435 J447
132.999237 32.991234 0.017203 0.011875 J448
132.703720 32.840607 0.018071 0.014603 J449
130.250824 33.536140 0.015569 0.009607 J450
130.521957 33.500378 0.019859 0.020156 J451
130.828751 33.465462 0.012419 0.018700 J452
130.564651 33.205875 0.006337 0.026423 J453
130.268723 33.274853 0.016043 0.015139 J454
130.094162 33.098476 0.012706 0.020867 J455
129.482056 34.655552 0.022819 0.010417 J456
129.311508 34.268208 0.022806 0.011181 J457
129.734726 33.742657 0.017139 0.016065 J458
129.537018 33.362202 0.013293 0.018050 J459
129.690659 33.063103 0.017295 0.012411 J460
130.271332 32.870686 0.014656 0.018422 J461
128.843109 32.669384 0.023743 -0.001365 J462
130.154602 32.636913 0.012484 0.015050 J463
130.547729 32.933495 0.009398 0.017850 J464
130.764801 32.842098 0.007226 0.014481 J465
131.099304 32.740650 0.008343 0.012787 J466
129.987305 32.326241 0.009638 0.014324 J467
130.506836 32.299156 -0.000259 0.016663 J468
130.802628 32.238674 0.010283 0.010988 J469
131.564163 33.671192 -0.000944 0.030173 J470
131.168930 33.496235 0.009968 0.030380 J471
131.347275 33.254044 0.019703 0.026742 J472
131.798065 33.239437 0.019536 0.021902 J473
131.286087 33.009029 0.020274 0.018615 J474
131.587845 32.986858 0.017813 0.023276 J475
131.756836 32.704018 0.015751 0.022725 J476
131.327621 32.684834 0.002924 0.020244 J477
131.148865 32.456642 0.011599 0.007916 J478
131.185226 32.245857 0.007833 0.017811 J479
131.515854 32.170433 0.008048 0.021239 J480
131.078568 31.965048 -0.001462 0.013562 J481
131.021515 31.740314 0.008363 0.015666 J482
131.368866 31.676546 0.012595 0.022604 J483
131.217392 31.469376 0.013025 0.010396 J484
130.597809 32.057503 0.007786 0.014149 J485
130.759674 31.855528 0.027921 0.036574 J486
129.795441 31.768684 0.008720 0.013519 J487
130.278152 31.717379 0.016395 0.001867 J488
130.836060 31.617376 0.006918 0.013178 J489
130.640366 31.235224 0.008077 0.012024 J490
130.723053 31.106205 0.008135 0.015612 J491
130.964218 30.530867 0.005344 0.016973 J492
130.638382 30.381721 0.000446 0.018788 J493
129.489029 28.399088 0.016331 0.008264 J494
128.432327 27.032185 0.002651 0.007922 J495
127.898453 26.694811 0.014734 0.011013 J496
131.227798 25.831211 0.024007 -0.008414 J497
125.373795 24.753119 -0.009904 0.018130 J498
122.942841 24.454168 -0.002145 0.012140 J499
123.792038 24.426273 -0.002150 -0.002716 J500
141.167099 45.137711 -0.000138 -0.003578 J501
142.964462 44.582043 -0.010365 0.006050 J502
143.615677 44.219723 -0.010776 0.010268 J503
143.076813 44.191944 -0.010978 0.012206 J504
144.293304 43.988789 -0.011632 0.008490 J505
142.577713 43.908405 -0.004760 0.003132 J506
144.115250 43.828079 -0.008287 0.018323 J507
142.409607 43.738522 -0.007154 0.008111 J508
141.873840 43.740841 -0.007935 -0.001559 J509
142.903015 43.771412 -0.015013 0.013930 J510
143.578156 43.670502 -0.017309 0.013208 J511
145.258957 43.232105 -0.006009 0.024488 J512
144.079620 43.438835 -0.019860 0.057709 J513
142.395340 43.336266 -0.016880 0.006716 J514
144.597656 43.307011 -0.006069 0.026884 J515
141.890930 43.248409 -0.014114 -0.000283 J516
140.860611 43.209507 0.001964 -0.020277 J517
142.809723 43.165527 -0.016759 0.017051 J518
145.520493 43.195164 -0.003759 0.020130 J519
141.540115 43.077587 -0.009204 -0.009385 J520
143.170563 42.938862 -0.016135 0.027222 J521
141.577423 42.884430 0.008673 -0.020517 J522
141.407089 42.773190 -0.023037 -0.045358 J523
140.767624 42.551380 0.027055 -0.051275 J525
140.876373 42.473904 0.020255 -0.054641 J526
139.446152 42.060505 0.084534 -0.092109 J527
140.666870 42.123142 0.029101 -0.084346 J528
140.715439 41.976688 0.055407 -0.093975 J529
140.071228 41.803028 0.089955 -0.105003 J530
144.719147 42.982571 -0.010891 0.030332 J531
143.315689 42.125587 -0.006985 0.028236 J532
141.447586 41.404705 0.088474 -0.138539 J533
140.490768 41.185078 0.172487 -0.191252 J534
140.821991 41.145546 0.156724 -0.205294 J535
141.131805 40.862362 0.202875 -0.281513 J537
140.589218 40.706276 0.271119 -0.275898 J538
141.376205 40.676399 0.253967 -0.306100 J539
140.478531 40.624344 0.317653 -0.280573 J540
140.803345 40.643566 0.280781 -0.310234 J541
140.451569 40.910175 0.220106 -0.231663 J542
141.066330 39.953079 0.662808 -0.527133 J543
140.769180 39.351299 0.916562 -0.477904 J544
141.575485 39.143089 1.118753 -0.338972 J546
141.675293 39.596127 1.028459 -0.387860 J547
140.847870 38.546215 0.967313 -0.284655 J548
141.212906 38.425056 0.987443 -0.312741 J549
141.500687 38.301186 0.852150 -0.318377 J550
139.848938 39.891136 0.531591 -0.254881 J551
140.044724 39.825809 0.620983 -0.301415 J552
140.732849 39.702682 0.835901 -0.399664 J553
140.506699 39.199097 0.910829 -0.376943 J554
139.927490 39.015972 0.779714 -0.243237 J555
140.365158 38.496769 0.995850 -0.225785 J556
140.271133 38.148098 0.876099 -0.141547 J557
140.205658 37.615952 0.748099 0.001322 J559
140.372894 37.620731 0.761305 -0.051824 J560
140.135880 37.424507 0.684723 -0.008782 J561
139.586166 37.097248 0.536980 0.005191 J563
139.461685 38.056183 0.683266 -0.081660 J564
138.369888 38.023685 0.430924 -0.029251 J565
138.706940 37.535831 0.442362 -0.021979 J566
138.516373 37.348541 0.419504 -0.007197 J567
139.020248 37.319870 0.478950 -0.014748 J568
138.242584 37.056683 0.346385 0.008509 J569
137.893875 36.950871 0.292072 0.016975 J570
139.073914 37.752064 0.552160 -0.042819 J571
137.369522 36.736958 0.234044 0.018125 J572
137.031891 36.649563 0.196676 0.023166 J573
137.138550 37.306969 0.250941 0.002926 J574
136.718765 37.156746 0.219682 0.008111 J575
136.996063 37.123158 0.245341 0.013066 J576
136.755646 36.817478 0.210115 0.016893 J577
136.605331 36.370068 0.154420 0.016601 J578
136.184998 35.968887 0.114741 0.025446 J579
136.055984 35.836842 0.101532 0.032172 J580
140.497604 36.743027 0.390881 -0.127591 J581
139.987762 36.300705 0.381190 -0.083205 J582
139.931503 36.114815 0.370188 -0.075145 J583
140.202438 36.031338 0.370271 -0.113539 J584
140.164764 36.952305 0.504864 -0.048524 J585
139.805740 36.979580 0.526303 -0.000813 J586
139.854263 36.776371 0.456771 -0.022070 J587
140.157684 36.692455 0.461257 -0.085568 J588
139.490585 36.624172 0.430055 -0.009298 J589
140.179306 36.542217 0.420567 -0.113747 J590
138.591446 36.616318 0.330428 0.039238 J591
139.066635 36.234669 0.320710 0.023035 J592
138.912415 36.142754 0.283094 0.033167 J593
139.434021 34.761543 0.092064 0.011021 J594
139.358582 34.737614 0.087434 0.017596 J595
139.270935 34.519634 0.067299 0.021212 J596
139.210938 34.333122 0.055192 0.025869 J597
139.137573 34.239914 0.057878 0.012278 J598
139.478806 34.075783 0.040909 0.031533 J600
139.612854 33.884125 0.021003 -0.006399 J601
139.764618 32.463501 0.013751 -0.015502 J602
142.162766 26.635151 -0.016101 -0.010934 J603
138.690384 35.649517 0.178079 0.022878 J606
139.025772 35.511868 0.176045 0.029611 J607
137.984543 36.239029 0.219342 0.049722 J608
137.871750 36.228371 0.198212 0.038467 J609
138.499283 36.284714 0.271089 0.053849 J610
137.682632 36.084663 0.156616 0.041290 J611
138.214478 36.026161 0.192420 0.036717 J612
138.583023 35.974148 0.225151 0.039716 J613
137.598267 35.880001 0.140576 0.036239 J614
137.983887 35.726292 0.145853 0.034946 J615
137.676392 35.343735 0.101395 0.031554 J616
136.904266 36.261467 0.155515 0.031691 J617
137.363022 36.285645 0.169299 0.023194 J618
137.200668 35.911633 0.140693 0.042221 J619
138.776520 34.855034 0.093190 0.035868 J620
138.928360 35.204395 0.127347 0.047432 J621
138.098282 34.679924 0.081249 0.021449 J622
138.182968 34.677753 0.075730 0.020973 J623
138.046524 34.666409 0.079099 0.023918 J624
138.159042 34.634541 0.067378 0.025619 J625
138.906891 35.047241 0.112903 0.038073 J626
140.086304 36.103634 0.361294 -0.095495 J627
138.939331 34.698906 0.085120 0.029791 J628
137.073563 35.239086 0.082877 0.028421 J629
136.965805 35.168423 0.074112 0.039677 J630
136.862747 34.984394 0.078521 0.030776 J631
136.831879 34.904385 0.074505 0.029298 J632
136.694244 35.050911 0.079025 0.021903 J633
136.393265 34.854900 0.070406 0.030069 J634
136.329758 34.648750 0.065822 0.027854 J635
136.628403 34.431442 0.057534 0.021536 J636
136.342926 34.208157 0.047536 0.029543 J637
136.264740 35.420357 0.087722 0.030093 J638
136.041199 35.085724 0.072846 0.029541 J639
135.034042 35.685078 0.080403 0.025172 J640
135.415833 35.482216 0.076174 0.029316 J641
135.549530 35.275860 0.071723 0.033480 J642
135.773300 35.053135 0.067639 0.033771 J643
135.772400 34.952641 0.068466 0.025046 J644
134.677383 35.621201 0.073057 0.026670 J645
134.728714 35.461262 0.064847 0.027685 J646
135.022034 35.237881 0.060999 0.028890 J647
134.771225 35.162743 0.057271 0.029196 J648
134.945038 34.936188 0.052395 0.024679 J649
135.528351 34.311840 0.039239 0.031951 J650
135.167740 34.025391 0.031259 0.034400 J652
135.496201 33.554413 0.032137 0.030545 J653
133.339691 35.436008 0.038423 0.016868 J654
134.325272 35.361443 0.063758 0.025233 J655
133.137894 35.563534 0.053676 0.025925 J656
132.457321 34.892658 0.033926 0.032731 J657
132.013565 34.571064 0.017752 0.032842 J658
131.864319 34.439720 0.019668 0.031783 J659
133.563995 35.169662 0.054202 0.027570 J660
133.396271 34.993362 0.046253 0.021899 J662
132.851578 34.811604 0.057665 0.029977 J663
133.337631 34.777790 0.040075 0.018739 J664
132.194656 34.370346 0.028118 0.026407 J665
132.455551 34.260921 0.037801 0.021929 J666
132.884384 34.210068 0.031226 0.022077 J667
131.152390 34.764347 0.029030 0.018123 J668
131.176163 34.342087 0.028852 0.024760 J669
131.065674 34.179771 0.016063 0.018885 J670
132.358337 33.909935 0.026376 0.032718 J672
134.605026 34.171810 0.035701 0.019687 J673
133.874985 34.039738 0.040791 0.013930 J674
134.301468 33.789532 0.033851 0.022531 J675
133.998672 34.445454 0.046918 0.005287 J676
133.780670 34.383400 0.036567 0.022928 J677
133.189102 34.252445 0.028644 0.009037 J678
132.781738 33.959473 0.035801 0.016012 J679
132.487259 33.611595 0.026073 0.015854 J680
132.543762 33.177589 0.026943 0.036160 J681
133.228470 33.326908 0.032758 0.011773 J683
133.128632 33.215431 0.034884 0.012639 J684
130.749557 33.745506 0.016344 0.024820 J685
131.016525 33.697403 0.013510 0.024361 J686
130.823883 33.640465 0.017631 0.022692 J687
130.701157 33.327225 0.010853 0.017286 J688
129.940094 33.196030 0.019220 0.010566 J689
129.690018 33.266121 0.015231 0.006370 J690
129.125504 33.255791 0.007625 0.008568 J691
129.026337 32.885628 0.017702 0.007652 J692
130.166428 32.795700 0.012443 0.016557 J693
130.335953 32.793015 0.012371 0.014166 J694
130.216660 32.712292 0.011722 0.018415 J695
130.352280 32.722572 0.009612 0.009935 J696
130.290710 32.660652 0.013416 0.017944 J697
128.619354 32.634274 0.012538 0.004798 J698
131.062897 33.121956 -0.005707 0.012690 J699
130.748627 33.011292 0.006839 0.019182 J700
130.996216 32.870747 0.001496 0.016457 J701
130.794907 32.576725 0.007604 0.024697 J702
131.093430 32.950653 0.001443 0.023961 J703
131.132156 32.845001 -0.010811 0.018737 J704
131.356644 33.537125 0.010286 0.030851 J705
131.588425 33.349854 0.027931 0.019572 J706
131.121140 33.270271 -0.004743 0.033298 J707
131.579483 33.228428 0.023205 0.010639 J709
130.915741 33.190575 0.006805 0.020925 J710
131.530670 32.557049 0.012399 0.017217 J711
131.334015 32.384399 0.010063 0.017363 J712
131.486023 32.069107 0.006027 0.021052 J713
130.865631 32.047718 0.020852 0.014579 J714
131.306305 31.842098 0.007382 0.027821 J715
131.305862 31.399105 0.005543 0.014515 J716
130.179657 32.197075 0.008358 0.017808 J717
130.439651 31.908840 0.010938 0.013155 J718
130.651886 31.624098 0.015795 0.007050 J719
130.708542 31.591841 -0.001369 0.020683 J720
130.637360 31.552221 0.017093 0.030069 J721
130.699402 31.496153 0.011458 0.017442 J722
130.274979 30.784655 0.010074 0.013008 J723
131.028595 30.753325 0.005937 0.020462 J724
130.198242 30.461390 0.004550 0.036943 J725
130.903229 30.398676 -0.001476 0.020445 J726
130.424377 30.395756 0.005166 0.020679 J727
130.554550 30.236353 -0.000799 0.020666 J728
129.705750 29.615330 -0.022890 0.041446 J729
129.693573 28.487219 0.005971 0.017113 J730
130.028961 28.371132 0.001301 0.018548 J731
129.921677 28.293980 0.013616 0.032926 J732
129.320450 28.137583 0.012406 0.005653 J733
128.894470 27.816637 0.006879 0.010373 J734
128.650726 27.401239 -0.007437 0.014405 J735
127.945053 26.944489 0.007976 0.003184 J736
128.248367 26.859344 0.015374 -0.003773 J737
128.144028 26.708273 0.009367 0.007041 J738
127.231628 26.582876 0.000918 0.004110 J739
127.972397 26.482731 -0.002597 -0.001151 J740
127.832733 26.446926 0.002050 0.008142 J741
127.143646 26.372936 0.005282 -0.001326 J742
126.739151 26.347830 0.003323 0.002059 J743
127.345245 26.178795 0.020738 -0.008901 J744
127.826187 26.168608 0.013731 -0.005555 J745
131.290680 25.953726 0.002816 0.002261 J746
125.170975 24.827959 -0.014467 0.018957 J747
124.692444 24.641615 -0.017439 0.017536 J748
124.301285 24.536625 -0.018702 0.010286 J749
124.172653 24.338877 -0.010391 0.009115 J750
123.795853 24.061501 -0.000456 -0.004889 J751
139.056732 36.539257 0.377146 0.020138 J752
139.269333 36.003735 0.292808 0.007523 J753
139.182205 35.884048 0.262797 0.016388 J754
139.365967 35.800800 0.255026 0.002023 J755
140.249161 35.288383 0.250943 -0.068911 J756
139.369904 35.616428 0.227956 0.009737 J758
139.613846 35.160866 0.153501 0.013668 J759
135.789841 34.882030 0.062129 0.028786 J760
135.618820 34.621052 0.057478 0.031587 J761
134.659668 34.864120 0.054205 0.020938 J762
135.706024 34.698334 0.055408 0.018985 J763
135.819870 34.574001 0.053382 0.030458 J764
134.175797 34.809566 0.043593 0.022590 J765
133.757019 34.579147 0.039277 0.024232 J766
133.288116 34.450439 0.034374 0.018233 J767
132.820221 34.334873 0.029883 0.026031 J768
132.219131 34.191181 0.031312 0.017455 J769
129.954849 33.372181 0.012250 0.017820 J770
130.444519 33.346489 0.015118 0.023527 J771
129.989685 32.945587 0.012129 0.010969 J772
130.430450 32.581673 0.007750 0.007472 J773
130.085190 32.524532 0.006375 0.010699 J774
130.323639 32.426273 0.009133 0.012947 J775
130.469452 31.675102 0.011292 0.012935 J776
130.135757 31.415892 0.013699 0.012794 J777
141.598236 45.219769 0.004445 -0.006282 J778
142.351837 45.126774 -0.002806 0.015023 J779
142.717911 44.780170 -0.003775 0.001450 J780
141.793915 44.639927 -0.005956 -0.000549 J781
142.264526 44.365128 -0.007628 0.005288 J782
141.664597 44.148754 -0.002075 0.001526 J783
144.506409 43.722778 -0.014448 0.006033 J784
141.370590 43.624329 0.003653 -0.008147 J785
142.643066 43.431633 -0.020667 0.011539 J787
143.901993 43.101692 -0.021306 0.025457 J788
142.870056 43.013653 -0.008608 0.020564 J789
142.084595 42.933773 -0.013305 0.005952 J790
143.494965 42.806507 -0.018794 0.031590 J791
141.081055 42.420547 0.013366 -0.056238 J792
143.151978 42.486412 -0.017882 0.033015 J793
140.371231 41.934853 0.071678 -0.095526 J794
141.452591 39.849018 0.828931 -0.466529 J795
140.988449 39.127007 0.985717 -0.440166 J796
140.645630 37.984406 0.876583 -0.151645 J797
140.822906 40.044975 0.524860 -0.418133 J798
140.094635 38.434341 0.881691 -0.174504 J799
140.841644 37.018448 0.511528 -0.171676 J800
139.402237 37.036934 0.512909 0.002080 J801
138.944824 36.778061 0.404834 0.012692 J802
140.199921 38.288982 0.882528 -0.160916 J803
139.521927 35.419270 0.199194 0.002382 J804
139.226044 37.828159 0.382491 -0.032985 J805
138.880447 37.776989 0.501919 -0.033900 J806
138.779541 37.498657 0.462667 -0.009591 J807
138.456818 35.673695 0.193966 0.051923 J809
138.920273 37.589737 0.507229 -0.024227 J810
137.528778 35.575092 0.113708 0.040938 J811
136.470306 35.359730 0.083942 0.041393 J812
138.973862 35.114166 0.113194 0.025496 J813
138.876465 34.719475 0.071895 0.028364 J814
138.609970 35.117153 0.130618 0.047588 J815
138.209976 35.066975 0.106978 0.047254 J817
138.081680 35.044884 0.100474 0.032137 J818
137.946808 34.902050 0.091544 0.034480 J819
138.176743 34.849415 0.095113 0.029590 J820
137.680771 34.752041 0.085929 0.027907 J821
136.788818 35.300838 0.088505 0.029880 J822
134.588211 35.283344 0.066438 0.020898 J823
136.096985 34.179951 0.037409 0.032527 J824
135.735184 33.969482 0.036974 0.025156 J825
135.708786 33.637173 0.038890 0.018536 J826
134.393433 34.217796 0.039803 0.026417 J827
132.046097 33.367970 0.031719 0.009356 J828
132.475342 33.384373 0.030721 0.020210 J829
133.362640 33.704285 0.031652 0.014073 J830
130.464996 33.097355 0.008969 0.014778 J831
129.720718 32.839611 0.012695 0.015435 J832
131.206802 33.127842 0.001808 0.011702 J833
130.360657 32.098434 0.009955 0.008735 J834
130.238968 31.906164 0.009947 0.014439 J835
130.408005 31.796021 0.006926 0.002814 J836
130.599594 31.824060 0.011125 0.013189 J837
138.762787 34.690254 0.075889 0.042790 J838
138.331223 34.836166 0.086510 0.026595 J840
139.069901 34.949757 0.108956 0.036575 J841
138.249893 34.954346 0.107076 0.036410 J842
134.049545 35.174889 0.053794 0.026060 J843
140.810532 40.834408 0.231088 -0.270848 J844
140.324387 37.361824 0.679930 -0.032347 J845
133.461807 33.818356 0.029688 0.018411 J846
137.868759 35.160450 0.103302 0.035519 J847
141.955246 45.514114 -0.002782 0.000186 J848
141.881790 45.230106 -0.001718 -0.000725 J849
142.292252 44.990505 -0.011877 0.002660 J850
142.021774 44.916065 0.011119 0.005317 J851
142.038712 44.743240 -0.005111 0.001567 J852
142.571167 44.546501 -0.009016 0.006060 J853
142.935837 44.332294 -0.008951 0.009579 J854
141.872177 44.317665 -0.001695 -0.001243 J855
143.364594 44.260853 -0.011302 0.007721 J856
142.400894 44.165474 -0.010448 0.002459 J857
142.601242 44.114449 -0.014024 0.006244 J858
144.993500 44.065033 -0.007890 0.014569 J859
141.860748 44.052105 -0.007766 0.003234 J860
143.534149 43.909927 -0.011383 0.011858 J861
142.236542 43.889290 -0.010014 0.006324 J862
143.176697 43.878723 -0.012629 0.012782 J863
145.056870 43.794029 -0.001840 0.018704 J864
142.132309 43.725658 -0.008955 0.002025 J865
143.381088 43.710323 -0.012484 0.014461 J866
142.794403 43.646908 -0.022418 0.014622 J867
143.991730 43.644562 -0.014224 0.019061 J868
145.220367 43.555996 -0.000973 0.021267 J869
144.719040 43.545929 -0.009349 0.020042 J870
142.187607 43.521576 -0.012257 0.005195 J871
141.616776 43.504215 -0.000658 -0.004319 J872
143.753860 43.473579 -0.018180 0.022220 J873
143.187042 43.366470 -0.018844 0.022609 J874
140.378281 43.320705 0.011463 -0.030402 J875
141.345963 43.240528 -0.003400 -0.009024 J876
141.652023 43.220894 -0.003224 -0.005268 J877
144.970734 43.218189 -0.006820 0.026920 J878
143.027756 43.171329 -0.016906 0.020068 J879
142.567032 43.165047 -0.021927 0.012260 J880
144.496490 43.149391 -0.010051 0.031145 J881
141.203293 43.140396 -0.005283 -0.014144 J882
143.597702 43.123894 -0.013478 0.026565 J883
140.811111 43.082596 0.005790 -0.025192 J884
142.532257 42.890633 -0.019155 0.012768 J885
143.655533 42.800343 -0.011606 0.032902 J886
142.953690 42.803341 -0.016123 0.022686 J887
140.011780 42.685337 0.044022 -0.057285 J888
143.312790 42.673962 -0.015828 0.027307 J889
142.395920 42.554260 -0.014725 0.006596 J890
142.767944 42.277233 -0.020167 0.018584 J891
140.929337 41.740593 0.059490 -0.109594 J892
140.535019 41.711327 0.082035 -0.114922 J893
141.094467 41.466160 0.096871 -0.159718 J894
140.983810 41.199665 0.141995 -0.199632 J895
141.385696 41.160934 0.128387 -0.186689 J896
140.293533 41.121723 0.193703 -0.178685 J897
140.011002 40.730633 0.277720 -0.226758 J898
141.106018 40.579983 0.302849 -0.351916 J899
141.332001 40.508759 0.339917 -0.359680 J901
140.941589 40.447632 0.402579 -0.416986 J902
141.484863 40.271042 0.474878 -0.396021 J903
141.046463 40.106747 0.548301 -0.517202 J904
141.662186 39.970955 0.724156 -0.384386 J905
141.970230 39.738960 0.833571 -0.279388 J906
141.426132 39.639370 0.962505 -0.457008 J907
140.836319 39.554455 0.861809 -0.492147 J908
141.292999 39.464695 1.032797 -0.491689 J909
141.311676 39.235374 1.128275 -0.430089 J910
141.400848 39.012108 1.152378 -0.352807 J911
141.148529 38.995464 1.114408 -0.379998 J912
140.833191 38.934029 0.952804 -0.340432 J913
141.317856 38.743221 1.103575 -0.330589 J914
141.004333 38.686134 1.078250 -0.346410 J915
141.160721 38.660629 1.079495 -0.331104 J916
140.727722 38.571812 0.966515 -0.257652 J917
141.304398 38.509842 1.012812 -0.307643 J918
140.943695 38.177120 0.929339 -0.262831 J919
140.727661 37.824600 0.852532 -0.173526 J920
140.027573 40.339397 0.416324 -0.263896 J921
140.408157 40.183315 0.510660 -0.336510 J922
140.005493 40.099701 0.495974 -0.285215 J923
140.535858 39.921391 0.665333 -0.382177 J924
140.053925 39.527565 0.733411 -0.304980 J925
140.596085 39.508137 0.864978 -0.396138 J926
140.278931 39.296745 0.807218 -0.320693 J927
140.715057 39.146202 0.953211 -0.450056 J928
140.447327 39.054379 0.919583 -0.333793 J929
140.183472 38.938103 0.853162 -0.294273 J930
140.497253 38.752155 1.001143 -0.245047 J931
139.674530 38.701168 0.743152 -0.188231 J932
140.220505 38.628414 0.912063 -0.223853 J933
140.393875 38.170441 0.910221 -0.200483 J934
139.879410 37.920586 0.755042 -0.087842 J935
140.446793 37.833496 0.844238 -0.068090 J936
139.972656 37.669289 0.742206 -0.051510 J937
140.571655 37.591091 0.789010 -0.126345 J938
139.835526 37.461288 0.657473 -0.028704 J939
140.464035 37.444870 0.754389 -0.084360 J940
139.686340 37.326210 0.589555 -0.020131 J941
140.212738 37.293041 0.661209 -0.020308 J942
140.450974 37.210564 0.634123 -0.082021 J943
140.716003 37.183090 0.635750 -0.148081 J944
140.376266 37.023582 0.536439 -0.097385 J945
140.690155 36.932621 0.584716 -0.152061 J946
140.385696 36.475849 0.388572 -0.119326 J947
140.035416 37.124699 0.576976 -0.006937 J948
139.505310 36.872246 0.434340 0.038888 J949
139.752792 36.537632 0.417543 -0.037131 J950
139.902512 36.456581 0.397923 -0.061907 J951
139.060852 36.837357 0.439802 0.011279 J952
138.847885 36.591377 0.362213 0.025955 J954
139.016708 36.395348 0.356384 0.023023 J955
139.254639 36.267693 0.345101 0.016035 J956
138.702988 36.200268 0.279610 0.049793 J957
138.926056 35.929928 0.246985 0.009686 J958
139.968475 35.143803 0.172652 -0.023158 J959
139.366058 35.391487 0.181077 0.013889 J960
139.111450 37.540340 0.538486 -0.025836 J961
138.634598 37.212112 0.422623 0.000362 J962
139.247101 37.157616 0.508482 -0.021993 J963
138.457352 37.107086 0.381546 0.004069 J964
140.296494 36.778957 0.452619 -0.096496 J965
137.026428 36.919510 0.225449 0.019113 J966
137.551331 36.864346 0.257700 0.013247 J967
137.154480 36.757950 0.216029 0.023890 J968
136.806396 36.592091 0.180906 0.025506 J969
137.239227 36.472801 0.190993 0.023865 J970
137.033936 37.432259 0.263282 0.008461 J971
136.908768 37.226437 0.237217 0.011271 J972
136.540680 36.537266 0.167923 0.022895 J973
136.361649 36.229565 0.131303 0.005251 J974
136.048950 36.109734 0.122837 0.029900 J975
136.657745 35.901413 0.111118 0.032669 J976
136.339584 35.888218 0.108551 0.031026 J977
135.755646 35.486572 0.082371 0.026344 J978
138.444214 35.904934 0.197224 0.040956 J979
138.949997 35.753872 0.217727 0.029518 J980
138.606873 35.467693 0.158937 0.024456 J981
138.624252 36.856686 0.434704 0.049362 J982
138.096725 36.706646 0.287819 0.035536 J983
138.120941 36.523605 0.262595 0.035399 J984
138.366043 36.260986 0.250079 0.041930 J985
137.785431 35.944603 0.156891 0.039512 J986
138.095703 35.878418 0.166235 0.030869 J987
137.450882 35.815552 0.125659 0.038593 J988
137.620163 35.661228 0.120693 0.039946 J989
137.080521 36.140263 0.146168 0.031431 J990
136.784622 35.723488 0.096967 0.036620 J991
137.309097 35.523129 0.100568 0.035866 J992
136.545288 35.480061 0.085668 0.032531 J993
137.252319 35.300552 0.086321 0.025604 J994
137.575333 35.100021 0.085325 0.026821 J995
137.152390 34.917339 0.083430 0.020274 J996
137.338776 34.785915 0.071726 0.028117 J997
136.938477 34.740051 0.075449 0.025633 J998
136.474457 34.420326 0.051499 0.024206 J999
139.488007 35.709999 0.240973 -0.004983 KGNI
135.046005 48.521000 0.007763 -0.027572 KHAJ
130.878571 31.425312 0.010600 0.024015 KNYA
140.658005 35.955002 0.364288 -0.174599 KSMV
102.796997 25.030001 0.000766 -0.003159 KUNM
150.810379 59.577644 -0.001906 0.006971 MAGJ
153.979996 24.290001 -0.004386 0.007024 MCIL
141.132996 39.134998 1.063242 -0.412725 MIZU
139.559998 35.680000 0.260964 -0.012549 MTKA
100.713654 14.043016 0.010398 0.015524 NIMT
127.768921 26.144817 0.001742 -0.014733 OKN1
158.649994 53.020000 -0.017419 0.012180 PETS
121.080002 14.640000 0.009265 -0.003054 PIMO
130.878571 31.425308 0.007331 0.022991 S004
141.844818 43.528645 -0.007283 -0.001140 S005
142.195023 27.067532 -0.013786 -0.001979 S007
139.081970 35.006851 0.089930 0.037530 S106
139.101685 34.971863 0.128405 0.070527 S107
140.087189 36.106113 0.360739 -0.096076 S110
121.199997 31.100000 0.004479 0.006438 SHAO
135.936951 33.577854 0.033332 0.019248 SMST
141.845001 43.528999 -0.011540 -0.000428 STK2
127.054001 37.276001 0.023626 0.006241 SUWN
120.989998 24.799999 0.005612 0.007337 TCMS
120.989998 24.799999 0.004783 0.004997 TNML
140.089996 36.110001 0.358867 -0.094135 TSK2
140.087006 36.105999 0.350231 -0.087855 TSKB
121.160004 24.950001 0.014967 -0.003038 TWTF
107.050003 47.869999 -0.000246 0.010377 ULAB
138.362000 36.132999 0.219310 0.035388 USUD
114.357002 30.532000 0.009442 0.012703 WUHN
142.720001 47.029999 -0.008900 0.005548 YSSK
136.503754 35.104763 0.079755 0.025113 Z101
138.185791 35.322075 0.121407 0.028781 Z102
137.423126 34.967480 0.079893 0.026076 Z103
136.981750 34.543915 0.063848 0.038127 Z104
136.802002 34.373581 0.051619 0.026328 Z105
136.388489 34.297928 0.040504 0.031824 Z106
136.139969 33.932949 0.033711 0.026391 Z107
135.743454 34.155849 0.014292 0.013045 Z108
135.290344 34.090851 0.029889 0.029090 Z109
135.399124 33.854500 0.025590 0.028684 Z110
135.871094 33.799084 0.029645 0.026139 Z111
135.406006 33.647251 0.028135 0.027661 Z112
135.834137 33.520081 0.023900 0.030067 Z113
134.510025 33.932796 0.025931 0.027176 Z114
133.796951 33.838840 0.032294 0.021059 Z115
134.484558 33.821980 0.021298 0.024865 Z116
132.564697 33.510353 0.011396 0.034442 Z117
132.360382 33.202183 0.010451 0.016091 Z118
133.431702 33.545727 0.019905 0.012477 Z119
133.699844 33.542534 0.022900 0.017366 Z120
134.056198 33.367382 0.023293 0.015101 Z121
132.974030 33.312130 0.017563 0.021385 Z123
132.822083 33.060120 0.021300 0.011147 Z124
141.669920 35.502980 0.410841 -0.455053 _CHS
142.083120 37.166010 0.709590 -0.588455 _FUK
143.362340 38.887930 -0.027884 -0.025178 _KMN
143.263500 38.636440 -0.276512 -0.067126 _KMS
142.916670 38.082940 -0.505571 0.092472 _MGI
142.433270 38.150560 0.070693 -0.268360 _MGW
