# lon lat mag site
 139.547653 39.185562 0.851392 019B
 116.989998 30.620001 0.003561 AHAQ
 117.300003 32.900002 0.005452 AHBB
 130.600006 31.823999 0.010791 AIRA
 126.135002 36.674000 0.001663 ANHN
 102.234985 51.769707 0.003081 BADG
 128.975998 36.164001 0.002761 BHAO
 115.891998 39.609001 0.006155 BJFS
 117.160004 40.689999 0.008888 BJGB
 116.220001 40.250000 0.007554 BJSH
 115.970001 40.369999 0.007438 BJYQ
 127.730003 36.487999 0.002399 BOEN
 127.714996 37.993999 0.002783 CCHN
 142.199997 27.070000 0.002185 CCJ2
 125.444000 43.791000 0.014534 CHAN
 127.710999 37.868999 0.002513 CHCN
 127.154999 36.877998 0.002042 CHEN
 126.529999 33.514000 0.001255 CHJU
 127.415001 38.164001 0.002510 CHLW
 128.477997 35.533001 0.002310 CHNG
 129.056000 36.436001 0.002803 CHSG
 125.440002 43.790001 0.017000 CHUN
 128.692993 35.236000 0.002082 CHWN
 126.801003 36.459000 0.002031 CHYG
 127.460999 36.626999 0.002253 CNJU
 145.742996 15.230000 0.000914 CNMR
 108.489998 30.770000 0.002408 CQWZ
 100.533936 13.735914 0.003811 CUSV
 127.374001 36.398998 0.018608 DAEJ
 126.602997 34.098000 0.001319 DANG
 97.377998 37.381001 0.001000 DLHA
 131.869995 37.238998 0.005384 DOKD
 127.060997 37.902000 0.002413 DOND
 100.200996 40.984001 0.001414 DXIN
 125.968002 36.125000 0.001786 EOCH
 119.769997 25.500000 0.003162 FJPT
 117.989998 27.620001 0.003736 FJWY
 120.019997 26.879999 0.003023 FJXP
 135.928299 33.877003 0.034235 G000
 135.087646 35.419525 0.068081 G001
 135.340698 35.333458 0.069166 G002
 135.634216 35.155182 0.063766 G003
 135.219940 34.326462 0.040428 G004
 134.376114 34.760426 0.046959 G006
 136.041901 34.710644 0.054549 G007
 136.173141 34.493874 0.048074 G008
 136.002640 34.292927 0.043431 G009
 135.854797 34.241966 0.040696 G010
 135.554001 33.940796 0.034932 G011
 135.882095 33.668758 0.031170 G012
 135.533844 33.658344 0.029061 G013
 134.195267 35.529858 0.058760 G014
 133.495132 35.506935 0.051373 G015
 133.869751 35.493202 0.055151 G016
 134.155945 35.340591 0.053177 G017
 132.921997 35.491909 0.051841 G018
 133.192093 35.310692 0.051269 G019
 132.902695 35.309727 0.049190 G020
 132.669006 35.233078 0.045779 G021
 132.385559 35.031902 0.041706 G022
 132.685165 34.856747 0.041604 G023
 132.109467 34.777946 0.037081 G024
 131.810318 34.624344 0.033797 G025
 133.680756 35.282959 0.050875 G026
 133.912689 35.105026 0.050495 G027
 133.800446 34.738079 0.040556 G028
 133.972595 34.590286 0.041783 G029
 132.902100 35.035213 0.043564 G030
 132.908112 34.633671 0.039839 G031
 133.341293 34.612202 0.042266 G032
 133.140182 34.515621 0.038107 G033
 132.691956 34.184635 0.034455 G035
 132.531631 34.069233 0.031882 G036
 131.735321 34.195274 0.031420 G037
 132.052734 34.090061 0.030760 G038
 131.113037 34.020523 0.027124 G039
 132.119965 33.845917 0.028709 G040
 134.457306 33.993687 0.034322 G041
 134.211166 33.934563 0.032618 G042
 134.175980 34.478535 0.038609 G044
 133.899384 34.325920 0.037166 G045
 133.350693 33.974171 0.032654 G046
 133.047394 33.884090 0.029431 G047
 132.798523 33.642731 0.027983 G048
 132.743683 33.305054 0.026138 G049
 132.633636 33.096088 0.023236 G050
 133.531021 33.625805 0.027617 G051
 133.154495 33.607021 0.028984 G052
 134.099319 33.497108 0.028128 G053
 133.089539 33.416664 0.025542 G054
 134.205536 33.394894 0.026338 G055
 132.972137 33.193138 0.023320 G056
 132.831467 32.961067 0.022153 G058
 132.555435 32.738613 0.020789 G059
 130.722427 33.929722 0.025603 G060
 130.971115 33.867008 0.024520 G061
 130.296906 33.683071 0.023623 G062
 130.675674 33.579769 0.022739 G063
 130.995422 33.564732 0.027559 G064
 130.079269 33.503036 0.021007 G065
 130.097214 33.292004 0.020461 G066
 129.862946 33.073387 0.018185 G067
 129.958954 32.768307 0.016155 G068
 130.621765 33.060135 0.019418 G069
 130.872650 32.995934 0.020750 G070
 130.748367 32.709232 0.018509 G071
 130.827347 32.396080 0.017155 G073
 130.179886 32.367409 0.015796 G074
 130.656494 32.343513 0.015352 G075
 130.986389 32.292397 0.016201 G076
 131.521149 33.514332 0.027328 G077
 131.291672 33.383755 0.025939 G078
 131.748413 33.096195 0.022430 G079
 132.039047 32.936356 0.021689 G080
 131.441528 32.898895 0.021752 G081
 131.629227 32.852222 0.021836 G082
 131.364700 32.527931 0.017644 G083
 131.583023 32.316231 0.014577 G084
 131.347488 32.111889 0.012520 G085
 131.254456 32.001804 0.012261 G086
 130.976959 31.877796 0.012136 G087
 131.470062 31.785973 0.012938 G088
 130.735672 31.743780 0.011636 G089
 130.998306 31.564604 0.011085 G090
 130.340057 31.450253 0.013191 G091
 130.540588 31.377237 0.013667 G092
 130.867111 31.242748 0.013527 G093
 127.993683 26.386345 0.004719 G094
 127.760361 26.312714 0.003387 G095
 127.677628 26.194576 0.002016 G096
 153.978653 24.290094 0.011157 G098
 137.550842 36.114304 0.187787 G099
 138.727310 35.360771 0.134063 G100
 140.858307 43.209526 0.058624 G101
 139.489197 42.078789 0.165746 G102
 140.859207 40.897495 0.412331 G103
 139.703461 39.942116 0.652527 G104
 139.545959 38.563339 1.044568 G105
 140.249451 35.129383 0.099807 G107
 139.615540 35.160152 0.110729 G108
 138.281250 37.814758 0.465600 G109
 138.508514 37.356544 0.478001 G110
 136.900330 37.405727 0.230058 G111
 136.148849 36.254585 0.120886 G112
 139.132965 34.895485 0.076545 G113
 138.764206 34.806900 0.066347 G114
 138.327408 34.870670 0.079013 G115
 136.823837 34.903965 0.068552 G116
 135.191544 34.144146 0.038379 G117
 134.315933 35.593685 0.063539 G118
 131.604645 34.627590 0.032625 G119
 133.243500 33.333500 0.029326 G120
 129.849289 33.473080 0.020348 G121
 134.178116 33.266125 0.023712 G122
 130.191071 32.017410 0.013636 G123
 127.824677 26.179472 0.001606 G124
 132.982178 32.869484 0.025702 G125
 132.810654 32.762100 0.022400 G126
 137.814484 35.777534 0.148255 G127
 136.728745 35.405132 0.090290 G128
 136.431931 34.603333 0.052726 G129
 135.589935 33.747604 0.030146 G130
 133.940872 33.722511 0.029805 G131
 133.043228 33.545834 0.026242 G132
 132.488770 33.039463 0.023990 G133
 132.922653 33.391029 0.026394 G134
 133.699570 35.490398 0.056093 G135
 137.636871 34.702118 0.066406 G136
 131.384033 33.078835 0.023547 G137
 137.595978 36.576969 0.232486 G138
 136.540482 34.285072 0.042974 G139
 136.081070 20.425549 0.004800 G140
 132.961685 33.103912 0.023529 G141
 132.675827 32.927689 0.022735 G142
 136.295578 34.930733 0.064641 G143
 138.794662 34.970566 0.083605 G144
 141.283188 38.901936 3.530326 G145
 135.426102 34.085499 0.037304 G146
 131.835007 34.043789 0.030191 G147
 136.728226 34.490002 0.050981 G148
 136.693192 34.296612 0.044374 G149
 140.898788 42.557934 0.096659 G150
 132.650330 34.492138 0.036677 G151
 133.924103 33.622295 0.026551 G152
 134.114166 33.774574 0.029905 G153
 135.305313 33.769405 0.032394 G154
 135.970596 33.660805 0.030763 G155
 136.024353 33.820427 0.031248 G156
 132.339813 34.397049 0.034060 G157
 136.772705 37.000721 0.195669 G158
 141.054657 39.362015 2.039309 G159
 137.723373 34.672314 0.065194 G160
 137.442459 34.680382 0.064287 G161
 139.533829 38.511196 1.050227 G162
 139.276184 36.602337 0.522716 G163
 132.268814 34.575432 0.036105 G164
 141.685333 45.407822 0.012174 G201
 144.285797 44.019413 0.013323 G202
 144.371399 42.975571 0.022816 G203
 140.724533 41.781658 0.184702 G204
 139.824921 34.918789 0.061253 G206
 137.224579 36.762173 0.206591 G207
 135.773193 33.475948 0.026175 G208
 132.066208 34.897312 0.037393 G209
 129.866196 32.735119 0.017076 G210
 131.409302 31.576969 0.010899 G211
 127.665207 26.213327 0.000778 G212
 142.194611 27.093943 0.003534 G213
 126.042999 34.460999 0.001277 GASA
 113.589996 24.850000 0.002691 GDSG
 116.599998 23.420000 0.002452 GDST
 113.570000 22.280001 0.002285 GDZH
 110.300003 21.150000 0.003162 GDZJ
 127.321999 34.007999 0.001549 GEOM
 127.943001 35.667999 0.002283 GOCH
 127.787003 36.816002 0.002559 GSAN
 105.760002 35.529999 0.002121 GSJN
 106.589996 35.549999 0.001273 GSPL
 106.209999 34.750000 0.002470 GSQS
 105.910004 34.480000 0.002202 GSTS
 144.869995 13.590000 0.000487 GUAM
 113.339996 23.180000 0.001259 GUAN
 144.800003 13.430000 0.004352 GUUG
 109.209999 21.650000 0.002843 GXBH
 108.040001 24.690001 0.003008 GXHC
 108.150002 22.570000 0.003183 GXNN
 111.230003 23.480000 0.003701 GXWZ
 107.730003 27.980000 0.003059 GZFG
 106.669998 26.469999 0.002844 GZGY
 127.709000 35.161999 0.001873 HADG
 114.519997 35.660000 0.004697 HAHB
 112.449997 35.160000 0.004000 HAJY
 114.029999 32.849998 0.002983 HAQS
 109.489998 30.280001 0.003353 HBES
 112.169998 31.120001 0.003523 HBJM
 112.040001 32.000000 0.003324 HBXF
 110.970001 30.830000 0.001442 HBZG
 115.839996 40.880001 0.007367 HECC
 117.919998 41.020000 0.009427 HECD
 116.930000 38.459999 0.007756 HECX
 114.309998 38.250000 0.005458 HELQ
 114.709999 37.400002 0.005561 HELY
 118.300003 39.740002 0.009710 HETS
 114.160004 40.130001 0.006444 HEYY
 114.900002 40.830002 0.006519 HEZJ
 125.204002 34.710999 0.001242 HGDO
 110.250000 19.990000 0.002209 HIHK
 109.529999 18.240000 0.002879 HISY
 119.739998 49.270000 0.006294 HLAR
 134.279999 48.369999 0.009419 HLFY
 130.240005 47.349998 0.013450 HLHG
 126.139999 48.669998 0.009326 HLWD
 109.800003 27.879999 0.002707 HNMY
 129.567001 36.077999 0.002904 HOMI
 128.194000 37.709000 0.002878 HONC
 126.620003 45.700001 0.013902 HRBN
 139.542297 36.295162 0.495713 I001
 140.174271 36.263268 0.730585 I002
 139.810532 36.203671 0.543572 I003
 140.544479 36.181309 0.923680 I004
 139.345169 36.120953 0.378064 I005
 140.343155 36.096935 0.714358 I006
 139.636719 36.087227 0.442751 I007
 139.799927 36.010895 0.454668 I008
 140.659241 35.955456 0.793853 I009
 140.402954 35.970409 0.649215 I010
 139.464279 35.925503 0.340339 I011
 139.992722 35.940292 0.474755 I012
 139.651855 35.937469 0.381083 I013
 140.145493 35.873650 0.483035 I014
 140.407013 35.803329 0.503259 I015
 139.812805 35.780212 0.350463 I016
 140.024750 35.786465 0.395259 I018
 139.488266 35.710369 0.272252 I019
 140.315140 35.717453 0.410806 I020
 140.646820 35.777302 0.545222 I021
 140.837234 35.726357 0.545084 I022
 139.902359 35.675465 0.318043 I023
 140.448303 35.642353 0.375098 I024
 140.186569 35.544144 0.275096 I025
 139.673355 35.563404 0.237871 I026
 140.318237 35.530117 0.281149 I027
 139.467834 35.521408 0.202747 I028
 139.322571 35.482639 0.184337 I029
 140.051331 35.447784 0.218359 I030
 139.045181 35.415352 0.161462 I031
 139.653748 35.436485 0.189941 I032
 140.337372 35.421127 0.219091 I033
 139.466064 35.326683 0.149691 I034
 139.262695 35.304901 0.140463 I035
 139.825516 35.311703 0.152454 I036
 140.146790 35.333141 0.168081 I037
 138.881653 35.321602 0.143818 I038
 139.843567 35.143711 0.106712 I039
 140.268021 35.165901 0.108844 I041
 139.110443 35.148605 0.103917 I042
 138.901855 35.110016 0.098616 I043
 140.079269 35.111862 0.097129 I044
 139.954346 35.254807 0.135857 I045
 138.997925 35.014828 0.088345 I046
 139.864075 34.954082 0.068012 I047
 139.131165 34.939308 0.076430 I048
 138.924820 34.916115 0.076521 I049
 137.672333 34.835331 0.072208 I050
 139.381393 34.784420 0.067761 I051
 138.017532 34.785950 0.070962 I052
 138.989822 34.751350 0.065176 I053
 139.433212 34.686787 0.047973 I055
 139.257904 34.371826 0.041428 I057
 139.134460 34.200478 0.022333 I058
 139.503845 34.121067 0.018378 I059
 139.547150 34.059113 0.017845 I060
 139.013687 34.921822 0.075661 I061
 139.124359 34.878475 0.066615 I062
 139.268127 35.723759 0.252471 I063
 138.975861 35.623348 0.200421 I064
 139.157227 35.610275 0.207131 I065
 139.204865 35.428520 0.168609 I066
 139.664841 35.267094 0.133923 I067
 139.049332 35.245514 0.128567 I068
 138.445251 35.443581 0.140675 I069
 138.814041 35.496590 0.162602 I070
 138.563431 35.362080 0.132268 I071
 138.770676 35.305538 0.141511 I072
 138.445694 35.289463 0.121831 I073
 138.253510 35.200977 0.106640 I074
 138.616989 35.203182 0.118058 I075
 138.721542 35.173592 0.115751 I076
 138.524704 35.067406 0.098858 I077
 138.368698 35.103458 0.097937 I078
 138.134903 35.103912 0.096862 I079
 138.378296 34.990524 0.091395 I081
 137.695236 35.079292 0.088038 I084
 138.786057 34.776073 0.064006 I085
 138.838425 34.610001 0.053005 I086
 138.074860 34.939796 0.081887 I088
 137.932144 34.843857 0.075174 I089
 137.817947 34.941345 0.078897 I090
 138.136917 34.757755 0.069807 I091
 138.225601 34.738308 0.066452 I092
 138.053543 34.715252 0.067521 I093
 138.129288 34.642902 0.061457 I094
 137.937439 34.670422 0.064691 I095
 137.911270 34.755394 0.068574 I096
 137.791794 34.792835 0.068493 I097
 137.823425 34.671883 0.063787 I098
 137.575485 34.937675 0.074309 I099
 137.434006 34.864815 0.075092 I102
 137.554337 34.808727 0.071951 I103
 137.514938 34.718052 0.063518 I104
 139.171036 35.040627 0.085553 I105
 139.797241 33.119949 0.018427 I113
 126.685997 37.419998 0.002126 INCH
 128.171005 38.069000 0.003051 INJE
 104.316177 52.219021 0.005363 IRKJ
 104.316238 52.219025 0.003786 IRKM
 104.316002 52.219002 0.005254 IRKT
 141.750443 45.402992 0.010195 J001
 143.224182 44.433685 0.004929 J002
 141.756317 44.397949 0.019718 J003
 144.675842 43.915691 0.015539 J004
 144.449005 43.507858 0.014063 J005
 142.482483 43.589657 0.015385 J007
 141.510376 43.854012 0.028101 J008
 145.129623 43.070080 0.020690 J009
 144.431931 42.963261 0.023113 J010
 143.459229 43.028625 0.011686 J011
 142.401978 42.980515 0.025752 J012
 141.030914 43.177853 0.057371 J013
 141.730667 42.983253 0.048889 J014
 143.331009 42.321594 0.022371 J015
 142.364609 42.356903 0.048067 J016
 139.857666 42.450733 0.124552 J017
 140.942413 42.374214 0.109247 J018
 143.156525 42.005856 0.026558 J019
 139.519592 42.153545 0.158149 J020
 140.107330 42.008076 0.173085 J021
 140.747833 41.826073 0.182471 J022
 140.040649 41.466377 0.243568 J023
 141.213272 41.300774 0.258003 J024
 140.272980 40.778984 0.419439 J026
 141.789093 40.133450 1.028160 J027
 141.939957 39.572384 2.495575 J028
 141.203918 39.110626 2.896231 J029
 139.776154 39.967903 0.650786 J030
 140.048233 39.398697 1.102615 J031
 139.808853 38.894604 1.135533 J032
 140.318741 38.758595 1.735816 J033
 140.366089 38.331028 2.011873 J035
 141.441162 38.449196 5.148922 J036
 140.954178 38.317486 3.355156 J037
 140.908081 37.800671 2.877258 J038
 139.791504 37.643696 1.110347 J040
 140.902512 37.090714 2.050063 J041
 140.611832 36.539928 1.233307 J042
 139.726425 36.401848 0.588343 J043
 138.906265 36.697025 0.442700 J044
 138.865402 36.259033 0.323680 J045
 137.851120 36.499767 0.240203 J046
 137.943802 35.923580 0.173903 J047
 138.583298 35.590336 0.170854 J048
 139.509567 38.230690 1.034263 J049
 138.988861 37.896469 0.694652 J050
 138.574402 37.397678 0.496262 J051
 137.487228 36.928959 0.246614 J052
 136.889160 37.382374 0.225565 J053
 136.649933 36.663410 0.165945 J054
 136.172974 36.231174 0.117878 J055
 136.105804 35.602562 0.089852 J056
 135.233383 35.549904 0.072232 J057
 137.347916 36.135994 0.157031 J058
 137.248367 35.800484 0.128351 J059
 136.900024 35.526073 0.101732 J060
 137.467575 35.396767 0.105080 J061
 136.158234 35.094727 0.071660 J062
 137.041290 35.128109 0.083730 J063
 136.502289 34.758999 0.060000 J064
 136.851135 34.465389 0.051364 J065
 136.198364 34.060658 0.036667 J066
 135.500977 34.837997 0.054308 J067
 135.851410 34.392300 0.044872 J068
 135.221497 34.157684 0.037065 J069
 135.764420 33.483360 0.024398 J070
 134.550385 34.784813 0.046251 J071
 133.058655 35.433876 0.052268 J074
 132.208969 35.002811 0.041254 J075
 131.610367 34.616493 0.033098 J076
 133.527985 34.548798 0.038771 J077
 132.575439 34.340355 0.035482 J078
 130.913635 33.996555 0.026915 J079
 134.023911 34.286026 0.036873 J080
 134.626022 33.926857 0.037351 J081
 134.122131 33.315895 0.024269 J082
 133.578262 33.529148 0.027225 J083
 133.241791 33.272900 0.026915 J084
 132.966415 32.755737 0.020704 J085
 132.281174 33.469009 0.024373 J086
 130.476776 33.730721 0.023498 J087
 131.691376 33.461544 0.024430 J088
 130.967819 33.331085 0.024399 J089
 131.876373 32.924587 0.022798 J090
 129.850296 33.476070 0.021239 J091
 130.645599 32.546410 0.018876 J093
 131.632324 32.445446 0.015239 J094
 131.469681 32.021755 0.011753 J095
 130.190140 32.013245 0.012400 J096
 130.466446 31.503769 0.013354 J097
 130.299484 31.264591 0.011514 J098
 131.087540 31.258533 0.011593 J099
 127.768921 26.144814 0.003415 J100
 142.169739 45.335827 0.008473 J101
 141.038208 45.275967 0.017479 J102
 142.537094 45.002399 0.006737 J103
 141.741394 44.892460 0.015469 J104
 142.265244 44.728497 0.009706 J105
 141.330063 44.427048 0.025139 J106
 142.625595 44.294567 0.007467 J107
 144.029770 44.063873 0.010435 J108
 145.186096 44.019184 0.012028 J109
 142.151688 44.006779 0.018039 J110
 143.333694 44.005619 0.005912 J111
 143.926941 42.894516 0.019496 J112
 144.986969 43.549397 0.017252 J113
 143.787262 43.848896 0.010056 J114
 145.131439 43.661823 0.019098 J115
 144.774323 43.408688 0.019233 J116
 141.431183 43.404678 0.039721 J117
 145.114960 43.382526 0.018070 J118
 145.801132 43.366852 0.019423 J119
 140.597076 43.292583 0.062125 J120
 143.562424 43.289471 0.011167 J121
 144.325027 43.232933 0.020058 J122
 143.298019 43.231995 0.006943 J123
 144.126526 43.120609 0.018533 J124
 144.843018 43.057594 0.020294 J125
 140.499176 43.056828 0.073807 J126
 140.543945 42.985252 0.075666 J127
 141.290329 42.971378 0.058684 J128
 140.883347 42.857887 0.076149 J129
 140.603516 42.802719 0.085815 J130
 140.233200 42.786434 0.095271 J131
 141.863983 42.729443 0.056108 J132
 142.295807 42.727238 0.036424 J133
 143.103256 42.699268 0.014579 J134
 141.074951 42.667877 0.081566 J135
 141.602264 42.655529 0.067416 J136
 140.825684 42.646290 0.090051 J137
 143.461151 42.551647 0.016694 J138
 141.361481 42.549801 0.081902 J139
 140.354202 42.494362 0.113265 J140
 142.060226 42.481281 0.059927 J141
 142.567459 42.247726 0.037848 J142
 140.250488 42.243679 0.139836 J143
 142.935394 42.130936 0.030942 J144
 140.003952 42.130848 0.154772 J145
 140.568863 42.098606 0.152140 J146
 140.805542 42.042969 0.151097 J147
 140.315887 41.599026 0.211948 J149
 140.880508 41.455299 0.236799 J150
 140.635895 41.043221 0.337734 J151
 141.367966 40.968243 0.360599 J152
 141.197830 40.625069 0.549493 J153
 139.928116 40.577644 0.454938 J154
 140.578140 40.523655 0.570139 J155
 141.511276 40.515358 0.624832 J156
 141.076477 40.291077 0.805463 J157
 141.713135 40.405201 0.699059 J158
 141.293686 40.291149 0.829642 J159
 141.461945 40.048599 1.141385 J160
 141.225067 39.980576 1.178691 J161
 141.950546 39.869370 1.595982 J162
 141.164856 39.851246 1.357512 J163
 141.803848 39.849174 1.600762 J164
 140.964508 39.701092 1.464329 J165
 141.172104 39.596573 1.769256 J166
 141.955261 39.458160 2.885119 J167
 141.534164 39.338055 2.738724 J169
 141.798035 39.253517 3.544664 J170
 141.739853 39.023781 4.444234 J171
 141.572586 38.902859 4.355208 J172
 140.990585 38.815342 2.894871 J173
 140.801636 38.748936 2.546782 J174
 141.449371 38.682697 4.697177 J175
 141.147537 38.539482 3.889318 J176
 140.851364 38.411758 2.933425 J177
 140.642853 38.205742 2.537092 J178
 140.843994 38.029659 2.912668 J179
 140.442581 37.989929 2.062978 J180
 140.577347 40.325047 0.669914 J181
 140.263657 40.271156 0.640255 J182
 140.787338 40.215439 0.794444 J183
 140.048676 40.247295 0.607323 J184
 140.401993 40.006878 0.848098 J185
 140.132370 39.936054 0.788876 J186
 140.597046 39.749161 1.140791 J187
 140.234207 39.658310 1.025394 J188
 140.386627 39.549294 1.184277 J189
 140.559784 39.327003 1.516718 J190
 139.907715 39.206062 1.080251 J191
 140.161987 39.164211 1.312129 J192
 140.629593 39.051903 1.903058 J193
 139.547653 39.185562 0.851342 J194
 139.957367 38.759720 1.322924 J195
 139.831772 38.594036 1.243153 J196
 139.742249 38.146175 1.200708 J197
 140.093521 37.963608 1.538697 J198
 140.077576 38.197544 1.529598 J199
 140.466492 37.683308 1.945318 J200
 140.755081 37.560555 2.299902 J201
 140.072678 37.566948 1.342143 J202
 141.006607 37.533691 2.986951 J203
 139.528625 37.473461 0.891820 J204
 140.662109 37.325470 1.924325 J205
 139.364349 37.302799 0.764164 J206
 139.503769 37.281490 0.821157 J207
 139.871429 37.261070 1.060872 J209
 140.259933 37.126293 1.323937 J210
 140.561646 37.089294 1.625815 J211
 140.413269 36.862091 1.308534 J212
 140.293427 36.650566 1.032146 J213
 140.753906 36.800308 1.625782 J214
 140.077942 36.364914 0.747124 J215
 140.476334 36.344368 0.990497 J216
 140.039261 36.854233 0.993697 J217
 139.619247 36.665985 0.659820 J218
 139.923462 36.598946 0.754747 J219
 139.224899 36.769691 0.551514 J220
 138.552719 36.507996 0.337367 J221
 139.330383 36.421627 0.481114 J222
 139.075684 35.986893 0.297609 J223
 139.795990 35.895969 0.402259 J224
 140.048096 35.657207 0.257489 J225
 140.384903 35.243244 0.123323 J226
 139.974884 35.002792 0.071907 J227
 139.630646 35.663696 0.270088 J228
 139.162598 35.336208 0.146582 J229
 139.142410 35.268600 0.130683 J230
 139.253342 38.465393 0.843311 J231
 138.513092 38.319347 0.543577 J232
 138.471680 38.063278 0.529629 J233
 139.351471 37.929382 0.910637 J234
 138.273071 37.815903 0.461811 J235
 139.477890 37.685905 0.920544 J236
 138.780502 37.667522 0.593762 J237
 139.059113 37.662296 0.721696 J238
 138.998016 37.467720 0.655648 J239
 138.789978 37.311314 0.570229 J240
 138.333572 37.231121 0.424092 J241
 138.933716 37.166035 0.590636 J242
 138.100189 37.160789 0.361451 J243
 138.608719 37.079132 0.727475 J244
 137.873840 37.045174 0.306160 J245
 138.830841 36.993458 0.498193 J246
 138.198669 36.865402 0.332819 J247
 136.996124 36.740620 0.193445 J248
 137.195190 36.634335 0.195539 J249
 137.439896 36.578705 0.213753 J250
 136.920563 36.401878 0.163213 J251
 136.919266 37.850494 0.254258 J252
 137.270050 37.446026 0.269426 J253
 136.388947 36.394455 0.136013 J255
 136.633942 36.165291 0.131139 J256
 136.278946 36.145618 0.118199 J257
 136.504929 35.984909 0.114032 J258
 135.989761 35.945004 0.101411 J259
 136.197388 35.792782 0.099512 J260
 135.907639 35.534409 0.080302 J261
 135.608887 35.462715 0.074601 J262
 138.316391 35.855980 0.190070 J263
 138.695129 35.746876 0.203201 J264
 138.436172 36.801708 0.372984 J265
 137.872330 36.706470 0.270370 J266
 138.247467 36.665154 0.312523 J267
 138.322525 36.386177 0.275623 J268
 138.637802 36.346012 0.318911 J269
 137.902817 36.322372 0.225017 J270
 138.216492 36.208466 0.239964 J271
 138.460968 36.130638 0.255917 J272
 137.983017 36.121109 0.207291 J273
 137.696259 35.783619 0.142218 J274
 138.038315 35.556129 0.135655 J275
 137.815231 35.521091 0.124992 J276
 137.925278 35.317142 0.111268 J277
 137.587662 35.246998 0.099378 J278
 137.147171 36.335510 0.189522 J279
 136.952759 36.033047 0.132228 J280
 137.534866 35.973457 0.152502 J281
 136.863174 35.866940 0.116992 J282
 136.975296 35.757782 0.117052 J283
 137.424774 35.657188 0.122051 J284
 136.488770 35.636154 0.095384 J285
 136.611389 35.632896 0.099956 J286
 137.174149 35.612087 0.112218 J287
 136.687286 35.488323 0.092617 J288
 137.124695 35.478699 0.103741 J289
 136.549744 35.371708 0.084937 J291
 137.110229 35.367371 0.096698 J292
 137.405609 35.261967 0.096063 J293
 136.593445 35.227905 0.080513 J294
 137.980408 35.031517 0.086989 J295
 138.515671 34.986496 0.089330 J296
 138.922256 34.865589 0.071116 J297
 136.929977 35.334759 0.090646 J298
 136.828827 35.190105 0.083057 J299
 137.253555 35.138752 0.083051 J300
 137.313171 35.039463 0.078242 J301
 137.059784 34.994991 0.078242 J302
 137.299942 34.919746 0.077055 J303
 136.867645 34.823357 0.067818 J304
 137.119003 34.794872 0.069107 J305
 137.277832 34.648663 0.062695 J306
 137.068069 34.609238 0.056822 J307
 136.636505 34.913803 0.062868 J309
 136.183456 34.742874 0.055229 J310
 136.550659 34.547047 0.052274 J311
 136.334259 34.433140 0.048344 J312
 136.820618 34.253441 0.042361 J314
 136.085907 33.875137 0.034321 J315
 136.010895 33.741272 0.029655 J316
 136.197952 35.557331 0.085861 J317
 136.053665 35.466286 0.080576 J318
 135.913208 35.351254 0.077148 J319
 136.062820 35.318974 0.074514 J320
 136.235611 35.269440 0.075974 J321
 135.870804 35.137039 0.065718 J322
 136.145035 34.986385 0.065552 J323
 135.906158 34.939602 0.061246 J324
 136.054825 34.869328 0.059761 J326
 135.173218 35.752354 0.079186 J327
 134.932281 35.555683 0.067989 J328
 135.164032 35.292336 0.064534 J329
 135.366898 35.163788 0.064307 J331
 135.564514 35.077583 0.060270 J332
 135.665436 34.988571 0.062092 J333
 135.864151 34.746971 0.058774 J334
 135.685455 34.777840 0.052897 J335
 135.518494 34.677906 0.052419 J336
 135.481339 34.527309 0.047979 J337
 135.627335 34.479107 0.045584 J338
 135.586945 34.424809 0.046953 J339
 135.364151 34.406452 0.044764 J340
 134.582489 35.436749 0.063065 J341
 134.818497 35.314899 0.059198 J342
 135.181900 35.105286 0.059822 J343
 134.585953 35.094456 0.052368 J344
 134.972595 35.090786 0.058638 J345
 134.403778 34.997593 0.051523 J346
 134.767303 34.984684 0.053335 J347
 135.325989 34.976788 0.053335 J348
 135.176422 34.944794 0.056702 J349
 134.545242 34.897266 0.049160 J350
 135.215912 34.812187 0.052055 J351
 134.997238 34.804916 0.050149 J352
 135.341782 34.790905 0.052446 J353
 134.828781 34.786961 0.047962 J354
 135.380386 34.724251 0.050026 J355
 135.172287 34.686989 0.049107 J356
 134.519562 34.669880 0.046477 J357
 134.965698 34.669739 0.046261 J358
 135.024078 34.577053 0.044958 J359
 134.860977 34.493320 0.042469 J360
 134.881531 34.349770 0.042354 J361
 134.735184 34.334332 0.041737 J362
 134.736542 34.223671 0.038047 J363
 136.050385 34.567032 0.048865 J364
 135.731003 34.539223 0.049602 J365
 135.704178 34.388302 0.043827 J366
 135.963745 34.038166 0.034815 J367
 135.357956 34.256138 0.040341 J368
 135.065979 34.271461 0.040342 J369
 135.590118 34.221828 0.039138 J370
 135.384857 33.961674 0.035082 J371
 135.180084 33.913853 0.034208 J372
 135.782089 33.815201 0.032184 J373
 135.508392 33.785488 0.032699 J374
 135.396179 33.744274 0.032470 J375
 135.920715 33.583912 0.026993 J376
 135.599197 33.505619 0.025782 J377
 134.046677 35.456753 0.055774 J378
 133.439072 35.345535 0.047904 J379
 134.237366 35.265862 0.053376 J380
 133.308533 35.164574 0.046802 J381
 133.239883 36.285290 0.062804 J382
 132.984375 36.093208 0.055107 J383
 132.743210 35.392616 0.044513 J384
 132.995422 35.195614 0.048342 J385
 132.507324 35.185955 0.044741 J386
 132.720505 35.019772 0.043071 J387
 131.923141 34.767345 0.032155 J388
 133.792480 35.263538 0.051331 J389
 134.319641 35.099640 0.051556 J390
 134.234772 35.020882 0.050694 J391
 133.734497 35.002960 0.045038 J392
 133.960861 34.982544 0.045813 J393
 133.598083 34.809692 0.041846 J394
 133.929047 34.791386 0.044920 J395
 134.165756 34.657722 0.044453 J396
 133.796738 34.438568 0.036226 J397
 133.120224 34.943451 0.043897 J398
 132.277328 34.726898 0.037913 J399
 132.540237 34.678814 0.037735 J400
 133.107529 34.672451 0.040754 J401
 132.824005 34.571301 0.039364 J402
 132.463470 34.539158 0.031108 J403
 133.009796 34.378685 0.037145 J405
 131.416550 34.439861 0.031448 J407
 130.943146 34.294609 0.027757 J408
 131.562790 34.283737 0.028262 J409
 131.953293 34.259083 0.031999 J410
 131.346085 34.189491 0.027353 J411
 131.530823 34.057240 0.028291 J412
 131.286041 33.977715 0.027107 J413
 132.104446 33.975067 0.030674 J414
 134.351974 34.096989 0.037958 J415
 134.560135 34.059906 0.035749 J416
 134.049179 34.051498 0.035807 J417
 134.230225 34.038418 0.036536 J418
 133.681290 33.936672 0.032306 J419
 134.389099 33.878933 0.030388 J420
 134.058197 33.877514 0.031210 J421
 134.667801 33.830242 0.031432 J422
 134.533005 33.725090 0.029903 J423
 134.372025 33.618500 0.027980 J424
 134.314209 34.472374 0.039623 J425
 134.241974 34.254578 0.036564 J426
 133.715057 34.217396 0.033986 J427
 133.647522 34.068073 0.032084 J428
 133.925507 34.164169 0.034552 J429
 132.990234 34.077888 0.032708 J430
 133.538239 33.938660 0.031841 J431
 133.201309 33.921204 0.032600 J432
 132.911636 33.796497 0.030834 J433
 132.683975 33.722599 0.029504 J434
 132.937881 33.569225 0.027989 J435
 132.693405 33.446766 0.027984 J436
 132.561829 32.963905 0.023997 J437
 133.655777 33.766975 0.028751 J438
 133.805023 33.654152 0.028772 J439
 134.106903 33.603786 0.027714 J440
 134.280807 33.527760 0.026648 J441
 133.903641 33.505737 0.027370 J442
 133.280914 33.468403 0.026487 J443
 134.007126 33.427795 0.026231 J444
 133.402985 33.407703 0.024926 J445
 132.792694 33.171646 0.023209 J447
 132.999237 32.991234 0.022426 J448
 132.703720 32.840607 0.022766 J449
 130.250824 33.536140 0.021294 J450
 130.521957 33.500378 0.021833 J451
 130.828751 33.465462 0.023060 J452
 130.564651 33.205875 0.022502 J453
 130.268723 33.274853 0.021421 J454
 130.094162 33.098476 0.019160 J455
 129.482056 34.655552 0.025046 J456
 129.311508 34.268208 0.023040 J457
 129.734726 33.742657 0.021668 J458
 129.537018 33.362202 0.019137 J459
 129.690659 33.063103 0.017688 J460
 130.271332 32.870686 0.018472 J461
 128.843109 32.669384 0.015765 J462
 130.154602 32.636913 0.015775 J463
 130.547729 32.933495 0.019784 J464
 130.764801 32.842098 0.019248 J465
 131.099304 32.740650 0.019908 J466
 129.987305 32.326241 0.015224 J467
 130.506836 32.299156 0.017110 J468
 130.802628 32.238674 0.015147 J469
 131.564163 33.671192 0.025300 J470
 131.168930 33.496235 0.024386 J471
 131.347275 33.254044 0.024863 J472
 131.798065 33.239437 0.023662 J473
 131.286087 33.009029 0.021188 J474
 131.587845 32.986858 0.022318 J475
 131.756836 32.704018 0.018807 J476
 131.327621 32.684834 0.020251 J477
 131.148865 32.456642 0.016986 J478
 131.185226 32.245857 0.014132 J479
 131.515854 32.170433 0.014909 J480
 131.078568 31.965048 0.016668 J481
 131.021515 31.740314 0.013593 J482
 131.368866 31.676546 0.010658 J483
 131.217392 31.469376 0.011098 J484
 130.597809 32.057503 0.015652 J485
 130.759674 31.855528 0.008293 J486
 129.795441 31.768684 0.011944 J487
 130.278152 31.717379 0.012022 J488
 130.836060 31.617376 0.010096 J489
 130.640366 31.235224 0.011584 J490
 130.723053 31.106205 0.010694 J491
 130.964218 30.530867 0.008039 J492
 130.638382 30.381721 0.007012 J493
 129.489029 28.399088 0.000466 J494
 128.432327 27.032185 0.002425 J495
 127.898453 26.694811 0.003436 J496
 131.227798 25.831211 0.004521 J497
 125.373795 24.753119 0.002600 J498
 122.942841 24.454168 0.004471 J499
 123.792038 24.426273 0.005769 J500
 141.167099 45.137711 0.016823 J501
 142.964462 44.582043 0.003554 J502
 143.615677 44.219723 0.007029 J503
 143.076813 44.191944 0.004610 J504
 144.293304 43.988789 0.013617 J505
 142.577713 43.908405 0.014081 J506
 144.115250 43.828079 0.011878 J507
 142.409607 43.738522 0.014864 J508
 141.873840 43.740841 0.025845 J509
 142.903015 43.771412 0.007707 J510
 143.578156 43.670502 0.009356 J511
 145.258957 43.232105 0.019215 J512
 144.079620 43.438835 0.015376 J513
 142.395340 43.336266 0.019782 J514
 144.597656 43.307011 0.016971 J515
 141.890930 43.248409 0.035394 J516
 140.860611 43.209507 0.058708 J517
 142.809723 43.165527 0.011527 J518
 145.520493 43.195164 0.018631 J519
 141.540115 43.077587 0.051392 J520
 143.170563 42.938862 0.009844 J521
 141.577423 42.884430 0.052299 J522
 141.407089 42.773190 0.064918 J523
 140.767624 42.551380 0.099567 J525
 140.876373 42.473904 0.103012 J526
 139.446152 42.060505 0.167176 J527
 140.666870 42.123142 0.146124 J528
 140.715439 41.976688 0.162346 J529
 140.071228 41.803028 0.200701 J530
 144.719147 42.982571 0.024286 J531
 143.315689 42.125587 0.024176 J532
 141.447586 41.404705 0.217810 J533
 140.490768 41.185078 0.303172 J534
 140.821991 41.145546 0.310365 J535
 141.131805 40.862362 0.419210 J537
 140.589218 40.706276 0.469779 J538
 141.376205 40.676399 0.508723 J539
 140.478531 40.624344 0.498487 J540
 140.803345 40.643566 0.552554 J541
 140.451569 40.910175 0.379029 J542
 141.066330 39.953079 1.151389 J543
 140.769180 39.351299 1.721718 J544
 141.575485 39.143089 3.567589 J546
 141.675293 39.596127 2.219557 J547
 140.847870 38.546215 2.829538 J548
 141.212906 38.425056 4.219649 J549
 141.500687 38.301186 5.542273 J550
 139.848938 39.891136 0.700355 J551
 140.044724 39.825809 0.824804 J552
 140.732849 39.702682 1.276695 J553
 140.506699 39.199097 1.577331 J554
 139.927490 39.015972 1.196396 J555
 140.365158 38.496769 1.933246 J556
 140.271133 38.148098 1.781691 J557
 140.205658 37.615952 1.518462 J559
 140.372894 37.620731 1.755067 J560
 140.135880 37.424507 1.342934 J561
 139.586166 37.097248 0.816807 J563
 139.461685 38.056183 0.992398 J564
 138.369888 38.023685 0.502273 J565
 138.706940 37.535831 0.550426 J566
 138.516373 37.348541 0.475169 J567
 139.020248 37.319870 0.649362 J568
 138.242584 37.056683 0.374465 J569
 137.893875 36.950871 0.292650 J570
 139.073914 37.752064 0.724633 J571
 137.369522 36.736958 0.218305 J572
 137.031891 36.649563 0.186542 J573
 137.138550 37.306969 0.248392 J574
 136.718765 37.156746 0.202727 J575
 136.996063 37.123158 0.217334 J576
 136.755646 36.817478 0.177635 J577
 136.605331 36.370068 0.144183 J578
 136.184998 35.968887 0.106983 J579
 136.055984 35.836842 0.097445 J580
 140.497604 36.743027 1.287109 J581
 139.987762 36.300705 0.669707 J582
 139.931503 36.114815 0.541850 J583
 140.202438 36.031338 0.595325 J584
 140.164764 36.952305 1.144061 J585
 139.805740 36.979580 0.885003 J586
 139.854263 36.776371 0.819191 J587
 140.157684 36.692455 0.970603 J588
 139.490585 36.624172 0.598689 J589
 140.179306 36.542217 0.889987 J590
 138.591446 36.616318 0.370024 J591
 139.066635 36.234669 0.350396 J592
 138.912415 36.142754 0.307845 J593
 139.434021 34.761543 0.056240 J594
 139.358582 34.737614 0.052798 J595
 139.270935 34.519634 0.040671 J596
 139.210938 34.333122 0.022732 J597
 139.137573 34.239914 0.018526 J598
 139.478806 34.075783 0.016925 J600
 139.612854 33.884125 0.012888 J601
 139.764618 32.463501 0.020027 J602
 142.162766 26.635151 0.005986 J603
 138.690384 35.649517 0.186611 J606
 139.025772 35.511868 0.177501 J607
 137.984543 36.239029 0.223627 J608
 137.871750 36.228371 0.209823 J609
 138.499283 36.284714 0.287459 J610
 137.682632 36.084663 0.175347 J611
 138.214478 36.026161 0.207732 J612
 138.583023 35.974148 0.237246 J613
 137.598267 35.880001 0.148382 J614
 137.983887 35.726292 0.152643 J615
 137.676392 35.343735 0.108410 J616
 136.904266 36.261467 0.149232 J617
 137.363022 36.285645 0.173800 J618
 137.200668 35.911633 0.131615 J619
 138.776520 34.855034 0.071119 J620
 138.928360 35.204395 0.113984 J621
 138.098282 34.679924 0.065197 J622
 138.182968 34.677753 0.064078 J623
 138.046524 34.666409 0.063374 J624
 138.159042 34.634541 0.061211 J625
 138.906891 35.047241 0.094870 J626
 140.086304 36.103634 0.597008 J627
 138.939331 34.698906 0.056718 J628
 137.073563 35.239086 0.086539 J629
 136.965805 35.168423 0.078458 J630
 136.862747 34.984394 0.074695 J631
 136.831879 34.904385 0.069982 J632
 136.694244 35.050911 0.073946 J633
 136.393265 34.854900 0.060796 J634
 136.329758 34.648750 0.052542 J635
 136.628403 34.431442 0.052534 J636
 136.342926 34.208157 0.040300 J637
 136.264740 35.420357 0.083149 J638
 136.041199 35.085724 0.066636 J639
 135.034042 35.685078 0.074636 J640
 135.415833 35.482216 0.072510 J641
 135.549530 35.275860 0.067485 J642
 135.773300 35.053135 0.064985 J643
 135.772400 34.952641 0.060991 J644
 134.677383 35.621201 0.067790 J645
 134.728714 35.461262 0.064679 J646
 135.022034 35.237881 0.059849 J647
 134.771225 35.162743 0.055589 J648
 134.945038 34.936188 0.054589 J649
 135.528351 34.311840 0.043742 J650
 135.167740 34.025391 0.040972 J652
 135.496201 33.554413 0.026990 J653
 133.339691 35.436008 0.051669 J654
 134.325272 35.361443 0.057579 J655
 133.137894 35.563534 0.054885 J656
 132.457321 34.892658 0.039989 J657
 132.013565 34.571064 0.036724 J658
 131.864319 34.439720 0.033444 J659
 133.563995 35.169662 0.046978 J660
 133.396271 34.993362 0.047126 J662
 132.851578 34.811604 0.039207 J663
 133.337631 34.777790 0.044350 J664
 132.194656 34.370346 0.034078 J665
 132.455551 34.260921 0.032701 J666
 132.884384 34.210068 0.034711 J667
 131.152390 34.764347 0.031890 J668
 131.176163 34.342087 0.028548 J669
 131.065674 34.179771 0.028959 J670
 132.358337 33.909935 0.030377 J672
 134.605026 34.171810 0.036269 J673
 133.874985 34.039738 0.033352 J674
 134.301468 33.789532 0.030729 J675
 133.998672 34.445454 0.040495 J676
 133.780670 34.383400 0.037352 J677
 133.189102 34.252445 0.035580 J678
 132.781738 33.959473 0.030641 J679
 132.487259 33.611595 0.027238 J680
 132.543762 33.177589 0.023978 J681
 133.228470 33.326908 0.026112 J683
 133.128632 33.215431 0.025525 J684
 130.749557 33.745506 0.026769 J685
 131.016525 33.697403 0.026323 J686
 130.823883 33.640465 0.023213 J687
 130.701157 33.327225 0.022225 J688
 129.940094 33.196030 0.019576 J689
 129.690018 33.266121 0.018916 J690
 129.125504 33.255791 0.016591 J691
 129.026337 32.885628 0.015974 J692
 130.166428 32.795700 0.017996 J693
 130.335953 32.793015 0.017641 J694
 130.216660 32.712292 0.018752 J695
 130.352280 32.722572 0.017680 J696
 130.290710 32.660652 0.017534 J697
 128.619354 32.634274 0.014694 J698
 131.062897 33.121956 0.025309 J699
 130.748627 33.011292 0.022192 J700
 130.996216 32.870747 0.024143 J701
 130.794907 32.576725 0.019593 J702
 131.093430 32.950653 0.020413 J703
 131.132156 32.845001 0.024308 J704
 131.356644 33.537125 0.024875 J705
 131.588425 33.349854 0.023070 J706
 131.121140 33.270271 0.024556 J707
 131.579483 33.228428 0.022365 J709
 130.915741 33.190575 0.022552 J710
 131.530670 32.557049 0.017726 J711
 131.334015 32.384399 0.015489 J712
 131.486023 32.069107 0.013347 J713
 130.865631 32.047718 0.010996 J714
 131.306305 31.842098 0.013214 J715
 131.305862 31.399105 0.010564 J716
 130.179657 32.197075 0.015684 J717
 130.439651 31.908840 0.014163 J718
 130.651886 31.624098 0.015364 J719
 130.708542 31.591841 0.013737 J720
 130.637360 31.552221 0.014477 J721
 130.699402 31.496153 0.013179 J722
 130.274979 30.784655 0.009526 J723
 131.028595 30.753325 0.007892 J724
 130.198242 30.461390 0.007918 J725
 130.903229 30.398676 0.007870 J726
 130.424377 30.395756 0.008326 J727
 130.554550 30.236353 0.006563 J728
 129.705750 29.615330 0.006048 J729
 129.693573 28.487219 0.004033 J730
 130.028961 28.371132 0.005387 J731
 129.921677 28.293980 0.004448 J732
 129.320450 28.137583 0.004172 J733
 128.894470 27.816637 0.004201 J734
 128.650726 27.401239 0.003380 J735
 127.945053 26.944489 0.002057 J736
 128.248367 26.859344 0.004655 J737
 128.144028 26.708273 0.002308 J738
 127.231628 26.582876 0.001812 J739
 127.972397 26.482731 0.003231 J740
 127.832733 26.446926 0.003102 J741
 127.143646 26.372936 0.002812 J742
 126.739151 26.347830 0.003627 J743
 127.345245 26.178795 0.004036 J744
 127.826187 26.168608 0.002888 J745
 131.290680 25.953726 0.000535 J746
 125.170975 24.827959 0.003405 J747
 124.692444 24.641615 0.002464 J748
 124.301285 24.536625 0.003525 J749
 124.172653 24.338877 0.004213 J750
 123.795853 24.061501 0.007807 J751
 139.056732 36.539257 0.447095 J752
 139.269333 36.003735 0.329286 J753
 139.182205 35.884048 0.280468 J754
 139.365967 35.800800 0.286845 J755
 140.249161 35.288383 0.136018 J756
 139.369904 35.616428 0.226260 J758
 139.613846 35.160866 0.108743 J759
 135.789841 34.882030 0.058577 J760
 135.618820 34.621052 0.051736 J761
 134.659668 34.864120 0.050191 J762
 135.706024 34.698334 0.054222 J763
 135.819870 34.574001 0.048712 J764
 134.175797 34.809566 0.046048 J765
 133.757019 34.579147 0.038384 J766
 133.288116 34.450439 0.038945 J767
 132.820221 34.334873 0.035619 J768
 132.219131 34.191181 0.033099 J769
 129.954849 33.372181 0.020109 J770
 130.444519 33.346489 0.022458 J771
 129.989685 32.945587 0.019739 J772
 130.430450 32.581673 0.014596 J773
 130.085190 32.524532 0.015503 J774
 130.323639 32.426273 0.017290 J775
 130.469452 31.675102 0.013128 J776
 130.135757 31.415892 0.012765 J777
 141.598236 45.219769 0.013232 J778
 142.351837 45.126774 0.008402 J779
 142.717911 44.780170 0.006848 J780
 141.793915 44.639927 0.015353 J781
 142.264526 44.365128 0.012127 J782
 141.664597 44.148754 0.023603 J783
 144.506409 43.722778 0.016143 J784
 141.370590 43.624329 0.035268 J785
 142.643066 43.431633 0.012529 J787
 143.901993 43.101692 0.016938 J788
 142.870056 43.013653 0.012942 J789
 142.084595 42.933773 0.039091 J790
 143.494965 42.806507 0.013909 J791
 141.081055 42.420547 0.103288 J792
 143.151978 42.486412 0.017890 J793
 140.371231 41.934853 0.178123 J794
 141.452591 39.849018 1.464953 J795
 140.988449 39.127007 2.355933 J796
 140.645630 37.984406 2.437747 J797
 140.822906 40.044975 1.021572 J798
 140.094635 38.434341 1.539859 J799
 140.841644 37.018448 1.853703 J800
 139.402237 37.036934 0.705825 J801
 138.944824 36.778061 0.476028 J802
 140.199921 38.288982 1.689752 J803
 139.521927 35.419270 0.176599 J804
 139.226044 37.828159 0.787710 J805
 138.880447 37.776989 0.626409 J806
 138.779541 37.498657 0.570585 J807
 138.456818 35.673695 0.171940 J809
 138.920273 37.589737 0.644059 J810
 137.528778 35.575092 0.118849 J811
 136.470306 35.359730 0.085435 J812
 138.973862 35.114166 0.100591 J813
 138.876465 34.719475 0.062996 J814
 138.609970 35.117153 0.105048 J815
 138.209976 35.066975 0.093672 J817
 138.081680 35.044884 0.091686 J818
 137.946808 34.902050 0.078080 J819
 138.176743 34.849415 0.075032 J820
 137.680771 34.752041 0.067202 J821
 136.788818 35.300838 0.086739 J822
 134.588211 35.283344 0.062174 J823
 136.096985 34.179951 0.038525 J824
 135.735184 33.969482 0.034640 J825
 135.708786 33.637173 0.030101 J826
 134.393433 34.217796 0.036083 J827
 132.046097 33.367970 0.023190 J828
 132.475342 33.384373 0.025518 J829
 133.362640 33.704285 0.029846 J830
 130.464996 33.097355 0.020552 J831
 129.720718 32.839611 0.017268 J832
 131.206802 33.127842 0.023851 J833
 130.360657 32.098434 0.015016 J834
 130.238968 31.906164 0.013862 J835
 130.408005 31.796021 0.014819 J836
 130.599594 31.824060 0.014776 J837
 138.762787 34.690254 0.060654 J838
 138.331223 34.836166 0.075901 J840
 139.069901 34.949757 0.078849 J841
 138.249893 34.954346 0.081176 J842
 134.049545 35.174889 0.049160 J843
 140.810532 40.834408 0.433031 J844
 140.324387 37.361824 1.522130 J845
 133.461807 33.818356 0.028363 J846
 137.868759 35.160450 0.093895 J847
 141.955246 45.514114 0.010046 J848
 141.881790 45.230106 0.010601 J849
 142.292252 44.990505 0.007614 J850
 142.021774 44.916065 0.010152 J851
 142.038712 44.743240 0.014807 J852
 142.571167 44.546501 0.006845 J853
 142.935837 44.332294 0.004566 J854
 141.872177 44.317665 0.017790 J855
 143.364594 44.260853 0.005742 J856
 142.400894 44.165474 0.011960 J857
 142.601242 44.114449 0.008389 J858
 144.993500 44.065033 0.015754 J859
 141.860748 44.052105 0.021989 J860
 143.534149 43.909927 0.008251 J861
 142.236542 43.889290 0.017429 J862
 143.176697 43.878723 0.005590 J863
 145.056870 43.794029 0.015049 J864
 142.132309 43.725658 0.020689 J865
 143.381088 43.710323 0.007968 J866
 142.794403 43.646908 0.011191 J867
 143.991730 43.644562 0.013435 J868
 145.220367 43.555996 0.017214 J869
 144.719040 43.545929 0.018536 J870
 142.187607 43.521576 0.021837 J871
 141.616776 43.504215 0.033689 J872
 143.753860 43.473579 0.012485 J873
 143.187042 43.366470 0.006532 J874
 140.378281 43.320705 0.063906 J875
 141.345963 43.240528 0.048802 J876
 141.652023 43.220894 0.040005 J877
 144.970734 43.218189 0.021444 J878
 143.027756 43.171329 0.008200 J879
 142.567032 43.165047 0.015794 J880
 144.496490 43.149391 0.021369 J881
 141.203293 43.140396 0.056524 J882
 143.597702 43.123894 0.012377 J883
 140.811111 43.082596 0.066183 J884
 142.532257 42.890633 0.022889 J885
 143.655533 42.800343 0.016532 J886
 142.953690 42.803341 0.013653 J887
 140.011780 42.685337 0.106065 J888
 143.312790 42.673962 0.015575 J889
 142.395920 42.554260 0.037856 J890
 142.767944 42.277233 0.031399 J891
 140.929337 41.740593 0.190240 J892
 140.535019 41.711327 0.204269 J893
 141.094467 41.466160 0.227808 J894
 140.983810 41.199665 0.293854 J895
 141.385696 41.160934 0.291673 J896
 140.293533 41.121723 0.319570 J897
 140.011002 40.730633 0.413633 J898
 141.106018 40.579983 0.588064 J899
 141.332001 40.508759 0.640115 J901
 140.941589 40.447632 0.664559 J902
 141.484863 40.271042 0.859794 J903
 141.046463 40.106747 0.968465 J904
 141.662186 39.970955 1.314164 J905
 141.970230 39.738960 1.953273 J906
 141.426132 39.639370 1.910661 J907
 140.836319 39.554455 1.527996 J908
 141.292999 39.464695 2.128536 J909
 141.311676 39.235374 2.696496 J910
 141.400848 39.012108 3.506736 J911
 141.148529 38.995464 2.913562 J912
 140.833191 38.934029 2.385258 J913
 141.317856 38.743221 4.024842 J914
 141.004333 38.686134 3.149647 J915
 141.160721 38.660629 3.748780 J916
 140.727722 38.571812 2.512469 J917
 141.304398 38.509842 4.482280 J918
 140.943695 38.177120 3.333317 J919
 140.727661 37.824600 2.507319 J920
 140.027573 40.339397 0.555909 J921
 140.408157 40.183315 0.724958 J922
 140.005493 40.099701 0.671875 J923
 140.535858 39.921391 0.953834 J924
 140.053925 39.527565 1.017004 J925
 140.596085 39.508137 1.356646 J926
 140.278931 39.296745 1.293621 J927
 140.715057 39.146202 1.910631 J928
 140.447327 39.054379 1.631204 J929
 140.183472 38.938103 1.462140 J930
 140.497253 38.752155 1.975326 J931
 139.674530 38.701168 1.097797 J932
 140.220505 38.628414 1.665233 J933
 140.393875 38.170441 2.021237 J934
 139.879410 37.920586 1.277281 J935
 140.446793 37.833496 1.964836 J936
 139.972656 37.669289 1.299889 J937
 140.571655 37.591091 2.028133 J938
 139.835526 37.461288 1.108921 J939
 140.464035 37.444870 1.715786 J940
 139.686340 37.326210 0.963960 J941
 140.212738 37.293041 1.363959 J942
 140.450974 37.210564 1.578283 J943
 140.716003 37.183090 1.865531 J944
 140.376266 37.023582 1.372714 J945
 140.690155 36.932621 1.646109 J946
 140.385696 36.475849 0.997754 J947
 140.035416 37.124699 1.107853 J948
 139.505310 36.872246 0.731138 J949
 139.752792 36.537632 0.658491 J950
 139.902512 36.456581 0.692944 J951
 139.060852 36.837357 0.521313 J952
 138.847885 36.591377 0.405372 J954
 139.016708 36.395348 0.391140 J955
 139.254639 36.267693 0.412401 J956
 138.702988 36.200268 0.291990 J957
 138.926056 35.929928 0.264831 J958
 139.968475 35.143803 0.102841 J959
 139.366058 35.391487 0.162849 J960
 139.111450 37.540340 0.729134 J961
 138.634598 37.212112 0.489356 J962
 139.247101 37.157616 0.681828 J963
 138.457352 37.107086 0.471903 J964
 140.296494 36.778957 1.124586 J965
 137.026428 36.919510 0.205626 J966
 137.551331 36.864346 0.253538 J967
 137.154480 36.757950 0.202782 J968
 136.806396 36.592091 0.165553 J969
 137.239227 36.472801 0.182710 J970
 137.033936 37.432259 0.245117 J971
 136.908768 37.226437 0.219548 J972
 136.540680 36.537266 0.152078 J973
 136.361649 36.229565 0.133084 J974
 136.048950 36.109734 0.108833 J975
 136.657745 35.901413 0.116299 J976
 136.339584 35.888218 0.104400 J977
 135.755646 35.486572 0.079310 J978
 138.444214 35.904934 0.208841 J979
 138.949997 35.753872 0.225085 J980
 138.606873 35.467693 0.152620 J981
 138.624252 36.856686 0.396566 J982
 138.096725 36.706646 0.294932 J983
 138.120941 36.523605 0.275494 J984
 138.366043 36.260986 0.262211 J985
 137.785431 35.944603 0.164269 J986
 138.095703 35.878418 0.175483 J987
 137.450882 35.815552 0.136155 J988
 137.620163 35.661228 0.130078 J989
 137.080521 36.140263 0.145618 J990
 136.784622 35.723488 0.109113 J991
 137.309097 35.523129 0.109199 J992
 136.545288 35.480061 0.092157 J993
 137.252319 35.300552 0.098151 J994
 137.575333 35.100021 0.089808 J995
 137.152390 34.917339 0.074323 J996
 137.338776 34.785915 0.069492 J997
 136.938477 34.740051 0.065515 J998
 136.474457 34.420326 0.049868 J999
 126.900002 34.674999 0.001701 JAHG
 126.461998 33.287998 0.001167 JEJU
 128.399002 38.551998 0.003033 JEOJ
 128.050003 35.173000 0.001983 JINJ
 117.529999 40.080002 0.008857 JIXN
 128.110001 42.410000 0.027450 JLCB
 129.500000 42.869999 0.031363 JLYJ
 119.419998 31.350000 0.005252 JSLS
 119.470001 34.720001 0.008587 JSLY
 120.889999 31.950001 0.005853 JSNT
 120.019997 33.380001 0.007352 JSYC
 129.429001 37.057999 0.003200 JUKB
 128.834000 37.897999 0.003270 JUMN
 126.973999 35.623001 0.001891 JUNG
 127.135002 35.842999 0.001928 JUNJ
 116.239998 29.730000 0.002921 JXHK
 115.059998 26.750000 0.003544 JXJA
 128.867996 37.771000 0.003312 KANR
 139.488007 35.709999 0.262265 KGNI
 135.046005 48.521000 0.008588 KHAJ
 130.878571 31.425312 0.013024 KNYA
 127.518997 34.453999 0.001570 KOHG
 140.658005 35.955002 0.735304 KSMV
 102.796997 25.030001 0.001934 KUNM
 128.574005 36.233002 0.002795 KUNW
 126.910004 35.178001 0.001957 KWNJ
 124.330002 40.029999 0.017106 LNDD
 121.739998 39.090000 0.012532 LNJZ
 123.580002 41.830002 0.016404 LNSY
 122.599998 40.680000 0.014215 LNYK
 105.410004 28.870001 0.001342 LUZH
 150.810379 59.577644 0.001434 MAGJ
 126.268997 33.117001 0.001048 MARA
 153.979996 24.290001 0.009575 MCIL
 141.132996 39.134998 1.449018 MIZU
 126.380997 34.817001 0.001544 MKPO
 126.315002 35.858002 0.001751 MLDO
 128.744003 35.491001 0.002382 MLYN
 127.583000 35.903000 0.002093 MOOJ
 139.559998 35.680000 0.249867 MTKA
 127.661003 36.002998 0.002146 MUJU
 127.396004 35.423000 0.001942 NAMW
 100.713654 14.043016 0.001356 NIMT
 122.629997 43.299999 0.012755 NMAG
 120.110001 43.860001 0.010315 NMAL
 105.669998 38.810001 0.002435 NMAZ
 116.959999 45.509998 0.007687 NMDW
 111.940002 43.630001 0.005148 NMEL
 123.730003 50.580002 0.005845 NMER
 111.250000 40.259998 0.004600 NMTK
 106.839996 39.660000 0.002563 NMWH
 108.070000 41.299999 0.002470 NMWJ
 122.029999 46.040001 0.009856 NMWL
 107.059998 41.080002 0.002816 NMWT
 115.980003 42.230000 0.007827 NMZL
 127.098999 36.186001 0.002073 NONS
 105.650002 36.549999 0.002102 NXHY
 106.269997 38.490002 0.001921 NXYC
 105.239998 37.590000 0.002159 NXZW
 127.768921 26.144817 0.004191 OKN1
 126.737999 37.745998 0.002222 PAJU
 158.649994 53.020000 0.001373 PETS
 121.080002 14.640000 0.001581 PIMO
 128.488007 37.349998 0.003012 PYCH
 109.849998 19.030001 0.001649 QION
 130.878571 31.425308 0.011366 S004
 141.844818 43.528645 0.031562 S005
 142.195023 27.067532 0.004364 S007
 139.081970 35.006851 0.087051 S106
 139.101685 34.971863 0.079101 S107
 140.087189 36.106113 0.599662 S110
 128.457001 36.933998 0.002843 SBAO
 106.739998 31.840000 0.001487 SCBZ
 105.849998 32.439999 0.002119 SCGY
 105.879997 30.980000 0.001616 SCNC
 105.559998 30.510000 0.002915 SCSN
 119.459999 36.750000 0.009768 SDCY
 116.349998 35.430000 0.006401 SDJX
 118.290001 35.000000 0.007524 SDLY
 120.300003 36.080002 0.010062 SDQD
 122.419998 37.169998 0.013309 SDRC
 121.440002 37.480000 0.012679 SDYT
 117.989998 36.810001 0.008455 SDZB
 128.738007 34.787998 0.001921 SEOI
 126.494003 36.776001 0.001983 SEOS
 121.199997 31.100000 0.004498 SHAO
 128.565002 38.250999 0.003310 SKCH
 126.917999 37.493999 0.002353 SKMA
 135.936951 33.577854 0.031235 SMST
 108.769997 32.790001 0.002700 SNAK
 110.080002 34.480000 0.003220 SNHY
 128.143997 36.379002 0.002373 SNJU
 106.690002 33.130001 0.000985 SNMX
 107.320000 34.060001 0.001655 SNTB
 108.389999 35.169998 0.002000 SNXY
 109.459999 36.619999 0.004701 SNYA
 124.728996 37.759998 0.001664 SOCH
 125.098999 34.095001 0.001172 SOHE
 127.486000 34.957001 0.001773 SONC
 127.801003 34.411999 0.001543 SORI
 127.080002 37.630001 0.002341 SOUL
 141.845001 43.528999 0.017478 STK2
 130.910004 44.430000 0.027300 SUIY
 127.054001 37.276001 0.019188 SUWN
 113.180000 36.220001 0.004243 SXCZ
 113.389999 40.119999 0.005483 SXDT
 111.900002 36.250000 0.004251 SXGX
 111.599998 38.799999 0.003912 SXKL
 111.371002 36.084000 0.004123 SXLF
 114.019997 39.380001 0.005439 SXLQ
 112.430000 37.709999 0.005469 SXTY
 111.230003 35.110001 0.003002 SXXX
 112.889999 37.630001 0.005301 SXYC
 128.975998 37.160999 0.003099 TABK
 117.120003 36.209999 0.009101 TAIN
 120.989998 24.799999 0.001305 TCMS
 128.802002 35.905998 0.002515 TEGN
 117.400002 39.700001 0.008218 TJBD
 117.690002 39.080002 0.008503 TJBH
 117.099998 39.380001 0.008853 TJWQ
 120.989998 24.799999 0.001683 TNML
 140.089996 36.110001 0.576557 TSK2
 140.087006 36.105999 0.499319 TSKB
 121.160004 24.950001 0.001548 TWTF
 107.050003 47.869999 0.002755 ULAB
 130.798004 37.518002 0.004664 ULLE
 138.362000 36.132999 0.201867 USUD
 127.946999 37.337002 0.002610 WNJU
 129.416000 35.504002 0.002644 WOLS
 114.357002 30.532000 0.003340 WUHN
 129.412994 36.992001 0.003253 WULJ
 108.989998 34.180000 0.002246 XIAA
 118.080002 24.450001 0.001373 XIAM
 101.774002 36.601002 0.001000 XNIN
 107.440002 37.779999 0.002707 YANC
 127.505997 37.453999 0.002703 YANP
 128.445999 36.651001 0.002542 YECH
 129.070999 35.062000 0.002308 YNDO
 112.339996 16.830000 0.007912 YONG
 126.515999 35.278999 0.001531 YONK
 128.462006 37.182999 0.002852 YOWL
 142.720001 47.029999 0.002138 YSSK
 136.503754 35.104763 0.074528 Z101
 138.185791 35.322075 0.117970 Z102
 137.423126 34.967480 0.079540 Z103
 136.981750 34.543915 0.056761 Z104
 136.802002 34.373581 0.047725 Z105
 136.388489 34.297928 0.044345 Z106
 136.139969 33.932949 0.036457 Z107
 135.743454 34.155849 0.036693 Z108
 135.290344 34.090851 0.036720 Z109
 135.399124 33.854500 0.031752 Z110
 135.871094 33.799084 0.032388 Z111
 135.406006 33.647251 0.029834 Z112
 135.834137 33.520081 0.024362 Z113
 134.510025 33.932796 0.032102 Z114
 133.796951 33.838840 0.029215 Z115
 134.484558 33.821980 0.030654 Z116
 132.564697 33.510353 0.032003 Z117
 132.360382 33.202183 0.025364 Z118
 133.431702 33.545727 0.027103 Z119
 133.699844 33.542534 0.026671 Z120
 134.056198 33.367382 0.025133 Z121
 132.974030 33.312130 0.028608 Z123
 132.822083 33.060120 0.023756 Z124
 113.099998 34.520000 0.004169 ZHNZ
 119.269997 29.469999 0.004179 ZJJD
 120.760002 27.930000 0.003260 ZJWZ
 121.989998 30.070000 0.004319 ZJZS
