81.836479 11.993977 0.000035
83.672913 11.987956 0.000037
85.509300 11.981938 0.000038
87.345657 11.975924 0.000039
89.181969 11.969913 0.000041
91.018242 11.963904 0.000042
92.854477 11.957899 0.000043
94.690666 11.951898 0.000045
96.526817 11.945898 0.000046
98.362923 11.939902 0.000047
100.198997 11.933909 0.000049
102.035027 11.927920 0.000050
103.871017 11.921934 0.000051
105.706963 11.915951 0.000052
107.542870 11.909970 0.000053
109.378738 11.903993 0.000054
111.214569 11.898019 0.000055
113.050362 11.892048 0.000055
114.886108 11.886080 0.000055
116.721817 11.880115 0.000056
118.557487 11.874153 0.000055
120.393112 11.868194 0.000055
122.228706 11.862238 0.000053
124.064255 11.856286 0.000052
125.899765 11.850336 0.000050
127.735229 11.844390 0.000047
129.570663 11.838447 0.000043
131.406052 11.832506 0.000039
133.241409 11.826569 0.000035
135.076721 11.820635 0.000032
136.911987 11.814703 0.000031
138.747223 11.808775 0.000032
140.582413 11.802850 0.000038
142.417572 11.796928 0.000046
144.252686 11.791009 0.000057
146.087753 11.785093 0.000068
147.922791 11.779181 0.000080
149.757782 11.773271 0.000092
151.592743 11.767365 0.000104
153.427658 11.761460 0.000116
155.262543 11.755560 0.000127
157.097382 11.749662 0.000138
158.932175 11.743768 0.000147
160.766937 11.737876 0.000156
162.601669 11.731988 0.000163
164.436356 11.726102 0.000170
166.270996 11.720220 0.000176
168.105606 11.714340 0.000181
169.940170 11.708464 0.000186
171.774704 11.702591 0.000190
173.609192 11.696720 0.000193
175.443634 11.690853 0.000196
177.278061 11.684989 0.000198
179.112427 11.679128 0.000200
180.946762 11.673269 0.000201
182.781067 11.667414 0.000202
184.615326 11.661562 0.000202
186.449539 11.655713 0.000203
188.283722 11.649866 0.000203
190.117874 11.644024 0.000202
191.951965 11.638184 0.000202
193.786041 11.632346 0.000201
195.620071 11.626513 0.000200
197.454056 11.620681 0.000199
199.288010 11.614853 0.000198
201.121933 11.609028 0.000197
81.849709 13.800868 0.000034
83.699356 13.793908 0.000035
85.548950 13.786952 0.000036
87.398491 13.780000 0.000038
89.247978 13.773050 0.000039
91.097412 13.766105 0.000040
92.946793 13.759163 0.000042
94.796112 13.752225 0.000043
96.645386 13.745291 0.000045
98.494598 13.738359 0.000046
100.343758 13.731432 0.000047
102.192863 13.724508 0.000049
104.041916 13.717588 0.000050
105.890915 13.710672 0.000051
107.739853 13.703759 0.000052
109.588745 13.696851 0.000053
111.437584 13.689945 0.000054
113.286362 13.683043 0.000055
115.135086 13.676145 0.000055
116.983765 13.669250 0.000056
118.832382 13.662359 0.000055
120.680946 13.655472 0.000055
122.529465 13.648587 0.000054
124.377922 13.641707 0.000053
126.226326 13.634830 0.000050
128.074677 13.627957 0.000047
129.922974 13.621088 0.000044
131.771225 13.614222 0.000040
133.619415 13.607360 0.000035
135.467560 13.600501 0.000031
137.315643 13.593646 0.000030
139.163681 13.586794 0.000032
141.011658 13.579947 0.000038
142.859573 13.573102 0.000049
144.707458 13.566261 0.000061
146.555267 13.559423 0.000075
148.403046 13.552590 0.000088
150.250763 13.545760 0.000100
152.098419 13.538934 0.000112
153.946030 13.532110 0.000124
155.793594 13.525291 0.000135
157.641098 13.518476 0.000145
159.488541 13.511662 0.000154
161.335938 13.504854 0.000163
163.183289 13.498049 0.000170
165.030594 13.491247 0.000176
166.877838 13.484449 0.000182
168.725021 13.477654 0.000187
170.572159 13.470864 0.000190
172.419250 13.464076 0.000194
174.266281 13.457293 0.000196
176.113266 13.450512 0.000198
177.960190 13.443735 0.000200
179.807068 13.436962 0.000201
181.653900 13.430193 0.000202
183.500671 13.423427 0.000202
185.347397 13.416664 0.000203
187.194077 13.409904 0.000202
189.040695 13.403149 0.000202
190.887253 13.396397 0.000202
192.733780 13.389648 0.000201
194.580246 13.382903 0.000200
196.426651 13.376162 0.000199
198.273026 13.369424 0.000197
200.119339 13.362689 0.000196
81.864983 15.607481 0.000032
83.729897 15.599567 0.000033
85.594742 15.591659 0.000035
87.459511 15.583754 0.000036
89.324211 15.575852 0.000037
91.188835 15.567956 0.000039
93.053398 15.560064 0.000040
94.917885 15.552176 0.000042
96.782295 15.544291 0.000043
98.646645 15.536412 0.000044
100.510918 15.528537 0.000046
102.375114 15.520665 0.000047
104.239250 15.512798 0.000048
106.103310 15.504935 0.000050
107.967300 15.497076 0.000051
109.831223 15.489222 0.000052
111.695068 15.481371 0.000053
113.558853 15.473525 0.000054
115.422562 15.465683 0.000055
117.286201 15.457845 0.000055
119.149773 15.450011 0.000056
121.013268 15.442182 0.000055
122.876701 15.434356 0.000055
124.740059 15.426535 0.000053
126.603348 15.418717 0.000051
128.466568 15.410905 0.000048
130.329727 15.403096 0.000044
132.192810 15.395291 0.000040
134.055817 15.387490 0.000035
135.918762 15.379694 0.000029
137.781631 15.371902 0.000025
139.644440 15.364114 0.000027
141.507172 15.356330 0.000036
143.369843 15.348550 0.000050
145.232437 15.340775 0.000067
147.094971 15.333002 0.000083
148.957428 15.325235 0.000099
150.819809 15.317472 0.000112
152.682129 15.309712 0.000124
154.544388 15.301957 0.000134
156.406570 15.294207 0.000144
158.268692 15.286459 0.000154
160.130737 15.278717 0.000162
161.992722 15.270978 0.000170
163.854630 15.263244 0.000177
165.716476 15.255513 0.000183
167.578247 15.247787 0.000187
169.439957 15.240065 0.000191
171.301605 15.232346 0.000195
173.163162 15.224632 0.000197
175.024673 15.216922 0.000199
176.886108 15.209216 0.000201
178.747482 15.201514 0.000202
180.608780 15.193816 0.000202
182.470016 15.186123 0.000203
184.331177 15.178433 0.000203
186.192276 15.170748 0.000202
188.053314 15.163066 0.000202
189.914276 15.155389 0.000201
191.775177 15.147716 0.000200
193.636002 15.140046 0.000199
195.496765 15.132381 0.000198
197.357468 15.124720 0.000196
199.218094 15.117063 0.000195
201.078659 15.109410 0.000193
81.882393 17.413780 0.000030
83.764694 17.404898 0.000031
85.646912 17.396019 0.000033
87.529030 17.387146 0.000034
89.411064 17.378277 0.000036
91.292999 17.369413 0.000037
93.174850 17.360556 0.000038
95.056610 17.351702 0.000040
96.938278 17.342852 0.000041
98.819855 17.334007 0.000043
100.701347 17.325167 0.000044
102.582748 17.316332 0.000046
104.464058 17.307503 0.000047
106.345276 17.298677 0.000048
108.226402 17.289856 0.000050
110.107445 17.281040 0.000051
111.988396 17.272230 0.000052
113.869255 17.263424 0.000054
115.750031 17.254622 0.000054
117.630707 17.245825 0.000055
119.511307 17.237034 0.000056
121.391808 17.228247 0.000056
123.272224 17.219463 0.000055
125.152550 17.210686 0.000053
127.032791 17.201914 0.000051
128.912949 17.193144 0.000049
130.792999 17.184381 0.000046
132.672974 17.175623 0.000043
134.552856 17.166868 0.000037
136.432663 17.158119 0.000029
138.312363 17.149374 0.000020
140.191986 17.140635 0.000018
142.071518 17.131899 0.000032
143.950974 17.123169 0.000052
145.830322 17.114443 0.000075
147.709595 17.105722 0.000097
149.588776 17.097006 0.000116
151.467865 17.088295 0.000131
153.346878 17.079588 0.000141
155.225800 17.070887 0.000149
157.104630 17.062189 0.000156
158.983383 17.053495 0.000163
160.862045 17.044807 0.000171
162.740616 17.036123 0.000178
164.619095 17.027445 0.000184
166.497498 17.018772 0.000188
168.375809 17.010101 0.000192
170.254044 17.001438 0.000196
172.132187 16.992777 0.000198
174.010239 16.984121 0.000200
175.888214 16.975471 0.000201
177.766098 16.966825 0.000202
179.643890 16.958183 0.000202
181.521591 16.949547 0.000203
183.399231 16.940916 0.000202
185.276764 16.932287 0.000202
187.154221 16.923666 0.000201
189.031586 16.915047 0.000200
190.908875 16.906433 0.000199
192.786072 16.897825 0.000198
194.663177 16.889221 0.000196
196.540207 16.880621 0.000195
198.417160 16.872026 0.000193
200.294006 16.863436 0.000191
81.902031 19.219734 0.000028
83.803940 19.209864 0.000029
85.705742 19.199997 0.000031
87.607430 19.190138 0.000032
89.509003 19.180283 0.000034
91.410469 19.170433 0.000035
93.311813 19.160589 0.000036
95.213051 19.150751 0.000038
97.114174 19.140919 0.000039
99.015182 19.131092 0.000041
100.916084 19.121269 0.000042
102.816864 19.111452 0.000044
104.717545 19.101641 0.000045
106.618103 19.091835 0.000047
108.518555 19.082035 0.000049
110.418892 19.072241 0.000050
112.319115 19.062450 0.000051
114.219231 19.052668 0.000053
116.119240 19.042889 0.000054
118.019127 19.033115 0.000055
119.918907 19.023348 0.000055
121.818581 19.013584 0.000055
123.718140 19.003828 0.000054
125.617592 18.994076 0.000053
127.516930 18.984329 0.000053
129.416153 18.974588 0.000053
131.315277 18.964853 0.000053
133.214279 18.955122 0.000050
135.113174 18.945398 0.000044
137.011963 18.935678 0.000035
138.910645 18.925964 0.000021
140.809219 18.916254 0.000007
142.707672 18.906551 0.000025
144.606018 18.896852 0.000055
146.504257 18.887161 0.000087
148.402390 18.877474 0.000118
150.300415 18.867790 0.000143
152.198318 18.858114 0.000161
154.096130 18.848442 0.000169
155.993820 18.838776 0.000171
157.891418 18.829115 0.000173
159.788895 18.819460 0.000174
161.686264 18.809811 0.000180
163.583527 18.800165 0.000185
165.480682 18.790525 0.000190
167.377716 18.780891 0.000194
169.274658 18.771261 0.000197
171.171494 18.761639 0.000199
173.068222 18.752020 0.000201
174.964828 18.742407 0.000202
176.861343 18.732800 0.000202
178.757736 18.723196 0.000202
180.654037 18.713598 0.000202
182.550217 18.704006 0.000202
184.446304 18.694420 0.000201
186.342285 18.684839 0.000200
188.238144 18.675262 0.000199
190.133911 18.665691 0.000198
192.029556 18.656126 0.000196
193.925110 18.646566 0.000195
195.820557 18.637011 0.000193
197.715897 18.627460 0.000191
199.611115 18.617916 0.000189
201.506241 18.608376 0.000187
81.923996 21.025311 0.000026
83.847855 21.014431 0.000027
85.771568 21.003557 0.000029
87.695145 20.992689 0.000030
89.618584 20.981827 0.000032
91.541885 20.970972 0.000033
93.465042 20.960121 0.000034
95.388062 20.949278 0.000036
97.310944 20.938442 0.000037
99.233688 20.927610 0.000039
101.156296 20.916786 0.000041
103.078766 20.905968 0.000042
105.001099 20.895155 0.000044
106.923294 20.884348 0.000045
108.845352 20.873547 0.000047
110.767265 20.862753 0.000048
112.689049 20.851965 0.000050
114.610695 20.841183 0.000052
116.532204 20.830406 0.000053
118.453575 20.819635 0.000054
120.374809 20.808872 0.000054
122.295906 20.798115 0.000053
124.216866 20.787363 0.000054
126.137695 20.776617 0.000056
128.058380 20.765877 0.000059
129.978943 20.755142 0.000060
131.899353 20.744415 0.000059
133.819641 20.733694 0.000055
135.739792 20.722979 0.000049
137.659805 20.712269 0.000042
139.579681 20.701565 0.000031
141.499435 20.690868 0.000016
143.419037 20.680176 0.000025
145.338516 20.669491 0.000056
147.257858 20.658812 0.000093
149.177063 20.648138 0.000134
151.096146 20.637470 0.000170
153.015076 20.626810 0.000197
154.933884 20.616154 0.000207
156.852554 20.605505 0.000204
158.771103 20.594862 0.000195
160.689499 20.584223 0.000189
162.607773 20.573593 0.000188
164.525925 20.562967 0.000192
166.443924 20.552347 0.000195
168.361801 20.541733 0.000198
170.279541 20.531126 0.000200
172.197159 20.520525 0.000201
174.114639 20.509930 0.000202
176.031982 20.499338 0.000202
177.949203 20.488756 0.000202
179.866287 20.478178 0.000202
181.783234 20.467606 0.000201
183.700058 20.457039 0.000200
185.616745 20.446480 0.000199
187.533310 20.435925 0.000198
189.449738 20.425377 0.000196
191.366043 20.414835 0.000194
193.282211 20.404299 0.000193
195.198242 20.393768 0.000191
197.114151 20.383244 0.000189
199.029938 20.372725 0.000187
200.945587 20.362213 0.000184
81.948425 22.830481 0.000024
83.896675 22.818567 0.000025
85.844757 22.806662 0.000027
87.792671 22.794762 0.000028
89.740417 22.782869 0.000029
91.687996 22.770985 0.000031
93.635406 22.759106 0.000032
95.582642 22.747234 0.000034
97.529716 22.735369 0.000035
99.476624 22.723511 0.000037
101.423355 22.711660 0.000038
103.369926 22.699816 0.000040
105.316330 22.687979 0.000042
107.262558 22.676147 0.000043
109.208626 22.664324 0.000045
111.154533 22.652508 0.000047
113.100266 22.640697 0.000048
115.045830 22.628895 0.000050
116.991234 22.617098 0.000052
118.936470 22.605309 0.000052
120.881538 22.593525 0.000051
122.826447 22.581749 0.000053
124.771187 22.569981 0.000058
126.715759 22.558218 0.000062
128.660172 22.546463 0.000065
130.604416 22.534714 0.000064
132.548492 22.522972 0.000060
134.492416 22.511236 0.000056
136.436172 22.499508 0.000058
138.379761 22.487785 0.000058
140.323181 22.476070 0.000045
142.266449 22.464363 0.000037
144.209549 22.452662 0.000071
146.152481 22.440968 0.000113
148.095261 22.429279 0.000141
150.037872 22.417599 0.000163
151.980316 22.405924 0.000195
153.922607 22.394255 0.000228
155.864731 22.382595 0.000247
157.806686 22.370941 0.000243
159.748489 22.359293 0.000225
161.690125 22.347652 0.000205
163.631607 22.336018 0.000197
165.572922 22.324390 0.000197
167.514084 22.312769 0.000199
169.455078 22.301155 0.000201
171.395920 22.289547 0.000202
173.336594 22.277946 0.000202
175.277115 22.266354 0.000202
177.217468 22.254765 0.000202
179.157654 22.243185 0.000201
181.097702 22.231609 0.000200
183.037582 22.220043 0.000199
184.977295 22.208483 0.000197
186.916855 22.196928 0.000196
188.856262 22.185381 0.000194
190.795502 22.173840 0.000192
192.734589 22.162306 0.000190
194.673508 22.150778 0.000188
196.612274 22.139256 0.000186
198.550888 22.127741 0.000184
200.489349 22.116234 0.000181
81.975456 24.635214 0.000022
83.950699 24.622240 0.000023
85.925743 24.609276 0.000024
87.900589 24.596319 0.000026
89.875229 24.583368 0.000027
91.849663 24.570427 0.000029
93.823898 24.557493 0.000030
95.797928 24.544567 0.000031
97.771751 24.531649 0.000033
99.745377 24.518738 0.000035
101.718803 24.505833 0.000036
103.692024 24.492937 0.000038
105.665047 24.480049 0.000040
107.637871 24.467169 0.000041
109.610489 24.454296 0.000043
111.582916 24.441431 0.000045
113.555130 24.428574 0.000047
115.527153 24.415724 0.000048
117.498978 24.402882 0.000048
119.470596 24.390047 0.000048
121.442017 24.377220 0.000053
123.413246 24.364401 0.000061
125.384270 24.351589 0.000070
127.355095 24.338785 0.000084
129.325729 24.325989 0.000100
131.296158 24.313200 0.000093
133.266388 24.300419 0.000075
135.236435 24.287643 0.000080
137.206268 24.274878 0.000099
139.175903 24.262119 0.000103
141.145355 24.249369 0.000082
143.114609 24.236624 0.000088
145.083664 24.223888 0.000161
147.052521 24.211161 0.000242
149.021179 24.198439 0.000290
150.989655 24.185724 0.000275
152.957932 24.173019 0.000247
154.926010 24.160320 0.000259
156.893890 24.147629 0.000280
158.861572 24.134947 0.000280
160.829071 24.122271 0.000254
162.796371 24.109602 0.000223
164.763489 24.096941 0.000204
166.730392 24.084288 0.000200
168.697113 24.071640 0.000202
170.663651 24.059002 0.000202
172.629990 24.046371 0.000202
174.596130 24.033747 0.000202
176.562088 24.021132 0.000201
178.527847 24.008522 0.000200
180.493408 23.995920 0.000198
182.458786 23.983326 0.000197
184.423981 23.970739 0.000195
186.388977 23.958160 0.000193
188.353775 23.945589 0.000191
190.318405 23.933025 0.000189
192.282822 23.920467 0.000187
194.247055 23.907919 0.000185
196.211105 23.895376 0.000182
198.174957 23.882841 0.000180
200.138626 23.870314 0.000178
82.005249 26.439484 0.000019
84.010254 26.425421 0.000021
86.015015 26.411367 0.000022
88.019539 26.397322 0.000023
90.023819 26.383286 0.000025
92.027855 26.369259 0.000026
94.031647 26.355238 0.000028
96.035194 26.341228 0.000029
98.038506 26.327227 0.000031
100.041580 26.313232 0.000032
102.044411 26.299248 0.000034
104.046997 26.285271 0.000035
106.049347 26.271303 0.000037
108.051460 26.257345 0.000039
110.053329 26.243393 0.000041
112.054962 26.229452 0.000043
114.056358 26.215517 0.000044
116.057510 26.201593 0.000044
118.058434 26.187675 0.000045
120.059113 26.173767 0.000055
122.059555 26.159868 0.000066
124.059761 26.145977 0.000088
126.059731 26.132093 0.000135
128.059464 26.118219 0.000174
130.058960 26.104353 0.000167
132.058212 26.090496 0.000133
134.057251 26.076647 0.000102
136.056030 26.062807 0.000114
138.054596 26.048975 0.000160
140.052917 26.035151 0.000158
142.050995 26.021336 0.000132
144.048859 26.007528 0.000240
146.046478 25.993731 0.000382
148.043869 25.979940 0.000458
150.041016 25.966160 0.000480
152.037933 25.952385 0.000467
154.034622 25.938622 0.000362
156.031082 25.924864 0.000302
158.027313 25.911116 0.000308
160.023300 25.897377 0.000308
162.019073 25.883646 0.000277
164.014603 25.869923 0.000236
166.009903 25.856207 0.000207
168.004974 25.842501 0.000202
169.999817 25.828802 0.000202
171.994431 25.815113 0.000201
173.988815 25.801432 0.000200
175.982971 25.787758 0.000199
177.976898 25.774094 0.000198
179.970596 25.760437 0.000196
181.964066 25.746788 0.000194
183.957306 25.733149 0.000192
185.950317 25.719517 0.000190
187.943115 25.705893 0.000188
189.935669 25.692278 0.000186
191.928009 25.678671 0.000183
193.920120 25.665071 0.000181
195.912003 25.651482 0.000179
197.903656 25.637897 0.000176
199.895096 25.624325 0.000174
201.886307 25.610758 0.000171
82.038002 28.243263 0.000017
84.075706 28.228077 0.000018
86.113136 28.212902 0.000020
88.150269 28.197737 0.000021
90.187111 28.182579 0.000022
92.223679 28.167433 0.000024
94.259949 28.152296 0.000025
96.295937 28.137167 0.000026
98.331635 28.122049 0.000028
100.367050 28.106941 0.000029
102.402184 28.091841 0.000031
104.437035 28.076752 0.000033
106.471596 28.061672 0.000034
108.505875 28.046600 0.000036
110.539871 28.031540 0.000038
112.573578 28.016489 0.000040
114.607010 28.001446 0.000040
116.640160 27.986414 0.000042
118.673019 27.971390 0.000058
120.705605 27.956377 0.000073
122.737907 27.941372 0.000115
124.769936 27.926378 0.000200
126.801674 27.911392 0.000273
128.833130 27.896416 0.000289
130.864319 27.881451 0.000286
132.895218 27.866493 0.000246
134.925842 27.851545 0.000157
136.956192 27.836607 0.000216
138.986267 27.821678 0.000351
141.016052 27.806759 0.000312
143.045563 27.791849 0.000303
145.074814 27.776947 0.000599
147.103775 27.762056 0.000809
149.132446 27.747173 0.000865
151.160858 27.732302 0.000789
153.188995 27.717438 0.000657
155.216858 27.702583 0.000506
157.244446 27.687738 0.000355
159.271759 27.672903 0.000331
161.298798 27.658077 0.000327
163.325562 27.643259 0.000288
165.352051 27.628452 0.000239
167.378265 27.613653 0.000206
169.404205 27.598864 0.000200
171.429886 27.584084 0.000200
173.455292 27.569313 0.000198
175.480423 27.554552 0.000197
177.505280 27.539801 0.000195
179.529877 27.525057 0.000193
181.554199 27.510323 0.000191
183.578247 27.495598 0.000189
185.602036 27.480883 0.000186
187.625549 27.466177 0.000184
189.648788 27.451479 0.000182
191.671768 27.436792 0.000179
193.694473 27.422113 0.000177
195.716919 27.407444 0.000174
197.739105 27.392782 0.000171
199.761002 27.378132 0.000169
201.782654 27.363489 0.000166
82.073914 30.046530 0.000015
84.147491 30.030184 0.000016
86.220726 30.013849 0.000017
88.293617 29.997524 0.000018
90.366173 29.981211 0.000020
92.438393 29.964907 0.000021
94.510277 29.948614 0.000022
96.581818 29.932333 0.000024
98.653023 29.916061 0.000025
100.723892 29.899801 0.000027
102.794418 29.883553 0.000028
104.864616 29.867313 0.000030
106.934479 29.851084 0.000031
109.004005 29.834866 0.000033
111.073204 29.818659 0.000035
113.142059 29.802462 0.000036
115.210587 29.786276 0.000038
117.278778 29.770100 0.000060
119.346642 29.753935 0.000079
121.414177 29.737780 0.000138
123.481377 29.721636 0.000260
125.548241 29.705502 0.000381
127.614784 29.689379 0.000449
129.680984 29.673265 0.000534
131.746872 29.657164 0.000557
133.812424 29.641071 0.000472
135.877640 29.624990 0.000259
137.942535 29.608919 0.000509
140.007111 29.592859 0.000818
142.071350 29.576809 0.000553
144.135254 29.560768 0.000996
146.198853 29.544739 0.001586
148.262115 29.528721 0.001656
150.325058 29.512712 0.001369
152.387665 29.496714 0.001119
154.449951 29.480726 0.000848
156.511917 29.464750 0.000606
158.573563 29.448782 0.000394
160.634888 29.432825 0.000346
162.695892 29.416880 0.000333
164.756561 29.400944 0.000285
166.816925 29.385017 0.000232
168.876953 29.369102 0.000201
170.936676 29.353197 0.000197
172.996063 29.337303 0.000195
175.055145 29.321417 0.000193
177.113907 29.305544 0.000191
179.172333 29.289679 0.000189
181.230453 29.273825 0.000187
183.288269 29.257982 0.000184
185.345749 29.242147 0.000182
187.402924 29.226326 0.000179
189.459778 29.210512 0.000177
191.516312 29.194710 0.000174
193.572540 29.178917 0.000172
195.628448 29.163134 0.000169
197.684052 29.147362 0.000166
199.739319 29.131599 0.000164
201.794296 29.115849 0.000161
82.113243 31.849258 0.000013
84.226082 31.831711 0.000014
86.338516 31.814175 0.000015
88.450562 31.796650 0.000016
90.562202 31.779137 0.000017
92.673447 31.761637 0.000018
94.784294 31.744148 0.000020
96.894745 31.726671 0.000021
99.004799 31.709208 0.000022
101.114464 31.691753 0.000024
103.223724 31.674313 0.000025
105.332596 31.656883 0.000027
107.441078 31.639465 0.000028
109.549164 31.622061 0.000030
111.656860 31.604666 0.000032
113.764160 31.587284 0.000032
115.871071 31.569914 0.000060
117.977592 31.552555 0.000082
120.083725 31.535208 0.000145
122.189461 31.517872 0.000295
124.294815 31.500547 0.000475
126.399780 31.483236 0.000611
128.504364 31.465937 0.000809
130.608551 31.448647 0.001016
132.712357 31.431370 0.001185
134.815781 31.414104 0.001107
136.918808 31.396851 0.000407
139.021469 31.379608 0.001663
141.123734 31.362379 0.002102
143.225616 31.345160 0.001527
145.327118 31.327951 0.003241
147.428238 31.310757 0.003426
149.528976 31.293571 0.002732
151.629318 31.276400 0.001958
153.729309 31.259239 0.001311
155.828903 31.242088 0.000964
157.928116 31.224951 0.000624
160.026947 31.207825 0.000396
162.125412 31.190708 0.000349
164.223495 31.173605 0.000324
166.321198 31.156513 0.000266
168.418533 31.139433 0.000214
170.515488 31.122362 0.000194
172.612076 31.105305 0.000191
174.708267 31.088259 0.000188
176.804108 31.071224 0.000186
178.899567 31.054199 0.000184
180.994644 31.037188 0.000181
183.089355 31.020187 0.000179
185.183701 31.003197 0.000176
187.277679 30.986219 0.000174
189.371277 30.969252 0.000171
191.464508 30.952295 0.000168
193.557358 30.935352 0.000166
195.649857 30.918419 0.000163
197.741974 30.901497 0.000160
199.833725 30.884586 0.000158
201.925110 30.867687 0.000155
82.156250 33.651428 0.000011
84.312027 33.632629 0.000011
86.467339 33.613846 0.000012
88.622185 33.595078 0.000013
90.776558 33.576321 0.000015
92.930473 33.557575 0.000016
95.083923 33.538845 0.000017
97.236908 33.520126 0.000018
99.389427 33.501423 0.000019
101.541481 33.482735 0.000021
103.693077 33.464054 0.000022
105.844208 33.445389 0.000023
107.994881 33.426739 0.000025
110.145096 33.408100 0.000026
112.294853 33.389477 0.000026
114.444153 33.370861 0.000054
116.592987 33.352264 0.000082
118.741371 33.333679 0.000135
120.889297 33.315105 0.000295
123.036774 33.296543 0.000526
125.183792 33.277996 0.000734
127.330353 33.259464 0.001028
129.476471 33.240944 0.001481
131.622131 33.222435 0.002101
133.767334 33.203938 0.002883
135.912094 33.185455 0.002978
138.056396 33.166988 0.000030
140.200256 33.148533 0.007089
142.343658 33.130089 0.002468
144.486618 33.111656 0.007693
146.629135 33.093239 0.007354
148.771194 33.074837 0.005337
150.912827 33.056442 0.003513
153.054001 33.038063 0.002194
155.194733 33.019699 0.001340
157.335022 33.001343 0.000933
159.474869 32.983006 0.000548
161.614273 32.964676 0.000370
163.753235 32.946362 0.000338
165.891754 32.928059 0.000296
168.029831 32.909767 0.000234
170.167480 32.891491 0.000193
172.304672 32.873226 0.000185
174.441437 32.854977 0.000182
176.577774 32.836739 0.000180
178.713669 32.818512 0.000177
180.849121 32.800297 0.000175
182.984146 32.782097 0.000172
185.118729 32.763908 0.000170
187.252884 32.745731 0.000167
189.386597 32.727570 0.000165
191.519882 32.709419 0.000162
193.652740 32.691280 0.000159
195.785172 32.673157 0.000157
197.917160 32.655045 0.000154
200.048721 32.636944 0.000151
82.203255 35.453018 0.000009
84.405968 35.432922 0.000010
86.608131 35.412838 0.000010
88.809746 35.392769 0.000011
91.010818 35.372715 0.000012
93.211349 35.352676 0.000013
95.411331 35.332653 0.000014
97.610779 35.312645 0.000015
99.809677 35.292652 0.000016
102.008041 35.272671 0.000017
104.205864 35.252705 0.000018
106.403145 35.232754 0.000020
108.599892 35.212818 0.000021
110.796097 35.192898 0.000022
112.991776 35.172993 0.000040
115.186913 35.153099 0.000079
117.381516 35.133224 0.000115
119.575592 35.113361 0.000259
121.769127 35.093510 0.000513
123.962135 35.073677 0.000792
126.154617 35.053860 0.001120
128.346558 35.034054 0.001761
130.537979 35.014263 0.002792
132.728882 34.994488 0.004614
134.919250 34.974728 0.007394
137.109085 34.954979 0.009688
139.298401 34.935246 0.008529
141.487198 34.915527 0.030619
143.675461 34.895824 0.020640
145.863205 34.876137 0.016181
148.050430 34.856461 0.010221
150.237137 34.836800 0.005948
152.423325 34.817154 0.003408
154.608994 34.797520 0.001889
156.794144 34.777901 0.001190
158.978775 34.758297 0.000762
161.162888 34.738708 0.000426
163.346497 34.719131 0.000338
165.529587 34.699574 0.000309
167.712158 34.680023 0.000251
169.894211 34.660492 0.000198
172.075760 34.640972 0.000178
174.256805 34.621468 0.000175
176.437332 34.601978 0.000172
178.617355 34.582500 0.000170
180.796860 34.563038 0.000167
182.975876 34.543591 0.000165
185.154373 34.524158 0.000162
187.332367 34.504738 0.000160
189.509842 34.485332 0.000157
191.686829 34.465939 0.000155
193.863312 34.446560 0.000152
196.039291 34.427197 0.000150
198.214767 34.407845 0.000147
200.389740 34.388508 0.000144
82.254631 37.254013 0.000008
84.508621 37.232555 0.000008
86.761978 37.211117 0.000009
89.014694 37.189690 0.000009
91.266769 37.168285 0.000010
93.518219 37.146893 0.000011
95.769028 37.125519 0.000011
98.019211 37.104160 0.000012
100.268761 37.082821 0.000013
102.517677 37.061493 0.000014
104.765968 37.040184 0.000015
107.013626 37.018894 0.000016
109.260666 36.997616 0.000017
111.507072 36.976357 0.000019
113.752861 36.955116 0.000069
115.998016 36.933887 0.000098
118.242561 36.912678 0.000200
120.486481 36.891483 0.000434
122.729774 36.870304 0.000771
124.972458 36.849140 0.001091
127.214516 36.827995 0.001771
129.455963 36.806866 0.002936
131.696793 36.785751 0.005161
133.937012 36.764656 0.009826
136.176620 36.743572 0.018217
138.415604 36.722507 0.034396
140.653992 36.701458 0.025908
142.891754 36.680424 0.034402
145.128922 36.659409 0.032249
147.365463 36.638409 0.017485
149.601410 36.617420 0.008772
151.836761 36.596451 0.004686
154.071503 36.575500 0.002563
156.305634 36.554562 0.001363
158.539154 36.533638 0.000905
160.772095 36.512733 0.000505
163.004425 36.491844 0.000337
165.236160 36.470970 0.000304
167.467285 36.450111 0.000257
169.697830 36.429268 0.000200
171.927765 36.408440 0.000170
174.157104 36.387630 0.000165
176.385864 36.366837 0.000163
178.614029 36.346054 0.000161
180.841583 36.325291 0.000159
183.068573 36.304543 0.000156
185.294952 36.283810 0.000154
187.520752 36.263092 0.000152
189.745972 36.242393 0.000149
191.970596 36.221706 0.000147
194.194641 36.201035 0.000144
196.418091 36.180382 0.000142
198.640961 36.159740 0.000139
200.863251 36.139118 0.000136
82.310783 39.054390 0.000009
84.620819 39.031509 0.000008
86.930115 39.008648 0.000008
89.238663 38.985802 0.000008
91.546478 38.962978 0.000008
93.853546 38.940170 0.000009
96.159874 38.917381 0.000009
98.465469 38.894611 0.000010
100.770332 38.871861 0.000010
103.074455 38.849125 0.000011
105.377846 38.826412 0.000011
107.680504 38.803715 0.000012
109.982437 38.781036 0.000013
112.283638 38.758373 0.000045
114.584114 38.735733 0.000088
116.883865 38.713108 0.000138
119.182892 38.690502 0.000324
121.481194 38.667915 0.000651
123.778770 38.645344 0.001008
126.075630 38.622795 0.001534
128.371780 38.600262 0.002585
130.667206 38.577744 0.004554
132.961914 38.555248 0.009069
135.255905 38.532768 0.017893
137.549179 38.510307 0.036108
139.841751 38.487865 0.082581
142.133606 38.465439 0.029411
144.424759 38.443031 0.051551
146.715195 38.420643 0.022413
149.004929 38.398270 0.010246
151.293961 38.375916 0.005173
153.582291 38.353580 0.002795
155.869919 38.331261 0.001474
158.156845 38.308960 0.000922
160.443069 38.286678 0.000554
162.728592 38.264412 0.000329
165.013412 38.242165 0.000287
167.297546 38.219933 0.000250
169.580978 38.197723 0.000195
171.863724 38.175526 0.000161
174.145782 38.153351 0.000155
176.427139 38.131191 0.000153
178.707809 38.109047 0.000151
180.987808 38.086922 0.000149
183.267105 38.064816 0.000147
185.545715 38.042725 0.000145
187.823639 38.020653 0.000143
190.100891 37.998600 0.000141
192.377457 37.976562 0.000138
194.653336 37.954540 0.000136
196.928543 37.932537 0.000133
199.203079 37.910553 0.000131
201.476929 37.888584 0.000128
82.372192 40.854137 0.000010
84.743523 40.829758 0.000010
87.113983 40.805401 0.000009
89.483574 40.781063 0.000009
91.852303 40.756748 0.000009
94.220169 40.732452 0.000008
96.587173 40.708179 0.000008
98.953323 40.683926 0.000008
101.318611 40.659691 0.000009
103.683044 40.635479 0.000009
106.046623 40.611286 0.000009
108.409355 40.587112 0.000009
110.771233 40.562962 0.000010
113.132263 40.538834 0.000070
115.492455 40.514721 0.000101
117.851791 40.490631 0.000212
120.210289 40.466560 0.000465
122.567947 40.442513 0.000856
124.924767 40.418484 0.001223
127.280746 40.394474 0.002030
129.635880 40.370487 0.003490
131.990189 40.346519 0.006376
134.343674 40.322571 0.012455
136.696320 40.298641 0.024081
139.048126 40.274734 0.045586
141.399124 40.250847 0.027977
143.749283 40.226978 0.003426
146.098618 40.203129 0.011134
148.447144 40.179302 0.007304
150.794830 40.155495 0.004165
153.141708 40.131706 0.002432
155.487762 40.107941 0.001364
157.833008 40.084190 0.000832
160.177444 40.060463 0.000526
162.521057 40.036755 0.000304
164.863861 40.013065 0.000260
167.205856 39.989395 0.000230
169.547043 39.965748 0.000182
171.887436 39.942116 0.000149
174.227005 39.918507 0.000143
176.565781 39.894917 0.000141
178.903763 39.871346 0.000140
181.240936 39.847794 0.000138
183.577316 39.824265 0.000137
185.912888 39.800751 0.000135
188.247681 39.777260 0.000133
190.581665 39.753784 0.000131
192.914871 39.730331 0.000129
195.247284 39.706898 0.000127
197.578903 39.683483 0.000125
199.909744 39.660088 0.000122
202.239792 39.636711 0.000120
82.439423 42.653236 0.000013
84.877831 42.627281 0.000012
87.315224 42.601345 0.000011
89.751610 42.575436 0.000011
92.186989 42.549549 0.000010
94.621361 42.523682 0.000010
97.054733 42.497841 0.000009
99.487099 42.472023 0.000009
101.918472 42.446228 0.000009
104.348846 42.420460 0.000009
106.778221 42.394711 0.000009
109.206612 42.368984 0.000009
111.634010 42.343281 0.000033
114.060417 42.317604 0.000083
116.485840 42.291946 0.000125
118.910278 42.266312 0.000293
121.333740 42.240704 0.000606
123.756218 42.215115 0.000992
126.177719 42.189548 0.001442
128.598251 42.164005 0.002388
131.017807 42.138489 0.003953
133.436386 42.112991 0.007095
135.854004 42.087517 0.012002
138.270660 42.062065 0.016793
140.686340 42.036636 0.009243
143.101074 42.011230 0.010391
145.514832 41.985844 0.003525
147.927643 41.960484 0.002239
150.339493 41.935143 0.002184
152.750381 41.909828 0.001596
155.160324 41.884533 0.001014
157.569321 41.859261 0.000660
159.977371 41.834011 0.000430
162.384476 41.808784 0.000259
164.790634 41.783577 0.000227
167.195847 41.758392 0.000202
169.600128 41.733234 0.000162
172.003464 41.708092 0.000134
174.405869 41.682976 0.000129
176.807343 41.657883 0.000129
179.207886 41.632809 0.000128
181.607483 41.607758 0.000127
184.006180 41.582726 0.000126
186.403931 41.557720 0.000125
188.800766 41.532734 0.000123
191.196671 41.507771 0.000121
193.591675 41.482826 0.000119
195.985748 41.457909 0.000118
198.378906 41.433010 0.000115
200.771149 41.408131 0.000113
82.513107 44.451679 0.000015
85.025032 44.424049 0.000015
87.535774 44.396446 0.000014
90.045341 44.368870 0.000013
92.553726 44.341316 0.000013
95.060936 44.313793 0.000012
97.566978 44.286297 0.000012
100.071854 44.258823 0.000012
102.575569 44.231377 0.000012
105.078117 44.203960 0.000012
107.579498 44.176563 0.000012
110.079735 44.149197 0.000009
112.578812 44.121857 0.000052
115.076736 44.094540 0.000088
117.573509 44.067249 0.000160
120.069145 44.039986 0.000363
122.563629 44.012749 0.000704
125.056976 43.985535 0.001049
127.549187 43.958351 0.001531
130.040268 43.931190 0.002448
132.530197 43.904053 0.003684
135.019012 43.876942 0.005573
137.506699 43.849857 0.006732
139.993256 43.822800 0.004391
142.478699 43.795765 0.001250
144.963013 43.768757 0.002466
147.446213 43.741776 0.000936
149.928299 43.714817 0.000742
152.409286 43.687885 0.000765
154.889145 43.660976 0.000587
157.367905 43.634094 0.000453
159.845566 43.607235 0.000302
162.322128 43.580402 0.000202
164.797577 43.553596 0.000188
167.271942 43.526814 0.000168
169.745209 43.500057 0.000136
172.217377 43.473324 0.000117
174.688477 43.446617 0.000116
177.158478 43.419933 0.000116
179.627396 43.393276 0.000116
182.095230 43.366642 0.000115
184.561981 43.340031 0.000115
187.027664 43.313446 0.000114
189.492279 43.286888 0.000113
191.955811 43.260349 0.000111
194.418274 43.233841 0.000110
196.879684 43.207352 0.000108
199.340012 43.180889 0.000106
201.799301 43.154453 0.000104
82.594009 46.249443 0.000019
85.186630 46.220036 0.000018
87.777878 46.190659 0.000017
90.367737 46.161316 0.000017
92.956223 46.131996 0.000016
95.543335 46.102711 0.000016
98.129082 46.073456 0.000016
100.713463 46.044228 0.000016
103.296486 46.015030 0.000016
105.878151 45.985863 0.000016
108.458458 45.956722 0.000016
111.037415 45.927612 0.000011
113.615021 45.898533 0.000062
116.191292 45.869484 0.000092
118.766212 45.840462 0.000190
121.339798 45.811470 0.000404
123.912056 45.782505 0.000727
126.482979 45.753571 0.001022
129.052582 45.724667 0.001403
131.620850 45.695793 0.002052
134.187805 45.666943 0.002596
136.753433 45.638126 0.002951
139.317749 45.609337 0.002202
141.880768 45.580574 0.000583
144.442474 45.551842 0.000825
147.002869 45.523140 0.000658
149.561966 45.494465 0.000290
152.119766 45.465820 0.000296
154.676285 45.437202 0.000281
157.231491 45.408611 0.000259
159.785431 45.380051 0.000184
162.338074 45.351517 0.000150
164.889435 45.323013 0.000148
167.439514 45.294537 0.000132
169.988327 45.266087 0.000109
172.535873 45.237667 0.000100
175.082138 45.209274 0.000102
177.627151 45.180908 0.000103
180.170883 45.152573 0.000103
182.713364 45.124264 0.000103
185.254593 45.095982 0.000103
187.794571 45.067726 0.000103
190.333298 45.039501 0.000102
192.870773 45.011303 0.000101
195.407013 44.983131 0.000100
197.942001 44.954990 0.000098
200.475754 44.926872 0.000096
82.683006 48.046520 0.000022
85.364395 48.015217 0.000021
88.044159 47.983952 0.000021
90.722305 47.952717 0.000021
93.398834 47.921520 0.000020
96.073761 47.890354 0.000020
98.747086 47.859222 0.000020
101.418816 47.828125 0.000020
104.088943 47.797058 0.000020
106.757484 47.766029 0.000021
109.424446 47.735031 0.000022
112.089821 47.704067 0.000020
114.753624 47.673138 0.000064
117.415848 47.642239 0.000094
120.076508 47.611374 0.000201
122.735603 47.580544 0.000402
125.393143 47.549747 0.000671
128.049118 47.518982 0.000899
130.703552 47.488251 0.001107
133.356430 47.457550 0.001384
136.007782 47.426884 0.001406
138.657578 47.396252 0.001097
141.305847 47.365650 0.000512
143.952591 47.335083 0.000278
146.597809 47.304546 0.000344
149.241501 47.274044 0.000212
151.883667 47.243572 0.000126
154.524338 47.213131 0.000128
157.163483 47.182724 0.000120
159.801132 47.152351 0.000101
162.437286 47.122009 0.000107
165.071930 47.091698 0.000108
167.705093 47.061420 0.000096
170.336761 47.031174 0.000085
172.966934 47.000957 0.000084
175.595642 46.970776 0.000088
178.222870 46.940620 0.000090
180.848618 46.910503 0.000091
183.472900 46.880413 0.000092
186.095718 46.850357 0.000092
188.717072 46.820332 0.000092
191.336975 46.790337 0.000091
193.955414 46.760372 0.000091
196.572403 46.730438 0.000090
199.187958 46.700539 0.000088
201.802063 46.670670 0.000087
82.781151 49.842896 0.000026
85.560394 49.809563 0.000025
88.337730 49.776272 0.000025
91.113167 49.743015 0.000024
93.886703 49.709801 0.000024
96.658356 49.676624 0.000024
99.428123 49.643486 0.000025
102.196014 49.610386 0.000025
104.962036 49.577324 0.000026
107.726189 49.544304 0.000027
110.488487 49.511318 0.000028
113.248924 49.478371 0.000027
116.007507 49.445465 0.000060
118.764252 49.412594 0.000091
121.519165 49.379761 0.000189
124.272232 49.346966 0.000355
127.023483 49.314209 0.000551
129.772903 49.281490 0.000698
132.520508 49.248806 0.000768
135.266312 49.216164 0.000746
138.010300 49.183556 0.000632
140.752487 49.150986 0.000365
143.492889 49.118454 0.000157
146.231491 49.085957 0.000157
148.968307 49.053497 0.000147
151.703339 49.021076 0.000082
154.436615 48.988693 0.000050
157.168106 48.956345 0.000046
159.897842 48.924030 0.000055
162.625809 48.891754 0.000071
165.352036 48.859516 0.000072
168.076508 48.827312 0.000066
170.799225 48.795147 0.000066
173.520218 48.763020 0.000071
176.239471 48.730923 0.000075
178.957001 48.698864 0.000077
181.672806 48.666843 0.000079
184.386902 48.634857 0.000080
187.099274 48.602905 0.000081
189.809937 48.570992 0.000081
192.518890 48.539112 0.000081
195.226151 48.507267 0.000080
197.931717 48.475460 0.000080
200.635590 48.443684 0.000079
82.889687 51.638554 0.000029
85.777115 51.603035 0.000029
88.662292 51.567562 0.000029
91.545227 51.532135 0.000029
94.425926 51.496750 0.000029
97.304405 51.461414 0.000029
100.180656 51.426117 0.000029
103.054703 51.390869 0.000030
105.926537 51.355659 0.000031
108.796173 51.320499 0.000033
111.663620 51.285381 0.000033
114.528885 51.250305 0.000030
117.391975 51.215275 0.000055
120.252892 51.180286 0.000081
123.111649 51.145344 0.000156
125.968246 51.110443 0.000274
128.822693 51.075584 0.000397
131.675003 51.040771 0.000468
134.525177 51.005997 0.000472
137.373230 50.971268 0.000383
140.219147 50.936584 0.000242
143.062973 50.901939 0.000125
145.904663 50.867340 0.000091
148.744278 50.832779 0.000079
151.581787 50.798264 0.000061
154.417206 50.763790 0.000039
157.250549 50.729359 0.000014
160.081818 50.694965 0.000028
162.911011 50.660618 0.000038
165.738159 50.626312 0.000042
168.563248 50.592045 0.000045
171.386276 50.557823 0.000053
174.207275 50.523640 0.000059
177.026230 50.489498 0.000063
179.843170 50.455399 0.000066
182.658081 50.421337 0.000068
185.470978 50.387321 0.000069
188.281860 50.353344 0.000070
191.090744 50.319405 0.000071
193.897629 50.285511 0.000071
196.702515 50.251656 0.000071
199.505417 50.217838 0.000070
202.306351 50.184063 0.000069
83.010094 53.433479 0.000033
86.017509 53.395599 0.000033
89.022255 53.357769 0.000033
92.024353 53.319992 0.000033
95.023796 53.282265 0.000033
98.020607 53.244587 0.000034
101.014786 53.206966 0.000034
104.006348 53.169392 0.000035
106.995300 53.131870 0.000037
109.981659 53.094398 0.000039
112.965424 53.056980 0.000039
115.946602 53.019608 0.000032
118.925209 52.982288 0.000049
121.901260 52.945019 0.000067
124.874756 52.907799 0.000113
127.845703 52.870632 0.000183
130.814117 52.833511 0.000246
133.779999 52.796440 0.000267
136.743378 52.759418 0.000239
139.704239 52.722446 0.000177
142.662598 52.685528 0.000108
145.618469 52.648651 0.000068
148.571854 52.611828 0.000064
151.522766 52.575050 0.000056
154.471222 52.538326 0.000033
157.417206 52.501644 0.000010
160.360748 52.465015 0.000007
163.301849 52.428432 0.000014
166.240524 52.391899 0.000024
169.176773 52.355412 0.000034
172.110611 52.318974 0.000043
175.042038 52.282581 0.000048
177.971069 52.246235 0.000052
180.897720 52.209938 0.000055
183.821976 52.173691 0.000057
186.743866 52.137486 0.000059
189.663391 52.101330 0.000060
192.580551 52.065220 0.000061
195.495361 52.029160 0.000061
198.407837 51.993141 0.000061
201.317978 51.957172 0.000061
83.144173 55.227657 0.000037
86.285156 55.187202 0.000037
89.422966 55.146812 0.000037
92.557610 55.106480 0.000037
95.689095 55.066208 0.000038
98.817451 55.025993 0.000038
101.942680 54.985844 0.000039
105.064789 54.945751 0.000041
108.183800 54.905716 0.000042
111.299721 54.865742 0.000045
114.412567 54.825825 0.000045
117.522346 54.785969 0.000037
120.629074 54.746170 0.000045
123.732758 54.706429 0.000056
126.833420 54.666748 0.000075
129.931061 54.627121 0.000105
133.025696 54.587555 0.000128
136.117325 54.548046 0.000129
139.205994 54.508595 0.000107
142.291672 54.469196 0.000079
145.374405 54.429859 0.000063
148.454178 54.390575 0.000057
151.531021 54.351353 0.000049
154.604935 54.312183 0.000038
157.675949 54.273067 0.000029
160.744049 54.234013 0.000019
163.809250 54.195011 0.000014
166.871582 54.156063 0.000020
169.931030 54.117172 0.000029
172.987640 54.078339 0.000035
176.041382 54.039558 0.000039
179.092300 54.000832 0.000043
182.140381 53.962162 0.000046
185.185654 53.923546 0.000048
188.228119 53.884983 0.000050
191.267776 53.846474 0.000051
194.304657 53.808022 0.000052
197.338760 53.769619 0.000053
200.370117 53.731274 0.000053
83.294113 57.021057 0.000041
86.584412 56.977791 0.000041
89.870895 56.934597 0.000041
93.153587 56.891476 0.000041
96.432510 56.848423 0.000042
99.707672 56.805443 0.000043
102.979095 56.762531 0.000044
106.246788 56.719688 0.000046
109.510780 56.676914 0.000048
112.771080 56.634212 0.000050
116.027702 56.591576 0.000052
119.280670 56.549011 0.000044
122.529991 56.506512 0.000046
125.775681 56.464081 0.000054
129.017761 56.421719 0.000061
132.256241 56.379425 0.000066
135.491150 56.337196 0.000069
138.722488 56.295036 0.000068
141.950272 56.252941 0.000065
145.174515 56.210911 0.000063
148.395248 56.168949 0.000061
151.612473 56.127056 0.000058
154.826202 56.085224 0.000052
158.036469 56.043461 0.000042
161.243256 56.001762 0.000029
164.446609 55.960129 0.000021
167.646530 55.918560 0.000023
170.843033 55.877052 0.000026
174.036118 55.835613 0.000029
177.225830 55.794235 0.000032
180.412155 55.752922 0.000035
183.595123 55.711674 0.000038
186.774750 55.670486 0.000040
189.951035 55.629364 0.000042
193.124008 55.588306 0.000043
196.293671 55.547306 0.000044
199.460037 55.506374 0.000044
202.623123 55.465500 0.000044
83.462616 58.813652 0.000044
86.920616 58.767296 0.000044
90.374016 58.721020 0.000045
93.822845 58.674831 0.000045
97.267128 58.628723 0.000046
100.706879 58.582699 0.000048
104.142120 58.536758 0.000049
107.572884 58.490898 0.000051
110.999184 58.445118 0.000053
114.421043 58.399422 0.000056
117.838493 58.353809 0.000058
121.251534 58.308273 0.000054
124.660202 58.262817 0.000051
128.064514 58.217445 0.000057
131.464493 58.172150 0.000064
134.860168 58.126934 0.000069
138.251541 58.081799 0.000072
141.638641 58.036743 0.000073
145.021500 57.991764 0.000074
148.400116 57.946861 0.000072
151.774521 57.902039 0.000066
155.144745 57.857292 0.000056
158.510788 57.812622 0.000043
161.872681 57.768032 0.000033
165.230438 57.723515 0.000028
168.584076 57.679073 0.000025
171.933624 57.634708 0.000024
175.279099 57.590420 0.000025
178.620514 57.546207 0.000027
181.957886 57.502068 0.000029
185.291245 57.458004 0.000032
188.620590 57.414013 0.000034
191.945969 57.370098 0.000035
195.267365 57.326256 0.000036
198.584824 57.282486 0.000037
201.898361 57.238789 0.000037
83.653023 60.605408 0.000048
87.300423 60.555622 0.000048
90.942230 60.505936 0.000049
94.578476 60.456348 0.000050
98.209198 60.406860 0.000051
101.834412 60.357475 0.000052
105.454163 60.308182 0.000054
109.068474 60.258991 0.000056
112.677376 60.209896 0.000058
116.280891 60.160900 0.000061
119.879066 60.112000 0.000063
123.471916 60.063190 0.000063
127.059471 60.014481 0.000060
130.641754 59.965866 0.000061
134.218811 59.917347 0.000066
137.790665 59.868919 0.000071
141.357330 59.820587 0.000074
144.918839 59.772346 0.000073
148.475235 59.724201 0.000069
152.026520 59.676147 0.000062
155.572739 59.628185 0.000052
159.113907 59.580311 0.000044
162.650055 59.532532 0.000037
166.181229 59.484840 0.000032
169.707413 59.437241 0.000028
173.228668 59.389732 0.000025
176.745010 59.342312 0.000025
180.256454 59.294979 0.000025
183.763031 59.247734 0.000026
187.264786 59.200581 0.000027
190.761703 59.153511 0.000029
194.253845 59.106529 0.000030
197.741211 59.059635 0.000031
201.223846 59.012829 0.000031
83.869553 62.396275 0.000051
87.732201 62.342659 0.000052
91.587975 62.289165 0.000052
95.436928 62.235794 0.000053
99.279091 62.182537 0.000055
103.114525 62.129406 0.000056
106.943253 62.076389 0.000058
110.765327 62.023491 0.000060
114.580788 61.970707 0.000062
118.389671 61.918045 0.000065
122.192017 61.865494 0.000067
125.987877 61.813061 0.000069
129.777267 61.760738 0.000068
133.560257 61.708534 0.000067
137.336868 61.656441 0.000068
141.107132 61.604462 0.000068
144.871094 61.552593 0.000067
148.628799 61.500835 0.000064
152.380280 61.449192 0.000059
156.125565 61.397655 0.000053
159.864700 61.346230 0.000047
163.597717 61.294910 0.000041
167.324661 61.243702 0.000035
171.045563 61.192600 0.000031
174.760437 61.141605 0.000028
178.469345 61.090721 0.000026
182.172318 61.039940 0.000025
185.869385 60.989262 0.000025
189.560562 60.938690 0.000025
193.245926 60.888226 0.000026
196.925461 60.837864 0.000026
200.599243 60.787601 0.000027
84.117599 64.186188 0.000055
88.226608 64.128258 0.000055
92.327095 64.070480 0.000056
96.419113 64.012848 0.000057
100.502724 63.955364 0.000058
104.577980 63.898026 0.000060
108.644958 63.840832 0.000062
112.703705 63.783779 0.000064
116.754280 63.726868 0.000066
120.796738 63.670097 0.000068
124.831139 63.613472 0.000070
128.857544 63.556984 0.000071
132.875992 63.500633 0.000072
136.886551 63.444420 0.000072
140.889282 63.388348 0.000070
144.884216 63.332405 0.000068
148.871414 63.276604 0.000065
152.850937 63.220936 0.000060
156.822845 63.165398 0.000055
160.787155 63.109997 0.000049
164.743958 63.054726 0.000044
168.693268 62.999584 0.000038
172.635162 62.944576 0.000034
176.569672 62.889694 0.000030
180.496841 62.834946 0.000028
184.416748 62.780319 0.000026
188.329407 62.725826 0.000025
192.234894 62.671455 0.000025
196.133224 62.617210 0.000025
200.024460 62.563091 0.000025
84.404152 65.975060 0.000058
88.797485 65.912231 0.000058
93.180092 65.849586 0.000059
97.552063 65.787125 0.000060
101.913490 65.724838 0.000062
106.264450 65.662735 0.000063
110.605042 65.600815 0.000065
114.935333 65.539062 0.000067
119.255409 65.477493 0.000069
123.565361 65.416092 0.000070
127.865265 65.354866 0.000072
132.155197 65.293816 0.000072
136.435242 65.232933 0.000072
140.705475 65.172211 0.000071
144.965973 65.111664 0.000069
149.216812 65.051285 0.000065
153.458069 64.991074 0.000061
157.689804 64.931023 0.000056
161.912109 64.871132 0.000051
166.125046 64.811401 0.000046
170.328690 64.751839 0.000041
174.523117 64.692429 0.000037
178.708374 64.633179 0.000033
182.884552 64.574089 0.000030
187.051697 64.515160 0.000028
191.209900 64.456375 0.000027
195.359222 64.397751 0.000026
199.499725 64.339279 0.000026
203.631454 64.280952 0.000025
84.738426 67.762764 0.000061
89.463036 67.694298 0.000061
94.173950 67.626068 0.000062
98.871307 67.558067 0.000063
103.555237 67.490295 0.000065
108.225868 67.422745 0.000066
112.883324 67.355415 0.000068
117.527725 67.288307 0.000069
122.159195 67.221428 0.000071
126.777863 67.154755 0.000072
131.383835 67.088303 0.000072
135.977234 67.022064 0.000072
140.558167 66.956032 0.000071
145.126755 66.890213 0.000069
149.683105 66.824608 0.000066
154.227325 66.759201 0.000062
158.759521 66.694000 0.000058
163.279816 66.629005 0.000053
167.788300 66.564209 0.000048
172.285080 66.499611 0.000044
176.770248 66.435211 0.000040
181.243927 66.371010 0.000036
185.706207 66.307007 0.000033
190.157166 66.243187 0.000031
194.596939 66.179565 0.000029
199.025574 66.116135 0.000028
203.443207 66.052887 0.000028
85.132881 69.549133 0.000063
90.247772 69.474113 0.000064
95.344887 69.399391 0.000065
100.424416 69.324966 0.000066
105.486557 69.250832 0.000067
110.531517 69.176979 0.000069
115.559471 69.103416 0.000070
120.570618 69.030128 0.000071
125.565132 68.957130 0.000072
130.543198 68.884399 0.000072
135.505005 68.811943 0.000072
140.450699 68.739754 0.000071
145.380478 68.667839 0.000069
150.294495 68.596184 0.000066
155.192917 68.524796 0.000063
160.075928 68.453659 0.000059
164.943649 68.382782 0.000054
169.796265 68.312164 0.000050
174.633926 68.241791 0.000046
179.456772 68.171677 0.000042
184.264969 68.101799 0.000039
189.058655 68.032173 0.000036
193.837982 67.962784 0.000034
198.603073 67.893639 0.000032
203.354095 67.824730 0.000031
85.604691 71.333923 0.000065
91.185463 71.251167 0.000066
96.742645 71.168800 0.000067
102.276558 71.086815 0.000068
107.787521 71.005219 0.000069
113.275826 70.923988 0.000070
118.741783 70.843132 0.000071
124.185677 70.762642 0.000072
129.607803 70.682510 0.000072
135.008423 70.602737 0.000072
140.387833 70.523315 0.000071
145.746292 70.444244 0.000069
151.084061 70.365509 0.000066
156.401398 70.287125 0.000063
161.698563 70.209068 0.000059
166.975800 70.131340 0.000055
172.233337 70.053947 0.000051
177.471420 69.976875 0.000048
182.690308 69.900124 0.000044
187.890182 69.823685 0.000041
193.071304 69.747559 0.000039
198.233887 69.671745 0.000037
203.378128 69.596237 0.000036
86.178246 73.116768 0.000067
92.323860 73.024727 0.000068
98.437393 72.933205 0.000069
104.519363 72.842209 0.000070
110.570290 72.751717 0.000071
116.590675 72.661720 0.000072
122.581001 72.572220 0.000072
128.541748 72.483208 0.000072
134.473373 72.394676 0.000072
140.376328 72.306610 0.000071
146.251038 72.219009 0.000069
152.097961 72.131866 0.000067
157.917496 72.045174 0.000063
163.710052 71.958923 0.000060
169.476044 71.873108 0.000056
175.215820 71.787727 0.000053
180.929794 71.702774 0.000049
186.618332 71.618240 0.000046
192.281784 71.534119 0.000044
197.920502 71.450409 0.000042
203.534836 71.367096 0.000040
86.889389 74.897148 0.000069
93.732811 74.793732 0.000070
100.531235 74.691040 0.000070
107.285561 74.589073 0.000071
113.996689 74.487801 0.000072
120.665482 74.387222 0.000072
127.292755 74.287315 0.000072
133.879333 74.188072 0.000072
140.425980 74.089478 0.000071
146.933456 73.991524 0.000069
153.402512 73.894196 0.000067
159.833817 73.797485 0.000064
166.228088 73.701378 0.000061
172.585999 73.605858 0.000057
178.908188 73.510933 0.000054
185.195267 73.416573 0.000051
191.447876 73.322777 0.000048
197.666595 73.229538 0.000046
203.852005 73.136841 0.000045
87.792908 76.674217 0.000070
95.518448 76.556526 0.000071
103.178398 76.439896 0.000071
110.774460 76.324295 0.000072
118.308273 76.209694 0.000072
125.781403 76.096077 0.000072
133.195343 75.983414 0.000072
140.551529 75.871689 0.000071
147.851349 75.760872 0.000069
155.096146 75.650948 0.000067
162.287186 75.541893 0.000064
169.425705 75.433685 0.000061
176.512863 75.326317 0.000058
183.549835 75.219757 0.000055
190.537704 75.113991 0.000053
197.477524 75.009010 0.000050
204.370331 74.904785 0.000049
88.976913 78.446617 0.000071
97.849892 78.310471 0.000072
106.622566 78.175934 0.000072
115.298355 78.042953 0.000072
123.880486 77.911476 0.000072
132.372025 77.781456 0.000072
140.775848 77.652847 0.000071
149.094711 77.525597 0.000069
157.331223 77.399673 0.000067
165.487854 77.275040 0.000064
173.566956 77.151649 0.000061
181.570770 77.029472 0.000059
189.501450 76.908478 0.000056
197.361023 76.788620 0.000054
205.151428 76.669884 0.000053
90.592300 80.211967 0.000072
101.013069 80.051041 0.000072
111.270531 79.892723 0.000072
121.372292 79.736893 0.000072
131.325363 79.583443 0.000072
141.136276 79.432266 0.000070
150.811066 79.283272 0.000069
160.355377 79.136368 0.000067
169.774475 78.991463 0.000064
179.073273 78.848495 0.000062
188.256393 78.707375 0.000060
197.328125 78.568039 0.000058
206.292542 78.430428 0.000056
