134.533005 33.725090 0.040567
130.466446 31.503769 0.016002
128.488007 37.349998 0.042568
132.555435 32.738613 0.027133
128.399002 38.551998 0.042851
131.168930 33.496235 0.033231
140.337372 35.421127 0.308765
139.928116 40.577644 0.500725
133.495132 35.506935 0.071013
137.439896 36.578705 0.300199
133.792480 35.263538 0.069842
104.316002 52.219002 0.007319
138.273071 37.815903 0.651459
134.972595 35.090786 0.078930
138.695129 35.746876 0.277323
114.709999 37.400002 0.007849
136.889160 37.382374 0.318983
137.313171 35.039463 0.105708
142.601242 44.114449 0.007321
137.984543 36.239029 0.311960
131.286087 33.009029 0.027598
132.119965 33.845917 0.039471
140.478531 40.624344 0.514297
145.220367 43.555996 0.009170
142.935837 44.332294 0.006016
138.322525 36.386177 0.384284
137.983017 36.121109 0.288655
142.194611 27.093943 0.004996
142.401978 42.980515 0.018861
144.126526 43.120609 0.012364
133.280914 33.468403 0.033660
131.864319 34.439720 0.046546
141.367966 40.968243 0.308217
140.858307 43.209526 0.038277
130.335953 32.793015 0.023049
140.837234 35.726357 0.763472
136.342926 34.208157 0.054695
132.691956 34.184635 0.046403
134.325272 35.361443 0.079667
130.996216 32.870747 0.032229
140.859207 40.897495 0.376222
140.048676 40.247295 0.692232
109.489998 30.280001 0.001414
139.954346 35.254807 0.187554
124.301285 24.536625 0.004866
126.380997 34.817001 0.021496
137.528778 35.575092 0.161792
136.148849 36.254585 0.168448
141.004333 38.686134 4.177051
123.730003 50.580002 0.008132
145.258957 43.232105 0.007576
144.371399 42.975571 0.013646
132.650330 34.492138 0.048957
117.529999 40.080002 0.012516
130.701157 33.327225 0.029725
111.230003 23.480000 0.000141
139.864075 34.954082 0.095773
139.060852 36.837357 0.734412
128.802002 35.905998 0.035072
137.925278 35.317142 0.150754
130.290710 32.660652 0.022407
136.334259 34.433140 0.064712
129.734726 33.742657 0.029160
108.489998 30.770000 0.002546
133.899384 34.325920 0.049191
121.739998 39.090000 0.017678
120.889999 31.950001 0.008273
138.789978 37.311314 0.806406
142.038712 44.743240 0.012960
140.597076 43.292583 0.044944
136.820618 34.253441 0.056953
130.828751 33.465462 0.031227
129.056000 36.436001 0.039174
135.755646 35.486572 0.108780
136.611389 35.632896 0.137541
133.869751 35.493202 0.075684
133.903641 33.505737 0.035396
108.150002 22.570000 0.003111
141.376205 40.676399 0.453393
138.847885 36.591377 0.567764
131.347488 32.111889 0.015740
140.205658 37.615952 2.145757
129.489029 28.399088 0.000494
142.903015 43.771412 0.008963
134.319641 35.099640 0.070428
140.077942 36.364914 1.056420
127.714996 37.993999 0.039315
127.098999 36.186001 0.028850
138.830841 36.993458 0.701972
137.554337 34.808727 0.096444
131.148865 32.456642 0.020582
135.773193 33.475948 0.033378
139.651855 35.937469 0.531269
138.552719 36.507996 0.469710
138.053543 34.715252 0.090309
135.219940 34.326462 0.054179
129.940094 33.196030 0.024549
143.312790 42.673962 0.021379
134.881531 34.349770 0.056409
141.890930 43.248409 0.021340
140.272980 40.778984 0.428555
134.605026 34.171810 0.048256
115.970001 40.369999 0.010465
140.898788 42.557934 0.071713
140.577347 40.325047 0.720827
105.760002 35.529999 0.002121
134.351974 34.096989 0.050817
139.547150 34.059113 0.024733
139.369904 35.616428 0.310748
127.768921 26.144817 0.000489
144.115250 43.828079 0.007259
130.865631 32.047718 0.014911
135.341782 34.790905 0.070532
136.048950 36.109734 0.151144
105.410004 28.870001 0.000849
140.490768 41.185078 0.286230
136.172974 36.231174 0.164411
139.434021 34.761543 0.077345
106.269997 38.490002 0.002121
120.019997 26.879999 0.003536
141.662186 39.970955 1.394628
132.703720 32.840607 0.029079
139.069901 34.949757 0.105762
138.333572 37.231121 0.599757
131.305862 31.399105 0.013591
142.199997 27.070000 0.002082
130.722427 33.929722 0.034240
140.324387 37.361824 2.148916
134.122131 33.315895 0.032698
134.585953 35.094456 0.070839
125.440002 43.790001 0.024042
136.718765 37.156746 0.286466
136.728745 35.405132 0.121608
114.309998 38.250000 0.007707
127.824677 26.179472 0.001025
137.347916 36.135994 0.218227
135.920715 33.583912 0.036120
139.124359 34.878475 0.089626
140.011780 42.685337 0.085963
120.989998 24.799999 0.000135
140.296494 36.778957 1.587524
140.199921 38.288982 2.343072
143.597702 43.123894 0.011865
136.085907 33.875137 0.044160
133.925507 34.164169 0.047038
132.972137 33.193138 0.030697
132.937881 33.569225 0.037458
115.839996 40.880001 0.010394
139.542297 36.295162 0.694936
134.965698 34.669739 0.062507
145.520493 43.195164 0.006339
115.891998 39.609001 0.009173
140.450974 37.210564 2.223401
141.147537 38.539482 5.211166
133.598083 34.809692 0.057544
143.562424 43.289471 0.009344
106.839996 39.660000 0.003394
130.564651 33.205875 0.030209
144.325027 43.232933 0.012520
128.110001 42.410000 0.038820
105.559998 30.510000 0.000424
136.339584 35.888218 0.144441
140.821991 41.145546 0.278382
140.805542 42.042969 0.114845
142.187607 43.521576 0.014459
135.415833 35.482216 0.099449
130.723053 31.106205 0.013473
131.587845 32.986858 0.028679
135.882095 33.668758 0.040991
134.818497 35.314899 0.080880
137.983887 35.726292 0.208944
114.519997 35.660000 0.006505
135.380386 34.724251 0.067527
136.693192 34.296612 0.060172
131.583023 32.316231 0.018912
140.107330 42.008076 0.151414
124.692444 24.641615 0.003377
132.109467 34.777946 0.050241
137.119003 34.794872 0.092323
117.160004 40.689999 0.012445
129.482056 34.655552 0.033890
132.475342 33.384373 0.033609
135.782089 33.815201 0.043653
132.540237 34.678814 0.050920
141.955261 39.458160 3.329265
128.738007 34.787998 0.026304
139.162598 35.336208 0.197625
113.389999 40.119999 0.007637
130.794907 32.576725 0.025445
133.009796 34.378685 0.049503
141.293686 40.291149 0.805967
139.825516 35.311703 0.209495
144.774323 43.408688 0.011608
139.171036 35.040627 0.117793
137.277832 34.648663 0.083424
140.372894 37.620731 2.473547
139.025772 35.511868 0.241166
142.162766 26.635151 0.008236
141.873840 43.740841 0.015767
139.505310 36.872246 1.031772
138.928360 35.204395 0.150481
119.739998 49.270000 0.008627
127.345245 26.178795 0.002447
139.049332 35.245514 0.172294
133.960861 34.982544 0.062361
135.851410 34.392300 0.059994
139.805740 36.979580 1.251409
133.288116 34.450439 0.051738
140.407013 35.803329 0.710539
139.132965 34.895485 0.098835
130.154602 32.636913 0.020673
141.345963 43.240528 0.031084
132.908112 34.633671 0.053395
130.764801 32.842098 0.025208
137.680771 34.752041 0.089849
123.792038 24.426273 0.004616
135.708786 33.637173 0.040067
140.086304 36.103634 0.842625
130.699402 31.496153 0.015463
138.198669 36.865402 0.469481
106.739998 31.840000 0.001414
141.713135 40.405201 0.658800
141.664597 44.148754 0.014395
137.902817 36.322372 0.312978
141.225067 39.980576 1.241186
140.234207 39.658310 1.252394
140.747833 41.826073 0.145756
143.461151 42.551647 0.021577
134.237366 35.265862 0.073244
144.675842 43.915691 0.008559
133.699844 33.542534 0.034200
135.508392 33.785488 0.043419
136.929977 35.334759 0.123178
139.477890 37.685905 1.298597
133.089539 33.416664 0.033223
141.602264 42.655529 0.043691
129.693573 28.487219 0.004665
135.772400 34.952641 0.082777
140.315140 35.717453 0.578354
140.767624 42.551380 0.074168
119.419998 31.350000 0.007425
133.734497 35.002960 0.061612
137.434006 34.864815 0.100791
118.290001 35.000000 0.010607
129.690659 33.063103 0.022821
141.106018 40.579983 0.545625
140.543945 42.985252 0.055707
139.931503 36.114815 0.762735
130.079269 33.503036 0.028030
131.254456 32.001804 0.014585
141.730667 42.983253 0.028431
140.803345 40.643566 0.533686
138.378296 34.990524 0.122247
129.429001 37.057999 0.045113
138.865402 36.259033 0.450400
124.728996 37.759998 0.023476
140.727661 37.824600 3.512950
136.920563 36.401878 0.228222
133.461807 33.818356 0.037857
144.293304 43.988789 0.007030
141.845001 43.528999 0.020501
130.656494 32.343513 0.020411
138.838425 34.610001 0.070463
105.239998 37.590000 0.002970
137.893875 36.950871 0.412830
142.060226 42.481281 0.042982
135.046005 48.521000 0.011985
113.099998 34.520000 0.005869
136.388947 36.394455 0.190152
139.253342 38.465393 1.164683
110.250000 19.990000 0.000283
141.872177 44.317665 0.012304
137.682632 36.084663 0.240594
150.810379 59.577644 0.001639
137.487228 36.928959 0.348124
140.841644 37.018448 2.576882
140.753906 36.800308 2.275257
130.250824 33.536140 0.027267
136.728226 34.490002 0.068980
97.377998 37.381001 0.001414
127.972397 26.482731 0.004528
139.467834 35.521408 0.277244
141.197830 40.625069 0.499789
141.447586 41.404705 0.177972
140.293427 36.650566 1.457712
141.652023 43.220894 0.029626
136.788818 35.300838 0.117721
130.640366 31.235224 0.013166
123.580002 41.830002 0.023193
127.054001 37.276001 0.034220
142.643066 43.431633 0.009212
139.810532 36.203671 0.765207
121.440002 37.480000 0.017890
134.545242 34.897266 0.066659
125.968002 36.125000 0.025032
127.321999 34.007999 0.021496
137.817947 34.941345 0.105922
133.912689 35.105026 0.068072
145.056870 43.794029 0.008546
140.578140 40.523655 0.592102
131.291672 33.383755 0.035116
140.876373 42.473904 0.074812
137.224579 36.762173 0.290842
130.759674 31.855528 0.011680
139.269333 36.003735 0.456604
145.131439 43.661823 0.009622
135.340698 35.333458 0.094072
137.073563 35.239086 0.117763
140.027573 40.339397 0.627986
114.160004 40.130001 0.009051
142.964462 44.582043 0.004511
127.943001 35.667999 0.031678
133.192093 35.310692 0.069456
129.690018 33.266121 0.023926
142.236542 43.889290 0.012104
135.176422 34.944794 0.076318
139.879410 37.920586 1.794487
139.210938 34.333122 0.032094
136.096985 34.179951 0.052228
140.535019 41.711327 0.174900
139.835526 37.461288 1.566761
141.148529 38.995464 3.717451
112.339996 16.830000 0.003111
128.834000 37.897999 0.046245
105.650002 36.549999 0.002970
135.618820 34.621052 0.069688
141.292999 39.464695 2.497819
136.545288 35.480061 0.125599
141.132996 39.134998 3.247231
136.828827 35.190105 0.113252
133.239883 36.285290 0.088196
136.235611 35.269440 0.104018
131.735321 34.195274 0.042803
133.680756 35.282959 0.069031
133.339691 35.436008 0.070409
136.264740 35.420357 0.114266
141.006607 37.533691 4.171113
128.457001 36.933998 0.040164
139.752792 36.537632 0.929360
135.305313 33.769405 0.041961
132.104446 33.975067 0.041393
137.946808 34.902050 0.105206
140.880508 41.455299 0.201933
125.444000 43.791000 0.025471
140.044724 39.825809 0.997446
138.185791 35.322075 0.159694
130.464996 33.097355 0.027320
139.968475 35.143803 0.143150
134.241974 34.254578 0.049533
144.449005 43.507858 0.007351
142.532257 42.890633 0.018587
140.318237 35.530117 0.395816
136.139969 33.932949 0.046799
137.174149 35.612087 0.153684
133.140182 34.515621 0.051202
130.323639 32.426273 0.022268
130.271332 32.870686 0.024377
130.878571 31.425308 0.014743
132.543762 33.177589 0.032525
139.547653 39.185562 1.120006
128.143997 36.379002 0.033234
130.910004 44.430000 0.038608
139.509567 38.230690 1.442429
140.446793 37.833496 2.765121
119.769997 25.500000 0.001414
137.338776 34.785915 0.092919
107.320000 34.060001 0.002121
141.431183 43.404678 0.024571
143.901993 43.101692 0.012745
129.921677 28.293980 0.005513
126.139999 48.669998 0.013152
143.787262 43.848896 0.006603
134.828781 34.786961 0.065267
142.265244 44.728497 0.007051
143.187042 43.366470 0.007874
133.350693 33.974171 0.042117
140.568863 42.098606 0.121052
140.603516 42.802719 0.064990
140.464035 37.444870 2.423845
115.980003 42.230000 0.011031
138.780502 37.667522 0.837995
139.364349 37.302799 1.080643
144.843018 43.057594 0.009095
134.058197 33.877514 0.041606
122.942841 24.454168 0.003656
139.490585 36.624172 0.841972
132.798523 33.642731 0.037983
140.413269 36.862091 1.842640
139.182205 35.884048 0.386753
138.134903 35.103912 0.129416
127.518997 34.453999 0.021637
140.354202 42.494362 0.090866
138.583298 35.590336 0.231975
134.945038 34.936188 0.073072
140.801636 38.748936 3.369508
136.863174 35.866940 0.161174
139.466064 35.326683 0.203478
127.709000 35.161999 0.025880
131.521149 33.514332 0.036201
139.488266 35.710369 0.374051
111.940002 43.630001 0.006364
127.583000 35.903000 0.029274
140.202438 36.031338 0.840590
142.482483 43.589657 0.012305
129.416000 35.504002 0.036487
127.505997 37.453999 0.038184
138.456818 35.673695 0.234618
135.554001 33.940796 0.045515
125.373795 24.753119 0.002633
132.013565 34.571064 0.050728
134.932281 35.555683 0.093116
137.467575 35.396767 0.142940
135.172287 34.686989 0.064002
136.919266 37.850494 0.358847
143.224182 44.433685 0.006353
138.906891 35.047241 0.124226
133.431702 33.545727 0.034976
139.020248 37.319870 0.918327
129.311508 34.268208 0.030981
131.306305 31.842098 0.017054
136.010895 33.741272 0.039738
138.182968 34.677753 0.086449
130.278152 31.717379 0.013695
136.278946 36.145618 0.164482
140.094635 38.434341 2.121900
141.076477 40.291077 0.797353
140.943695 38.177120 4.600326
134.099319 33.497108 0.036816
153.978653 24.290094 0.010396
142.400894 44.165474 0.011401
138.706940 37.535831 0.777687
140.051331 35.447784 0.302923
139.073914 37.752064 1.022109
133.128632 33.215431 0.033886
130.798004 37.518002 0.065902
138.129288 34.642902 0.082614
135.022034 35.237881 0.081652
135.706024 34.698334 0.073050
124.330002 40.029999 0.024183
138.814041 35.496590 0.220384
130.967819 33.331085 0.033397
140.371231 41.934853 0.149359
135.764420 33.483360 0.033104
130.424377 30.395756 0.010666
143.333694 44.005619 0.007396
138.998016 37.467720 0.926936
136.802002 34.373581 0.062669
116.349998 35.430000 0.009051
137.851120 36.499767 0.335672
133.189102 34.252445 0.045931
139.533829 38.511196 1.446673
144.029770 44.063873 0.007306
140.157684 36.692455 1.372248
129.567001 36.077999 0.040588
139.365967 35.800800 0.396411
136.054825 34.869328 0.080235
131.132156 32.845001 0.031746
141.616776 43.504215 0.022673
135.533844 33.658344 0.039356
130.190140 32.013245 0.016036
140.988449 39.127007 2.939801
135.167740 34.025391 0.056149
134.049545 35.174889 0.067427
134.178116 33.266125 0.031111
137.785431 35.944603 0.225996
141.540115 43.077587 0.031977
137.252319 35.300552 0.132720
136.965805 35.168423 0.104949
137.551331 36.864346 0.357680
132.561829 32.963905 0.030720
130.179657 32.197075 0.020689
139.075684 35.986893 0.411126
140.039261 36.854233 1.405221
141.407089 42.773190 0.048222
143.315689 42.125587 0.033971
104.316238 52.219025 0.004991
130.836060 31.617376 0.011997
137.872330 36.706470 0.379661
137.636871 34.702118 0.089091
141.950546 39.869370 1.716697
140.077576 38.197544 2.131503
141.213272 41.300774 0.214846
112.449997 35.160000 0.005657
132.720505 35.019772 0.058677
138.880447 37.776989 0.882836
131.579483 33.228428 0.029305
137.937439 34.670422 0.087398
141.212906 38.425056 5.712359
140.822906 40.044975 1.091670
129.795441 31.768684 0.015484
140.561646 37.089294 2.284792
139.795990 35.895969 0.561820
136.055984 35.836842 0.134663
135.290344 34.090851 0.047717
143.151978 42.486412 0.025207
133.805023 33.654152 0.038328
138.368698 35.103458 0.130960
129.500000 42.869999 0.044336
137.309097 35.523129 0.148970
133.940872 33.722511 0.039143
137.442459 34.680382 0.086124
109.529999 18.240000 0.001414
132.339813 34.397049 0.045375
130.708542 31.591841 0.014320
100.713654 14.043016 0.001475
132.902695 35.309727 0.067301
141.311676 39.235374 3.300179
130.135757 31.415892 0.016296
138.281250 37.814758 0.656758
134.049179 34.051498 0.047696
136.198364 34.060658 0.049550
140.929337 41.740593 0.150106
144.597656 43.307011 0.006563
140.024750 35.786465 0.553348
141.449371 38.682697 6.187454
143.578156 43.670502 0.006546
136.628403 34.431442 0.070333
127.665207 26.213327 0.000701
131.953293 34.259083 0.043387
133.531021 33.625805 0.037183
132.990234 34.077888 0.041808
130.097214 33.292004 0.027115
136.904266 36.261467 0.207918
140.642853 38.205742 3.522491
131.604645 34.627590 0.044732
142.567032 43.165047 0.010492
139.262695 35.304901 0.190213
118.080002 24.450001 0.001626
158.649994 53.020000 0.003789
137.676392 35.343735 0.146774
140.860611 43.209507 0.041250
142.364609 42.356903 0.038949
134.314209 34.472374 0.053638
136.694244 35.050911 0.100150
134.023911 34.286026 0.049145
141.685333 45.407822 0.007097
138.637802 36.346012 0.443183
140.755081 37.560555 3.228132
124.172653 24.338877 0.005829
141.361481 42.549801 0.054864
138.608719 37.079132 0.881768
121.080002 14.640000 0.001846
132.488770 33.039463 0.031359
108.389999 35.169998 0.002263
140.715439 41.976688 0.126267
114.029999 32.849998 0.004101
127.945053 26.944489 0.002820
130.028961 28.371132 0.007541
130.166428 32.795700 0.023685
140.724533 41.781658 0.148572
134.677383 35.621201 0.093166
137.696259 35.783619 0.194852
139.808853 38.894604 1.520936
136.657745 35.901413 0.160153
135.589935 33.747604 0.040742
133.201309 33.921204 0.041516
111.230003 35.110001 0.003677
137.110229 35.367371 0.131284
141.426132 39.639370 2.172017
130.476776 33.730721 0.031661
136.996124 36.740620 0.272134
135.034042 35.685078 0.103148
139.764618 32.463501 0.010032
139.059113 37.662296 1.018518
139.630646 35.663696 0.372767
141.203293 43.140396 0.037523
135.173218 35.752354 0.108554
140.271133 38.148098 2.484896
140.810532 40.834408 0.404571
137.154480 36.757950 0.285189
139.812805 35.780212 0.487569
130.986389 32.292397 0.020802
130.240005 47.349998 0.019021
133.699570 35.490398 0.077209
134.484558 33.821980 0.040152
142.169739 45.335827 0.005487
136.550659 34.547047 0.070371
135.364151 34.406452 0.058769
132.743683 33.305054 0.034224
136.158234 35.094727 0.096253
130.903229 30.398676 0.010994
130.971115 33.867008 0.033846
138.721542 35.173592 0.147555
126.737999 37.745998 0.031396
139.013687 34.921822 0.099944
140.402954 35.970409 0.917980
136.393265 34.854900 0.083060
140.146790 35.333141 0.234215
128.975998 37.160999 0.043699
105.849998 32.439999 0.002828
140.048233 39.398697 1.392790
128.843109 32.669384 0.019522
138.901855 35.110016 0.129509
133.228470 33.326908 0.033402
137.815231 35.521091 0.169800
121.989998 30.070000 0.006081
140.645630 37.984406 3.410174
140.161987 39.164211 1.690673
140.883347 42.857887 0.054637
138.702988 36.200268 0.404244
140.497253 38.752155 2.652000
128.432327 27.032185 0.002510
138.764206 34.806900 0.088166
129.958954 32.768307 0.019809
138.098282 34.679924 0.087958
142.021774 44.916065 0.002452
135.665436 34.988571 0.084327
145.801132 43.366852 0.007661
131.087540 31.258533 0.014206
134.389099 33.878933 0.041086
138.997925 35.014828 0.116282
139.636719 36.087227 0.619728
132.824005 34.571301 0.051438
105.879997 30.980000 0.000849
104.316177 52.219021 0.006685
141.860748 44.052105 0.014282
140.690155 36.932621 2.307528
137.195190 36.634335 0.274604
112.169998 31.120001 0.004101
128.574005 36.233002 0.039174
138.362000 36.132999 0.322485
126.739151 26.347830 0.002563
135.913208 35.351254 0.105598
132.683975 33.722599 0.039557
136.981750 34.543915 0.073458
135.180084 33.913853 0.044244
130.976959 31.877796 0.014855
142.571167 44.546501 0.006791
134.376114 34.760426 0.062788
133.107529 34.672451 0.054532
134.457306 33.993687 0.044907
139.726425 36.401848 0.829274
131.756836 32.704018 0.024551
141.803848 39.849174 1.729044
139.612854 33.884125 0.010740
132.884384 34.210068 0.046023
132.277328 34.726898 0.051180
134.588211 35.283344 0.085788
135.233383 35.549904 0.099431
135.586945 34.424809 0.063470
138.762787 34.690254 0.078594
139.957367 38.759720 1.783117
126.529999 33.514000 0.016405
143.331009 42.321594 0.030640
138.515671 34.986496 0.117902
100.533936 13.735914 0.004231
141.441162 38.449196 6.917341
132.039047 32.936356 0.028733
137.871750 36.228371 0.290089
141.844818 43.528645 0.020319
131.810318 34.624344 0.046850
132.487259 33.611595 0.035992
136.900330 37.405727 0.325323
132.360382 33.202183 0.034006
141.054657 39.362015 2.433727
134.659668 34.864120 0.067744
140.476334 36.344368 1.397046
107.059998 41.080002 0.003818
128.619354 32.634274 0.018557
140.466492 37.683308 2.739110
106.669998 26.469999 0.000707
133.796951 33.838840 0.038226
137.369522 36.736958 0.307177
136.784622 35.723488 0.149225
139.528625 37.473461 1.259972
129.705750 29.615330 0.006501
130.998306 31.564604 0.013535
131.176163 34.342087 0.039017
133.047394 33.884090 0.037900
140.990585 38.815342 3.787306
134.211166 33.934563 0.042803
132.208969 35.002811 0.055939
130.915741 33.190575 0.030749
141.317856 38.743221 5.273707
137.868759 35.160450 0.126482
143.176697 43.878723 0.007173
134.393433 34.217796 0.048462
141.370590 43.624329 0.022452
135.773300 35.053135 0.087388
128.445999 36.651001 0.035638
133.243500 33.333500 0.039179
111.250000 40.259998 0.006505
136.431931 34.603333 0.070957
144.496490 43.149391 0.013212
142.084595 42.933773 0.023292
142.577713 43.908405 0.013330
142.292252 44.990505 0.005876
132.810654 32.762100 0.029403
140.164764 36.952305 1.617187
132.531631 34.069233 0.042576
116.220001 40.250000 0.010677
140.902512 37.090714 2.852197
131.409302 31.576969 0.015191
109.849998 19.030001 0.000566
140.646820 35.777302 0.770705
138.249893 34.954346 0.108230
140.011002 40.730633 0.440990
139.204865 35.428520 0.227447
134.046677 35.456753 0.077325
137.575333 35.100021 0.120453
140.847870 38.546215 3.810705
143.753860 43.473579 0.008557
109.459999 36.619999 0.006081
135.399124 33.854500 0.041124
130.554550 30.236353 0.008405
131.441528 32.898895 0.029220
141.461945 40.048599 1.177896
125.098999 34.095001 0.016122
137.534866 35.973457 0.209745
144.719040 43.545929 0.009851
138.176743 34.849415 0.101330
139.927490 39.015972 1.580958
139.247101 37.157616 0.964246
139.345169 36.120953 0.526616
140.506699 39.199097 1.997942
133.715057 34.217396 0.045928
133.337631 34.777790 0.058580
130.748627 33.011292 0.028885
132.982178 32.869484 0.033566
137.791794 34.792835 0.091446
139.351471 37.929382 1.280391
141.167099 45.137711 0.011066
130.340057 31.450253 0.016210
139.824921 34.918789 0.086418
137.059784 34.994991 0.105609
137.026428 36.919510 0.289918
139.902512 36.456581 0.979182
117.989998 36.810001 0.011950
139.157227 35.610275 0.282687
139.488007 35.709999 0.361394
112.430000 37.709999 0.007707
144.800003 13.430000 0.004653
134.175797 34.809566 0.062395
128.144028 26.708273 0.002751
107.050003 47.869999 0.004497
140.589218 40.706276 0.465641
138.563431 35.362080 0.178602
117.120003 36.209999 0.012869
100.200996 40.984001 0.001414
121.199997 31.100000 0.007835
137.620163 35.661228 0.177212
135.181900 35.105286 0.081049
133.402985 33.407703 0.033771
129.537018 33.362202 0.025774
134.195267 35.529858 0.081019
128.692993 35.236000 0.028284
128.975998 36.164001 0.038608
127.415001 38.164001 0.035497
138.046524 34.666409 0.085314
132.820221 34.334873 0.047153
136.361649 36.229565 0.185577
133.578262 33.529148 0.035047
117.099998 39.380001 0.012162
139.619247 36.665985 0.930632
135.215912 34.812187 0.070969
126.268997 33.117001 0.014284
131.486023 32.069107 0.017113
137.911270 34.755394 0.091286
140.174271 36.263268 1.033114
141.046463 40.106747 0.985855
142.395340 43.336266 0.012803
143.926941 42.894516 0.015498
130.540588 31.377237 0.017757
135.406006 33.647251 0.038320
140.071228 41.803028 0.177883
138.609970 35.117153 0.137620
122.629997 43.299999 0.018031
130.085190 32.524532 0.020749
134.403778 34.997593 0.069708
130.995422 33.564732 0.037477
127.710999 37.868999 0.035497
132.822083 33.060120 0.030882
127.661003 36.002998 0.029840
131.588425 33.349854 0.030493
132.922653 33.391029 0.034654
137.147171 36.335510 0.263768
127.486000 34.957001 0.024324
138.973862 35.114166 0.134268
114.019997 39.380001 0.007637
134.205536 33.394894 0.034347
139.972656 37.669289 1.833815
138.120941 36.523605 0.385329
139.268127 35.723759 0.346760
130.638382 30.381721 0.009522
129.070999 35.062000 0.031396
136.862747 34.984394 0.100033
139.907715 39.206062 1.402757
139.276184 36.602337 0.734250
128.894470 27.816637 0.002523
136.831879 34.904385 0.093870
134.234772 35.020882 0.068973
135.191544 34.144146 0.049490
133.043228 33.545834 0.034500
130.600006 31.823999 0.016829
140.003952 42.130848 0.138290
112.040001 32.000000 0.004384
141.400848 39.012108 4.442796
135.928299 33.877003 0.044082
139.871429 37.261070 1.499899
134.997238 34.804916 0.067010
144.719147 42.982571 0.014186
131.691376 33.461544 0.032856
138.906265 36.697025 0.621147
133.796738 34.438568 0.049367
126.461998 33.287998 0.015981
131.632324 32.445446 0.020295
131.835007 34.043789 0.040145
139.478806 34.075783 0.021578
142.295807 42.727238 0.026188
139.848938 39.891136 0.853509
142.409607 43.738522 0.010403
131.530823 34.057240 0.037291
145.129623 43.070080 0.008545
121.160004 24.950001 0.000846
140.186569 35.544144 0.384957
128.650726 27.401239 0.003859
126.685997 37.419998 0.029981
130.749557 33.745506 0.036955
141.452591 39.849018 1.588378
140.089996 36.110001 0.812973
133.308533 35.164574 0.063524
128.050003 35.173000 0.027436
132.966415 32.755737 0.026881
138.975861 35.623348 0.273659
134.550385 34.784813 0.063265
135.743454 34.155849 0.048995
136.633942 36.165291 0.182410
140.212738 37.293041 1.927566
139.330383 36.421627 0.673396
138.524704 35.067406 0.130289
132.781738 33.959473 0.039901
139.653748 35.436485 0.259563
138.366043 36.260986 0.363372
134.372025 33.618500 0.037441
126.910004 35.178001 0.027436
132.633636 33.096088 0.030383
141.955246 45.514114 0.008284
138.606873 35.467693 0.209278
135.426102 34.085499 0.049116
131.065674 34.179771 0.038697
135.871094 33.799084 0.040930
138.253510 35.200977 0.143768
140.220505 38.628414 2.266571
111.599998 38.799999 0.005515
139.134460 34.200478 0.031569
136.050385 34.567032 0.065731
136.636505 34.913803 0.085068
132.194656 34.370346 0.045881
136.388489 34.297928 0.058939
127.677628 26.194576 0.002225
110.970001 30.830000 0.001131
131.798065 33.239437 0.031916
130.964218 30.530867 0.010014
126.494003 36.776001 0.027860
140.666870 42.123142 0.114718
139.056732 36.539257 0.626328
138.038315 35.556129 0.184863
114.900002 40.830002 0.009192
122.599998 40.680000 0.020082
113.589996 24.850000 0.002828
140.811111 43.082596 0.047434
113.180000 36.220001 0.005940
139.446152 42.060505 0.157341
129.989685 32.945587 0.025170
141.881790 45.230106 0.007220
134.315933 35.593685 0.087254
141.038208 45.275967 0.007487
111.900002 36.250000 0.006010
141.484863 40.271042 0.839035
140.072678 37.566948 1.896077
138.776520 34.855034 0.094860
138.988861 37.896469 0.977272
139.674530 38.701168 1.492233
139.464279 35.925503 0.472673
130.675674 33.579769 0.030903
135.906158 34.939602 0.082620
132.851578 34.811604 0.052733
140.318741 38.758595 2.325383
131.290680 25.953726 0.000528
140.378281 43.320705 0.047693
139.615540 35.160152 0.152449
138.471680 38.063278 0.744159
136.024353 33.820427 0.042148
125.204002 34.710999 0.017395
133.241791 33.272900 0.034818
130.599594 31.824060 0.018270
136.041901 34.710644 0.073743
141.283188 38.901936 4.543356
111.371002 36.084000 0.005657
135.384857 33.961674 0.047296
117.989998 27.620001 0.001414
136.996063 37.123158 0.306971
140.053925 39.527565 1.269197
128.171005 38.069000 0.043134
134.626022 33.926857 0.048700
129.850296 33.476070 0.028222
127.993683 26.386345 0.006657
139.791504 37.643696 1.567035
135.936951 33.577854 0.038198
142.351837 45.126774 0.005037
136.105804 35.602562 0.123539
130.827347 32.396080 0.022729
139.857666 42.450733 0.107412
139.045181 35.415352 0.217503
134.582489 35.436749 0.086215
142.567459 42.247726 0.035255
138.876465 34.719475 0.083290
130.439651 31.908840 0.017425
106.209999 34.750000 0.002970
134.114166 33.774574 0.039195
141.756317 44.397949 0.017953
140.401993 40.006878 0.970572
137.575485 34.937675 0.099976
134.301468 33.789532 0.041213
134.667801 33.830242 0.042231
131.021515 31.740314 0.017299
140.385696 36.475849 1.408110
139.257904 34.371826 0.056492
131.610367 34.616493 0.044894
119.470001 34.720001 0.011597
136.772705 37.000721 0.276187
132.743210 35.392616 0.061576
135.357956 34.256138 0.053507
136.184998 35.968887 0.148474
133.924103 33.622295 0.035952
137.270050 37.446026 0.381012
132.693405 33.446766 0.037276
128.462006 37.182999 0.040305
136.549744 35.371708 0.116302
136.593445 35.227905 0.109111
137.138550 37.306969 0.351238
137.595978 36.576969 0.326214
138.513092 38.319347 0.758617
135.864151 34.746971 0.076544
140.145493 35.873650 0.680364
132.066208 34.897312 0.051018
136.605331 36.370068 0.202134
143.156525 42.005856 0.037187
140.448303 35.642353 0.529866
107.730003 27.980000 0.000849
131.078568 31.965048 0.019878
137.152390 34.917339 0.099860
139.381393 34.784420 0.087106
142.720001 47.029999 0.002547
140.716003 37.183090 2.611679
136.900024 35.526073 0.138563
144.986969 43.549397 0.010284
127.760361 26.312714 0.004697
133.563995 35.169662 0.063856
117.919998 41.020000 0.013223
141.332001 40.508759 0.593210
137.124695 35.478699 0.141102
141.290329 42.971378 0.038533
141.511276 40.515358 0.573722
135.325989 34.976788 0.071486
133.439072 35.345535 0.065642
139.519592 42.153545 0.145962
139.366058 35.391487 0.221884
136.938477 34.740051 0.088175
141.863983 42.729443 0.036927
139.111450 37.540340 1.030475
143.298019 43.231995 0.009242
106.690002 33.130001 0.001273
132.046097 33.367970 0.031176
137.598267 35.880001 0.203942
139.226044 37.828159 1.109583
142.537094 45.002399 0.006075
134.771225 35.162743 0.075679
128.194000 37.709000 0.040588
143.459229 43.028625 0.013230
138.912415 36.142754 0.426968
141.081055 42.420547 0.071995
133.800446 34.738079 0.054980
140.079269 35.111862 0.136050
127.135002 35.842999 0.026870
133.647522 34.068073 0.043790
136.470306 35.359730 0.115752
136.474457 34.420326 0.066339
140.035416 37.124699 1.566623
128.477997 35.533001 0.031961
141.798035 39.253517 4.266274
134.736542 34.223671 0.051299
130.408005 31.796021 0.016375
138.095703 35.878418 0.241094
135.834137 33.520081 0.030925
140.135880 37.424507 1.898288
138.944824 36.778061 0.669033
133.929047 34.791386 0.061322
136.329758 34.648750 0.069603
130.913635 33.996555 0.036573
130.748367 32.709232 0.024879
138.516373 37.348541 0.671948
136.503754 35.104763 0.100708
137.423126 34.967480 0.106533
135.481339 34.527309 0.064067
135.704178 34.388302 0.058546
140.597046 39.749161 1.351192
137.980408 35.031517 0.116879
143.076813 44.191944 0.006508
138.933716 37.166035 0.834959
140.343155 36.096935 1.010251
131.564163 33.671192 0.034329
131.185226 32.245857 0.017880
143.991730 43.644562 0.008405
131.562790 34.283737 0.038533
143.170563 42.938862 0.013886
126.620003 45.700001 0.019658
140.005493 40.099701 0.783125
140.499176 43.056828 0.054078
139.987762 36.300705 0.945802
132.457321 34.892658 0.055074
138.583023 35.974148 0.325904
110.300003 21.150000 0.001414
136.504929 35.984909 0.158081
135.907639 35.534409 0.110263
130.296906 33.683071 0.031571
127.946999 37.337002 0.036770
133.154495 33.607021 0.037207
145.186096 44.019184 0.002247
139.799927 36.010895 0.637218
142.935394 42.130936 0.038010
135.789841 34.882030 0.078988
132.564697 33.510353 0.042771
138.159042 34.634541 0.082023
131.530670 32.557049 0.022586
138.574402 37.397678 0.701745
133.137894 35.563534 0.075263
140.983810 41.199665 0.254622
136.041199 35.085724 0.090801
135.528351 34.311840 0.056928
136.952759 36.033047 0.182880
130.352280 32.722572 0.022110
144.869995 13.590000 0.001302
141.510376 43.854012 0.022578
139.776154 39.967903 0.788615
129.026337 32.885628 0.019742
136.806396 36.592091 0.232586
141.066330 39.953079 1.215159
122.419998 37.169998 0.018809
123.795853 24.061501 0.001420
140.851364 38.411758 4.002995
141.500687 38.301186 7.500703
140.544479 36.181309 1.302687
129.954849 33.372181 0.027166
130.179886 32.367409 0.020420
138.924820 34.916115 0.101423
145.742996 15.230000 0.001257
142.767944 42.277233 0.036628
141.739853 39.023781 5.557205
127.787003 36.816002 0.036062
139.358582 34.737614 0.070979
138.081680 35.044884 0.122462
140.132370 39.936054 0.934907
139.503769 37.281490 1.161253
138.939331 34.698906 0.076054
139.142410 35.268600 0.177118
131.364700 32.527931 0.023575
131.028595 30.753325 0.010655
130.444519 33.346489 0.029824
135.164032 35.292336 0.088255
137.033936 37.432259 0.346648
135.518494 34.677906 0.069391
135.564514 35.077583 0.082197
134.106903 33.603786 0.036688
138.508514 37.356544 0.675918
138.225601 34.738308 0.089295
130.299484 31.264591 0.014203
116.599998 23.420000 0.000707
101.774002 36.601002 0.001414
127.396004 35.423000 0.026870
138.460968 36.130638 0.352928
140.408157 40.183315 0.804538
133.120224 34.943451 0.059359
137.424774 35.657188 0.166493
140.376266 37.023582 1.935521
131.062897 33.121956 0.033735
140.941589 40.447632 0.649452
138.794662 34.970566 0.111693
130.621765 33.060135 0.025809
139.559998 35.680000 0.347653
138.247467 36.665154 0.438734
135.989761 35.945004 0.140519
141.534164 39.338055 3.266481
138.920273 37.589737 0.909950
129.320450 28.137583 0.002103
136.649933 36.663410 0.233226
138.445694 35.289463 0.162128
131.515854 32.170433 0.019147
108.769997 32.790001 0.003818
131.099304 32.740650 0.026553
138.770676 35.305538 0.191740
128.565002 38.250999 0.046810
133.341293 34.612202 0.055549
140.087189 36.106113 0.846622
134.519562 34.669880 0.063033
137.041290 35.128109 0.112771
145.114960 43.382526 0.006242
138.445251 35.443581 0.190239
141.970230 39.738960 2.154693
138.616989 35.203182 0.156280
142.953690 42.803341 0.017463
127.154999 36.877998 0.028850
130.430450 32.581673 0.019706
132.974030 33.312130 0.038474
137.031891 36.649563 0.262103
135.087646 35.419525 0.093371
138.922256 34.865589 0.095360
141.385696 41.160934 0.240368
142.870056 43.013653 0.013514
140.263657 40.271156 0.715036
113.570000 22.280001 0.001273
139.664841 35.267094 0.183677
139.066635 36.234669 0.487890
141.203918 39.110626 3.640850
133.058655 35.433876 0.070523
140.954178 38.317486 4.600063
132.831467 32.961067 0.028576
126.900002 34.674999 0.022769
131.416550 34.439861 0.043080
139.545959 38.563339 1.434672
138.881653 35.321602 0.192972
137.695236 35.079292 0.118504
116.930000 38.459999 0.010960
134.728714 35.461262 0.088074
136.867645 34.823357 0.090900
143.027756 43.171329 0.011069
138.242584 37.056683 0.529286
137.823425 34.671883 0.085817
140.833191 38.934029 3.082508
126.515999 35.278999 0.021496
142.264526 44.365128 0.008775
110.080002 34.480000 0.003677
138.216492 36.208466 0.333708
137.587662 35.246998 0.134034
130.637360 31.552221 0.016111
143.364594 44.260853 0.005715
109.800003 27.879999 0.000283
140.727722 38.571812 3.391334
120.110001 43.860001 0.014566
140.386627 39.549294 1.453677
136.851135 34.465389 0.068114
140.942413 42.374214 0.077454
127.231628 26.582876 0.002563
137.200668 35.911633 0.181333
140.268021 35.165901 0.153063
140.596085 39.508137 1.645437
140.249161 35.288383 0.191673
136.197952 35.557331 0.118309
137.248367 35.800484 0.175730
140.629593 39.051903 2.426641
139.433212 34.686787 0.067339
136.823837 34.903965 0.092103
133.998672 34.445454 0.056105
133.538239 33.938660 0.041492
135.634216 35.155182 0.086879
139.547653 39.185562 1.120141
130.823883 33.640465 0.031157
133.362640 33.704285 0.037833
108.989998 34.180000 0.003041
140.662109 37.325470 2.703124
140.908081 37.800671 4.024394
136.488770 35.636154 0.131676
138.074860 34.939796 0.110106
117.690002 39.080002 0.011950
131.016525 33.697403 0.035392
135.854797 34.241966 0.054891
127.832733 26.446926 0.004076
115.059998 26.750000 0.001414
131.368866 31.676546 0.013178
141.939957 39.572384 2.836693
131.334015 32.384399 0.020008
141.789093 40.133450 1.038777
135.366898 35.163788 0.088291
139.613846 35.160866 0.149779
133.527985 34.548798 0.052305
137.253555 35.138752 0.111902
130.651886 31.624098 0.018840
141.304398 38.509842 6.016258
138.989822 34.751350 0.085331
139.742249 38.146175 1.678461
138.436172 36.801708 0.525748
135.819870 34.574001 0.065949
140.293533 41.121723 0.304418
140.393875 38.170441 2.811307
137.450882 35.815552 0.186542
141.750443 45.402992 0.008067
138.136917 34.757755 0.093605
130.597809 32.057503 0.020319
139.586166 37.097248 1.154934
130.506836 32.299156 0.022547
129.862946 33.073387 0.023863
141.131805 40.862362 0.370155
125.170975 24.827959 0.004521
132.575439 34.340355 0.047313
133.780670 34.383400 0.050016
136.975296 35.757782 0.161589
127.730003 36.487999 0.033658
139.797241 33.119949 0.009642
141.164856 39.851246 1.474345
141.793915 44.639927 0.009738
143.534149 43.909927 0.007222
134.860977 34.493320 0.056021
139.489197 42.078789 0.154803
131.093430 32.950653 0.027648
131.748413 33.096195 0.029826
131.470062 31.785973 0.015032
132.052734 34.090061 0.041480
138.096725 36.706646 0.414203
135.496201 33.554413 0.035599
140.278931 39.296745 1.637444
135.627335 34.479107 0.061043
140.447327 39.054379 2.112145
118.300003 39.740002 0.013718
141.575485 39.143089 4.410075
129.412994 36.992001 0.045821
141.330063 44.427048 0.015254
127.826187 26.168608 0.003958
131.356644 33.537125 0.033532
138.591446 36.616318 0.516298
137.943802 35.923580 0.239361
131.469681 32.021755 0.014097
131.384033 33.078835 0.029308
127.080002 37.630001 0.033093
136.053665 35.466286 0.110695
136.540680 36.537266 0.213648
132.792694 33.171646 0.030061
134.279999 48.369999 0.013294
132.675827 32.927689 0.030131
109.209999 21.650000 0.003111
127.801003 34.411999 0.021213
126.042999 34.460999 0.017678
132.999237 32.991234 0.029107
140.384903 35.243244 0.174046
132.902100 35.035213 0.058894
131.121140 33.270271 0.032839
134.280807 33.527760 0.035364
140.964508 39.701092 1.653202
130.268723 33.274853 0.027504
141.741394 44.892460 0.010451
127.060997 37.902000 0.034083
129.720718 32.839611 0.022811
135.221497 34.157684 0.049500
130.191071 32.017410 0.017601
137.299942 34.919746 0.102600
134.510025 33.932796 0.043132
153.979996 24.290001 0.010626
143.381088 43.710323 0.007518
140.787338 40.215439 0.837346
133.757019 34.579147 0.052221
114.357002 30.532000 0.006844
129.849289 33.473080 0.027666
131.152390 34.764347 0.043794
139.673355 35.563404 0.327471
140.843994 38.029659 4.058002
140.658005 35.955002 1.039618
108.040001 24.690001 0.001131
138.727310 35.360771 0.175522
131.286041 33.977715 0.037129
131.876373 32.924587 0.030403
139.322571 35.482639 0.251546
136.295578 34.930733 0.087722
128.744003 35.491001 0.033234
140.825684 42.646290 0.065853
130.878571 31.425312 0.016307
130.198242 30.461390 0.010424
136.540482 34.285072 0.057889
133.874985 34.039738 0.045043
130.735672 31.743780 0.014674
143.494965 42.806507 0.014985
137.932144 34.843857 0.099696
137.514938 34.718052 0.085895
138.779541 37.498657 0.806561
130.360657 32.098434 0.017782
132.911636 33.796497 0.039997
140.659241 35.955456 1.120938
132.995422 35.195614 0.064444
142.151688 44.006779 0.014831
139.402237 37.036934 0.997883
139.503845 34.121067 0.025268
141.094467 41.466160 0.187161
139.854263 36.776371 1.158184
134.007126 33.427795 0.034643
140.497604 36.743027 1.807711
127.768921 26.144814 0.003745
135.870804 35.137039 0.089763
139.974884 35.002792 0.101313
138.624252 36.856686 0.552250
137.363022 36.285645 0.242840
132.463470 34.539158 0.042578
132.685165 34.856747 0.056331
137.068069 34.609238 0.076679
141.172104 39.596573 2.022200
138.100189 37.160789 0.511094
140.315887 41.599026 0.193109
138.457352 37.107086 0.666622
135.024078 34.577053 0.060487
116.239998 29.730000 0.003253
144.079620 43.438835 0.004817
139.923462 36.598946 1.066993
142.809723 43.165527 0.011076
131.206802 33.127842 0.031142
138.634598 37.212112 0.691760
132.219131 34.191181 0.043395
135.065979 34.271461 0.052497
144.506409 43.722778 0.008514
126.917999 37.493999 0.033234
131.347275 33.254044 0.033213
144.993500 44.065033 0.009583
127.143646 26.372936 0.003223
130.802628 32.238674 0.019583
129.987305 32.326241 0.019956
144.285797 44.019413 0.006691
130.216660 32.712292 0.020960
130.872650 32.995934 0.027788
132.961685 33.103912 0.030782
102.796997 25.030001 0.000067
131.227798 25.831211 0.005702
134.056198 33.367382 0.032787
140.451569 40.910175 0.374040
142.395920 42.554260 0.032219
135.396179 33.744274 0.041139
140.715057 39.146202 2.393767
135.549530 35.275860 0.092693
132.385559 35.031902 0.056518
127.374001 36.398998 0.031141
139.110443 35.148605 0.139118
130.867111 31.242748 0.015925
120.760002 27.930000 0.004313
140.635895 41.043221 0.320393
105.910004 34.480000 0.002404
141.572586 38.902859 5.576139
139.137573 34.239914 0.025433
140.571655 37.591091 2.854087
135.963745 34.038166 0.044606
139.461685 38.056183 1.391204
133.396271 34.993362 0.063022
143.655533 42.800343 0.017273
129.866196 32.735119 0.023224
137.080521 36.140263 0.202080
138.690384 35.649517 0.254715
136.908768 37.226437 0.310245
140.040649 41.466377 0.228096
141.030914 43.177853 0.039657
122.029999 46.040001 0.013859
133.681290 33.936672 0.042719
120.019997 33.380001 0.010394
139.686340 37.326210 1.363119
132.507324 35.185955 0.060009
139.254639 36.267693 0.574541
134.175980 34.478535 0.052448
132.669006 35.233078 0.061832
135.608887 35.462715 0.101815
134.735184 34.334332 0.055429
140.769180 39.351299 2.086722
134.560135 34.059906 0.046398
140.250488 42.243679 0.112826
130.521957 33.500378 0.028161
139.101685 34.971863 0.100679
138.316391 35.855980 0.259857
126.973999 35.623001 0.026163
141.160721 38.660629 4.967914
140.093521 37.963608 2.157438
139.224899 36.769691 0.777245
140.365158 38.496769 2.645639
137.239227 36.472801 0.255445
135.500977 34.837997 0.074147
134.165756 34.657722 0.058925
137.550842 36.114304 0.255254
130.547729 32.933495 0.026845
130.645599 32.546410 0.024682
112.889999 37.630001 0.007495
135.599197 33.505619 0.033995
128.248367 26.859344 0.006440
138.926056 35.929928 0.363753
127.898453 26.694811 0.004858
144.431931 42.963261 0.014798
140.179306 36.542217 1.258234
131.217392 31.469376 0.012213
136.002640 34.292927 0.056786
136.183456 34.742874 0.074782
139.843567 35.143711 0.147388
143.103256 42.699268 0.020585
102.234985 51.769707 0.003688
136.687286 35.488323 0.126811
140.048096 35.657207 0.362365
141.577423 42.884430 0.028655
140.233200 42.786434 0.074840
141.074951 42.667877 0.057256
130.274979 30.784655 0.012888
131.869995 37.238998 0.075943
130.094162 33.098476 0.025804
138.369888 38.023685 0.706410
140.611832 36.539928 1.732209
142.132309 43.725658 0.014135
105.669998 38.810001 0.003253
138.214478 36.026161 0.286484
131.327621 32.684834 0.027545
139.831772 38.594036 1.699009
116.959999 45.509998 0.010748
126.315002 35.858002 0.024607
138.949997 35.753872 0.307887
136.062820 35.318974 0.102376
108.070000 41.299999 0.002970
132.455551 34.260921 0.042960
132.281174 33.469009 0.032542
140.366089 38.331028 2.780605
116.989998 30.620001 0.003960
134.230225 34.038418 0.048824
137.405609 35.261967 0.129211
139.081970 35.006851 0.113904
127.460999 36.626999 0.031537
137.814484 35.777534 0.203215
138.331223 34.836166 0.101617
126.801003 36.459000 0.028426
135.735184 33.969482 0.046505
107.440002 37.779999 0.003818
120.300003 36.080002 0.014213
135.970596 33.660805 0.038790
142.794403 43.646908 0.011387
132.358337 33.909935 0.040855
140.087006 36.105999 0.813799
135.685455 34.777840 0.071940
131.113037 34.020523 0.036690
140.535858 39.921391 1.097969
131.346085 34.189491 0.036492
144.970734 43.218189 0.012465
119.459999 36.750000 0.013789
139.131165 34.939308 0.102656
134.767303 34.984684 0.071742
140.183472 38.938103 1.926402
136.145035 34.986385 0.089301
138.327408 34.870670 0.106708
136.502289 34.758999 0.080674
126.135002 36.674000 0.023335
136.755646 36.817478 0.250426
140.442581 37.989929 2.895035
129.125504 33.255791 0.022582
140.836319 39.554455 1.789962
136.081070 20.425549 0.002698
106.589996 35.549999 0.001273
113.339996 23.180000 0.000212
126.602997 34.098000 0.018102
131.923141 34.767345 0.044056
138.017532 34.785950 0.094436
143.615677 44.219723 0.005716
120.989998 24.799999 0.001172
139.521927 35.419270 0.241073
139.270935 34.519634 0.055716
130.943146 34.294609 0.037757
133.972595 34.590286 0.056048
130.469452 31.675102 0.016299
138.499283 36.284714 0.397697
136.197388 35.792782 0.136988
140.732849 39.702682 1.505056
137.672333 34.835331 0.097207
119.269997 29.469999 0.005515
132.268814 34.575432 0.048529
138.209976 35.066975 0.125231
135.731003 34.539223 0.065149
131.629227 32.852222 0.029154
128.867996 37.771000 0.046810
134.155945 35.340591 0.072777
140.559784 39.327003 1.880065
132.921997 35.491909 0.070988
139.703461 39.942116 0.795539
141.598236 45.219769 0.006590
141.675293 39.596127 2.531660
139.902359 35.675465 0.441619
137.723373 34.672314 0.087513
117.400002 39.700001 0.011597
135.590118 34.221828 0.052869
142.195023 27.067532 0.006112
132.984375 36.093208 0.077017
133.655777 33.766975 0.037619
138.786057 34.776073 0.084201
142.717911 44.780170 0.006737
140.249451 35.129383 0.140491
130.238968 31.906164 0.017463
117.300003 32.900002 0.007566
137.873840 37.045174 0.432304
138.444214 35.904934 0.286114
142.625595 44.294567 0.007420
136.173141 34.493874 0.063620
139.992722 35.940292 0.667103
139.016708 36.395348 0.545977
140.259933 37.126293 1.869909
