81.836479 11.993977 0.002725
83.672913 11.987956 0.002672
85.509300 11.981938 0.002615
87.345657 11.975924 0.002553
89.181969 11.969913 0.002484
91.018242 11.963904 0.002410
92.854477 11.957899 0.002331
94.690666 11.951898 0.002245
96.526817 11.945898 0.002153
98.362923 11.939902 0.002055
100.198997 11.933909 0.001951
102.035027 11.927920 0.001840
103.871017 11.921934 0.001722
105.706963 11.915951 0.001596
107.542870 11.909970 0.001463
109.378738 11.903993 0.001319
111.214569 11.898019 0.001166
113.050362 11.892048 0.001002
114.886108 11.886080 0.000827
116.721817 11.880115 0.000643
118.557487 11.874153 0.000456
120.393112 11.868194 0.000287
122.228706 11.862238 0.000229
124.064255 11.856286 0.000358
125.899765 11.850336 0.000555
127.735229 11.844390 0.000756
129.570663 11.838447 0.000936
131.406052 11.832506 0.001074
133.241409 11.826569 0.001153
135.076721 11.820635 0.001155
136.911987 11.814703 0.001070
138.747223 11.808775 0.000895
140.582413 11.802850 0.000657
142.417572 11.796928 0.000480
144.252686 11.791009 0.000646
146.087753 11.785093 0.001087
147.922791 11.779181 0.001619
149.757782 11.773271 0.002174
151.592743 11.767365 0.002717
153.427658 11.761460 0.003226
155.262543 11.755560 0.003686
157.097382 11.749662 0.004089
158.932175 11.743768 0.004432
160.766937 11.737876 0.004717
162.601669 11.731988 0.004945
164.436356 11.726102 0.005121
166.270996 11.720220 0.005249
168.105606 11.714340 0.005334
169.940170 11.708464 0.005382
171.774704 11.702591 0.005399
173.609192 11.696720 0.005388
175.443634 11.690853 0.005356
177.278061 11.684989 0.005305
179.112427 11.679128 0.005238
180.946762 11.673269 0.005159
182.781067 11.667414 0.005068
184.615326 11.661562 0.004971
186.449539 11.655713 0.004868
188.283722 11.649866 0.004762
190.117874 11.644024 0.004655
191.951965 11.638184 0.004548
193.786041 11.632346 0.004443
195.620071 11.626513 0.004339
197.454056 11.620681 0.004239
199.288010 11.614853 0.004141
201.121933 11.609028 0.004046
81.849709 13.800868 0.002851
83.699356 13.793908 0.002805
85.548950 13.786952 0.002754
87.398491 13.780000 0.002699
89.247978 13.773050 0.002638
91.097412 13.766105 0.002572
92.946793 13.759163 0.002501
94.796112 13.752225 0.002424
96.645386 13.745291 0.002342
98.494598 13.738359 0.002254
100.343758 13.731432 0.002160
102.192863 13.724508 0.002060
104.041916 13.717588 0.001954
105.890915 13.710672 0.001839
107.739853 13.703759 0.001715
109.588745 13.696851 0.001579
111.437584 13.689945 0.001432
113.286362 13.683043 0.001269
115.135086 13.676145 0.001091
116.983765 13.669250 0.000895
118.832382 13.662359 0.000683
120.680946 13.655472 0.000457
122.529465 13.648587 0.000243
124.377922 13.641707 0.000209
126.226326 13.634830 0.000422
128.074677 13.627957 0.000672
129.922974 13.621088 0.000902
131.771225 13.614222 0.001087
133.619415 13.607360 0.001201
135.467560 13.600501 0.001222
137.315643 13.593646 0.001131
139.163681 13.586794 0.000925
141.011658 13.579947 0.000643
142.859573 13.573102 0.000517
144.707458 13.566261 0.000876
146.555267 13.559423 0.001476
148.403046 13.552590 0.002139
150.250763 13.545760 0.002795
152.098419 13.538934 0.003406
153.946030 13.532110 0.003947
155.793594 13.525291 0.004411
157.641098 13.518476 0.004796
159.488541 13.511662 0.005105
161.335938 13.504854 0.005344
163.183289 13.498049 0.005521
165.030594 13.491247 0.005644
166.877838 13.484449 0.005720
168.725021 13.477654 0.005755
170.572159 13.470864 0.005754
172.419250 13.464076 0.005724
174.266281 13.457293 0.005670
176.113266 13.450512 0.005598
177.960190 13.443735 0.005511
179.807068 13.436962 0.005412
181.653900 13.430193 0.005303
183.500671 13.423427 0.005186
185.347397 13.416664 0.005064
187.194077 13.409904 0.004940
189.040695 13.403149 0.004814
190.887253 13.396397 0.004689
192.733780 13.389648 0.004565
194.580246 13.382903 0.004445
196.426651 13.376162 0.004328
198.273026 13.369424 0.004215
200.119339 13.362689 0.004107
81.864983 15.607481 0.002977
83.729897 15.599567 0.002939
85.594742 15.591659 0.002897
87.459511 15.583754 0.002849
89.324211 15.575852 0.002798
91.188835 15.567956 0.002741
93.053398 15.560064 0.002680
94.917885 15.552176 0.002615
96.782295 15.544291 0.002545
98.646645 15.536412 0.002471
100.510918 15.528537 0.002392
102.375114 15.520665 0.002308
104.239250 15.512798 0.002216
106.103310 15.504935 0.002117
107.967300 15.497076 0.002008
109.831223 15.489222 0.001887
111.695068 15.481371 0.001751
113.558853 15.473525 0.001597
115.422562 15.465683 0.001422
117.286201 15.457845 0.001221
119.149773 15.450011 0.000993
121.013268 15.442182 0.000734
122.876701 15.434356 0.000448
124.740059 15.426535 0.000171
126.603348 15.418717 0.000262
128.466568 15.410905 0.000573
130.329727 15.403096 0.000876
132.192810 15.395291 0.001136
134.055817 15.387490 0.001320
135.918762 15.379694 0.001388
137.781631 15.371902 0.001299
139.644440 15.364114 0.001033
141.507172 15.356330 0.000645
143.369843 15.348550 0.000556
145.232437 15.340775 0.001160
147.094971 15.333002 0.001969
148.957428 15.325235 0.002809
150.819809 15.317472 0.003606
152.682129 15.309712 0.004308
154.544388 15.301957 0.004883
156.406570 15.294207 0.005331
158.268692 15.286459 0.005663
160.130737 15.278717 0.005902
161.992722 15.270978 0.006062
163.854630 15.263244 0.006159
165.716476 15.255513 0.006204
167.578247 15.247787 0.006207
169.439957 15.240065 0.006176
171.301605 15.232346 0.006116
173.163162 15.224632 0.006031
175.024673 15.216922 0.005929
176.886108 15.209216 0.005813
178.747482 15.201514 0.005687
180.608780 15.193816 0.005553
182.470016 15.186123 0.005414
184.331177 15.178433 0.005271
186.192276 15.170748 0.005125
188.053314 15.163066 0.004978
189.914276 15.155389 0.004833
191.775177 15.147716 0.004691
193.636002 15.140046 0.004552
195.496765 15.132381 0.004418
197.357468 15.124720 0.004289
199.218094 15.117063 0.004166
201.078659 15.109410 0.004048
81.882393 17.413780 0.003104
83.764694 17.404898 0.003075
85.646912 17.396019 0.003041
87.529030 17.387146 0.003004
89.411064 17.378277 0.002962
91.292999 17.369413 0.002918
93.174850 17.360556 0.002870
95.056610 17.351702 0.002819
96.938278 17.342852 0.002765
98.819855 17.334007 0.002709
100.701347 17.325167 0.002648
102.582748 17.316332 0.002584
104.464058 17.307503 0.002514
106.345276 17.298677 0.002437
108.226402 17.289856 0.002350
110.107445 17.281040 0.002250
111.988396 17.272230 0.002133
113.869255 17.263424 0.001995
115.750031 17.254622 0.001830
117.630707 17.245825 0.001629
119.511307 17.237034 0.001387
121.391808 17.228247 0.001097
123.272224 17.219463 0.000760
125.152550 17.210686 0.000387
127.032791 17.201914 0.000087
128.912949 17.193144 0.000459
130.792999 17.184381 0.000886
132.672974 17.175623 0.001282
134.552856 17.166868 0.001570
136.432663 17.158119 0.001666
138.312363 17.149374 0.001511
140.191986 17.140635 0.001087
142.071518 17.131899 0.000520
143.950974 17.123169 0.000831
145.830322 17.114443 0.001830
147.709595 17.105722 0.002900
149.588776 17.097006 0.003901
151.467865 17.088295 0.004768
153.346878 17.079588 0.005484
155.225800 17.070887 0.006054
157.104630 17.062189 0.006460
158.983383 17.053495 0.006702
160.862045 17.044807 0.006823
162.740616 17.036123 0.006862
164.619095 17.027445 0.006843
166.497498 17.018772 0.006782
168.375809 17.010101 0.006692
170.254044 17.001438 0.006579
172.132187 16.992777 0.006449
174.010239 16.984121 0.006304
175.888214 16.975471 0.006149
177.766098 16.966825 0.005986
179.643890 16.958183 0.005820
181.521591 16.949547 0.005652
183.399231 16.940916 0.005483
185.276764 16.932287 0.005314
187.154221 16.923666 0.005145
189.031586 16.915047 0.004979
190.908875 16.906433 0.004816
192.786072 16.897825 0.004658
194.663177 16.889221 0.004506
196.540207 16.880621 0.004360
198.417160 16.872026 0.004221
200.294006 16.863436 0.004089
81.902031 19.219734 0.003231
83.803940 19.209864 0.003211
85.705742 19.199997 0.003187
87.607430 19.190138 0.003161
89.509003 19.180283 0.003132
91.410469 19.170433 0.003102
93.311813 19.160589 0.003070
95.213051 19.150751 0.003037
97.114174 19.140919 0.003003
99.015182 19.131092 0.002968
100.916084 19.121269 0.002931
102.816864 19.111452 0.002893
104.717545 19.101641 0.002850
106.618103 19.091835 0.002802
108.518555 19.082035 0.002746
110.418892 19.072241 0.002676
112.319115 19.062450 0.002589
114.219231 19.052668 0.002477
116.119240 19.042889 0.002328
118.019127 19.033115 0.002132
119.918907 19.023348 0.001876
121.818581 19.013584 0.001557
123.718140 19.003828 0.001183
125.617592 18.994076 0.000762
127.516930 18.984329 0.000273
129.416153 18.974588 0.000335
131.315277 18.964853 0.000947
133.214279 18.955122 0.001488
135.113174 18.945398 0.001846
137.011963 18.935678 0.001922
138.910645 18.925964 0.001630
140.809219 18.916254 0.000946
142.707672 18.906551 0.000469
144.606018 18.896852 0.001709
146.504257 18.887161 0.003206
148.402390 18.877474 0.004638
150.300415 18.867790 0.005837
152.198318 18.858114 0.006714
154.096130 18.848442 0.007275
155.993820 18.838776 0.007602
157.891418 18.829115 0.007801
159.788895 18.819460 0.007892
161.686264 18.809811 0.007842
163.583527 18.800165 0.007711
165.480682 18.790525 0.007539
167.377716 18.780891 0.007346
169.274658 18.771261 0.007144
171.171494 18.761639 0.006939
173.068222 18.752020 0.006732
174.964828 18.742407 0.006523
176.861343 18.732800 0.006313
178.757736 18.723196 0.006105
180.654037 18.713598 0.005900
182.550217 18.704006 0.005698
184.446304 18.694420 0.005502
186.342285 18.684839 0.005309
188.238144 18.675262 0.005120
190.133911 18.665691 0.004936
192.029556 18.656126 0.004758
193.925110 18.646566 0.004588
195.820557 18.637011 0.004425
197.715897 18.627460 0.004269
199.611115 18.617916 0.004122
201.506241 18.608376 0.003982
81.923996 21.025311 0.003357
83.847855 21.014431 0.003347
85.771568 21.003557 0.003335
87.695145 20.992689 0.003321
89.618584 20.981827 0.003307
91.541885 20.970972 0.003293
93.465042 20.960121 0.003280
95.388062 20.949278 0.003268
97.310944 20.938442 0.003258
99.233688 20.927610 0.003249
101.156296 20.916786 0.003242
103.078766 20.905968 0.003236
105.001099 20.895155 0.003230
106.923294 20.884348 0.003220
108.845352 20.873547 0.003204
110.767265 20.862753 0.003178
112.689049 20.851965 0.003132
114.610695 20.841183 0.003055
116.532204 20.830406 0.002931
118.453575 20.819635 0.002744
120.374809 20.808872 0.002490
122.295906 20.798115 0.002188
124.216866 20.787363 0.001842
126.137695 20.776617 0.001342
128.058380 20.765877 0.000666
129.978943 20.755142 0.000177
131.899353 20.744415 0.000901
133.819641 20.733694 0.001604
135.739792 20.722979 0.002128
137.659805 20.712269 0.002277
139.579681 20.701565 0.001851
141.499435 20.690868 0.000767
143.419037 20.680176 0.001061
145.338516 20.669491 0.003164
147.257858 20.658812 0.005349
149.177063 20.648138 0.007279
151.096146 20.637470 0.008721
153.015076 20.626810 0.009572
154.933884 20.616154 0.009866
156.852554 20.605505 0.009756
158.771103 20.594862 0.009467
160.689499 20.584223 0.009187
162.607773 20.573593 0.008903
164.525925 20.562967 0.008555
166.443924 20.552347 0.008198
168.361801 20.541733 0.007853
170.279541 20.531126 0.007528
172.197159 20.520525 0.007224
174.114639 20.509930 0.006939
176.031982 20.499338 0.006667
177.949203 20.488756 0.006406
179.866287 20.478178 0.006155
181.783234 20.467606 0.005915
183.700058 20.457039 0.005685
185.616745 20.446480 0.005464
187.533310 20.435925 0.005251
189.449738 20.425377 0.005045
191.366043 20.414835 0.004847
193.282211 20.404299 0.004658
195.198242 20.393768 0.004478
197.114151 20.383244 0.004306
199.029938 20.372725 0.004144
200.945587 20.362213 0.003991
81.948425 22.830481 0.003479
83.896675 22.818567 0.003481
85.844757 22.806662 0.003482
87.792671 22.794762 0.003483
89.740417 22.782869 0.003486
91.687996 22.770985 0.003491
93.635406 22.759106 0.003500
95.582642 22.747234 0.003513
97.529716 22.735369 0.003531
99.476624 22.723511 0.003554
101.423355 22.711660 0.003584
103.369926 22.699816 0.003618
105.316330 22.687979 0.003656
107.262558 22.676147 0.003697
109.208626 22.664324 0.003735
111.154533 22.652508 0.003765
113.100266 22.640697 0.003774
115.045830 22.628895 0.003745
116.991234 22.617098 0.003658
118.936470 22.605309 0.003514
120.881538 22.593525 0.003368
122.826447 22.581749 0.003193
124.771187 22.569981 0.002785
126.715759 22.558218 0.002167
128.660172 22.546463 0.001441
130.604416 22.534714 0.000578
132.548492 22.522972 0.000672
134.492416 22.511236 0.001901
136.436172 22.499508 0.002915
138.379761 22.487785 0.003241
140.323181 22.476070 0.002501
142.266449 22.464363 0.000581
144.209549 22.452662 0.002272
146.152481 22.440968 0.005522
148.095261 22.429279 0.008585
150.037872 22.417599 0.011023
151.980316 22.405924 0.012600
153.922607 22.394255 0.013268
155.864731 22.382595 0.013128
157.806686 22.370941 0.012412
159.748489 22.359293 0.011450
161.690125 22.347652 0.010566
163.631607 22.336018 0.009913
165.572922 22.324390 0.009312
167.514084 22.312769 0.008753
169.455078 22.301155 0.008250
171.395920 22.289547 0.007803
173.336594 22.277946 0.007406
175.277115 22.266354 0.007048
177.217468 22.254765 0.006720
179.157654 22.243185 0.006414
181.097702 22.231609 0.006127
183.037582 22.220043 0.005858
184.977295 22.208483 0.005605
186.916855 22.196928 0.005366
188.856262 22.185381 0.005137
190.795502 22.173840 0.004919
192.734589 22.162306 0.004711
194.673508 22.150778 0.004514
196.612274 22.139256 0.004328
198.550888 22.127741 0.004151
200.489349 22.116234 0.003985
81.975456 24.635214 0.003599
83.950699 24.622240 0.003613
85.925743 24.609276 0.003628
87.900589 24.596319 0.003646
89.875229 24.583368 0.003668
91.849663 24.570427 0.003695
93.823898 24.557493 0.003729
95.797928 24.544567 0.003771
97.771751 24.531649 0.003822
99.745377 24.518738 0.003884
101.718803 24.505833 0.003957
103.692024 24.492937 0.004040
105.665047 24.480049 0.004135
107.637871 24.467169 0.004239
109.610489 24.454296 0.004347
111.582916 24.441431 0.004449
113.555130 24.428574 0.004529
115.527153 24.415724 0.004564
117.498978 24.402882 0.004565
119.470596 24.390047 0.004643
121.442017 24.377220 0.004727
123.413246 24.364401 0.004549
125.384270 24.351589 0.004230
127.355095 24.338785 0.003825
129.325729 24.325989 0.003006
131.296158 24.313200 0.001532
133.266388 24.300419 0.000698
135.236435 24.287643 0.002779
137.206268 24.274878 0.004418
139.175903 24.262119 0.004727
141.145355 24.249369 0.003050
143.114609 24.236624 0.000746
145.083664 24.223888 0.005569
147.052521 24.211161 0.010411
149.021179 24.198439 0.014203
150.989655 24.185724 0.016572
152.957932 24.173019 0.017648
154.926010 24.160320 0.017651
156.893890 24.147629 0.016762
158.861572 24.134947 0.015243
160.829071 24.122271 0.013480
162.796371 24.109602 0.011898
164.763489 24.096941 0.010756
166.730392 24.084288 0.009891
168.697113 24.071640 0.009134
170.663651 24.059002 0.008486
172.629990 24.046371 0.007932
174.596130 24.033747 0.007456
176.562088 24.021132 0.007040
178.527847 24.008522 0.006668
180.493408 23.995920 0.006328
182.458786 23.983326 0.006016
184.423981 23.970739 0.005727
186.388977 23.958160 0.005458
188.353775 23.945589 0.005206
190.318405 23.933025 0.004968
192.282822 23.920467 0.004743
194.247055 23.907919 0.004530
196.211105 23.895376 0.004328
198.174957 23.882841 0.004139
200.138626 23.870314 0.003961
82.005249 26.439484 0.003714
84.010254 26.425421 0.003741
86.015015 26.411367 0.003773
88.019539 26.397322 0.003809
90.023819 26.383286 0.003852
92.027855 26.369259 0.003904
94.031647 26.355238 0.003966
96.035194 26.341228 0.004041
98.038506 26.327227 0.004131
100.041580 26.313232 0.004237
102.044411 26.299248 0.004362
104.046997 26.285271 0.004505
106.049347 26.271303 0.004669
108.051460 26.257345 0.004852
110.053329 26.243393 0.005047
112.054962 26.229452 0.005239
114.056358 26.215517 0.005409
116.057510 26.201593 0.005568
118.058434 26.187675 0.005901
120.059113 26.173767 0.006319
122.059555 26.159868 0.006506
124.059761 26.145977 0.006734
126.059731 26.132093 0.006980
128.059464 26.118219 0.006608
130.058960 26.104353 0.005247
132.058212 26.090496 0.002955
134.057251 26.076647 0.000682
136.056030 26.062807 0.004010
138.054596 26.048975 0.006872
140.052917 26.035151 0.006975
142.050995 26.021336 0.003029
144.048859 26.007528 0.004771
146.046478 25.993731 0.013183
148.043869 25.979940 0.020007
150.041016 25.966160 0.023862
152.037933 25.952385 0.024860
154.034622 25.938622 0.024028
156.031082 25.924864 0.022419
158.027313 25.911116 0.020311
160.023300 25.897377 0.017792
162.019073 25.883646 0.015172
164.014603 25.869923 0.012911
166.009903 25.856207 0.011305
168.004974 25.842501 0.010198
169.999817 25.828802 0.009279
171.994431 25.815113 0.008520
173.988815 25.801432 0.007890
175.982971 25.787758 0.007361
177.976898 25.774094 0.006907
179.970596 25.760437 0.006507
181.964066 25.746788 0.006148
183.957306 25.733149 0.005821
185.950317 25.719517 0.005521
187.943115 25.705893 0.005245
189.935669 25.692278 0.004988
191.928009 25.678671 0.004746
193.920120 25.665071 0.004518
195.912003 25.651482 0.004304
197.903656 25.637897 0.004104
199.895096 25.624325 0.003915
201.886307 25.610758 0.003739
82.038002 28.243263 0.003822
84.075706 28.228077 0.003865
86.113136 28.212902 0.003913
88.150269 28.197737 0.003970
90.187111 28.182579 0.004036
92.223679 28.167433 0.004115
94.259949 28.152296 0.004209
96.295937 28.137167 0.004322
98.331635 28.122049 0.004456
100.367050 28.106941 0.004613
102.402184 28.091841 0.004798
104.437035 28.076752 0.005014
106.471596 28.061672 0.005262
108.505875 28.046600 0.005539
110.539871 28.031540 0.005838
112.573578 28.016489 0.006141
114.607010 28.001446 0.006452
116.640160 27.986414 0.007019
118.673019 27.971390 0.007814
120.705605 27.956377 0.008453
122.737907 27.941372 0.009387
124.769936 27.926378 0.010591
126.801674 27.911392 0.011197
128.833130 27.896416 0.010862
130.864319 27.881451 0.009566
132.895218 27.866493 0.006379
134.925842 27.851545 0.001091
136.956192 27.836607 0.006881
138.986267 27.821678 0.012188
141.016052 27.806759 0.010467
143.045563 27.791849 0.002319
145.074814 27.776947 0.016601
147.103775 27.762056 0.029744
149.132446 27.747173 0.036746
151.160858 27.732302 0.038028
153.188995 27.717438 0.035459
155.216858 27.702583 0.031137
157.244446 27.687738 0.026874
159.271759 27.672903 0.023147
161.298798 27.658077 0.019548
163.325562 27.643259 0.016144
165.352051 27.628452 0.013352
167.378265 27.613653 0.011441
169.404205 27.598864 0.010171
171.429886 27.584084 0.009154
173.455292 27.569313 0.008336
175.480423 27.554552 0.007670
177.505280 27.539801 0.007119
179.529877 27.525057 0.006651
181.554199 27.510323 0.006242
183.578247 27.495598 0.005877
185.602036 27.480883 0.005548
187.625549 27.466177 0.005248
189.648788 27.451479 0.004972
191.671768 27.436792 0.004716
193.694473 27.422113 0.004476
195.716919 27.407444 0.004252
197.739105 27.392782 0.004041
199.761002 27.378132 0.003845
201.782654 27.363489 0.003661
82.073914 30.046530 0.003923
84.147491 30.030184 0.003982
86.220726 30.013849 0.004049
88.293617 29.997524 0.004126
90.366173 29.981211 0.004218
92.438393 29.964907 0.004327
94.510277 29.948614 0.004457
96.581818 29.932333 0.004611
98.653023 29.916061 0.004794
100.723892 29.899801 0.005010
102.794418 29.883553 0.005265
104.864616 29.867313 0.005564
106.934479 29.851084 0.005911
109.004005 29.834866 0.006299
111.073204 29.818659 0.006721
113.142059 29.802462 0.007169
115.210587 29.786276 0.007894
117.278778 29.770100 0.009060
119.346642 29.753935 0.010160
121.414177 29.737780 0.011804
123.481377 29.721636 0.014147
125.548241 29.705502 0.016208
127.614784 29.689379 0.017894
129.680984 29.673265 0.019344
131.746872 29.657164 0.018472
133.812424 29.641071 0.013361
135.877640 29.624990 0.002536
137.942535 29.608919 0.013664
140.007111 29.592859 0.023809
142.071350 29.576809 0.013175
144.135254 29.560768 0.018943
146.198853 29.544739 0.048614
148.262115 29.528721 0.062906
150.325058 29.512712 0.062319
152.387665 29.496714 0.055063
154.449951 29.480726 0.045897
156.511917 29.464750 0.037053
158.573563 29.448782 0.029863
160.634888 29.432825 0.024584
162.695892 29.416880 0.020083
164.756561 29.400944 0.016136
166.816925 29.385017 0.013092
168.876953 29.369102 0.011124
170.936676 29.353197 0.009800
172.996063 29.337303 0.008766
175.055145 29.321417 0.007946
177.113907 29.305544 0.007287
179.172333 29.289679 0.006745
181.230453 29.273825 0.006286
183.288269 29.257982 0.005885
185.345749 29.242147 0.005528
187.402924 29.226326 0.005207
189.459778 29.210512 0.004916
191.516312 29.194710 0.004648
193.572540 29.178917 0.004399
195.628448 29.163134 0.004166
197.684052 29.147362 0.003949
199.739319 29.131599 0.003746
201.794296 29.115849 0.003557
82.113243 31.849258 0.004015
84.226082 31.831711 0.004090
86.338516 31.814175 0.004176
88.450562 31.796650 0.004277
90.562202 31.779137 0.004395
92.673447 31.761637 0.004536
94.784294 31.744148 0.004704
96.894745 31.726671 0.004904
99.004799 31.709208 0.005141
101.114464 31.691753 0.005424
103.223724 31.674313 0.005758
105.332596 31.656883 0.006154
107.441078 31.639465 0.006611
109.549164 31.622061 0.007127
111.656860 31.604666 0.007695
113.764160 31.587284 0.008482
115.871071 31.569914 0.009930
117.977592 31.552555 0.011446
120.083725 31.535208 0.013629
122.189461 31.517872 0.017059
124.294815 31.500547 0.020772
126.399780 31.483236 0.024990
128.504364 31.465937 0.030624
130.608551 31.448647 0.035422
132.712357 31.431370 0.037533
134.815781 31.414104 0.031219
136.918808 31.396851 0.007051
139.021469 31.379608 0.034723
141.123734 31.362379 0.050964
143.225616 31.345160 0.010020
145.327118 31.327951 0.083604
147.428238 31.310757 0.117892
149.528976 31.293571 0.112687
151.629318 31.276400 0.091114
153.729309 31.259239 0.069250
155.828903 31.242088 0.052312
157.928116 31.224951 0.039456
160.026947 31.207825 0.030330
162.125412 31.190708 0.024180
164.223495 31.173605 0.019213
166.321198 31.156513 0.015121
168.418533 31.139433 0.012189
170.515488 31.122362 0.010402
172.612076 31.105305 0.009134
174.708267 31.088259 0.008156
176.804108 31.071224 0.007388
178.899567 31.054199 0.006772
180.994644 31.037188 0.006266
183.089355 31.020187 0.005833
185.183701 31.003197 0.005454
187.277679 30.986219 0.005117
189.371277 30.969252 0.004814
191.464508 30.952295 0.004537
193.557358 30.935352 0.004283
195.649857 30.918419 0.004046
197.741974 30.901497 0.003825
199.833725 30.884586 0.003619
201.925110 30.867687 0.003427
82.156250 33.651428 0.004096
84.312027 33.632629 0.004188
86.467339 33.613846 0.004294
88.622185 33.595078 0.004418
90.776558 33.576321 0.004565
92.930473 33.557575 0.004740
95.083923 33.538845 0.004948
97.236908 33.520126 0.005197
99.389427 33.501423 0.005493
101.541481 33.482735 0.005847
103.693077 33.464054 0.006271
105.844208 33.445389 0.006771
107.994881 33.426739 0.007351
110.145096 33.408100 0.008009
112.294853 33.389477 0.008805
114.444153 33.370861 0.010344
116.592987 33.352264 0.012219
118.741371 33.333679 0.014661
120.889297 33.315105 0.018838
123.036774 33.296543 0.024036
125.183792 33.277996 0.030456
127.330353 33.259464 0.040494
129.476471 33.240944 0.052848
131.622131 33.222435 0.068707
133.767334 33.203938 0.084277
135.912094 33.185455 0.083787
138.056396 33.166988 0.026866
140.200256 33.148533 0.117144
142.343658 33.130089 0.065775
144.486618 33.111656 0.162811
146.629135 33.093239 0.249852
148.771194 33.074837 0.216091
150.912827 33.056442 0.156896
153.054001 33.038063 0.107185
155.194733 33.019699 0.073158
157.335022 33.001343 0.051639
159.474869 32.983006 0.037275
161.614273 32.964676 0.028112
163.753235 32.946362 0.022001
165.891754 32.928059 0.017107
168.029831 32.909767 0.013338
170.167480 32.891491 0.010876
172.304672 32.873226 0.009382
174.441437 32.854977 0.008258
176.577774 32.836739 0.007393
178.713669 32.818512 0.006715
180.849121 32.800297 0.006168
182.984146 32.782097 0.005713
185.118729 32.763908 0.005319
187.252884 32.745731 0.004973
189.386597 32.727570 0.004663
191.519882 32.709419 0.004383
193.652740 32.691280 0.004126
195.785172 32.673157 0.003889
197.917160 32.655045 0.003668
200.048721 32.636944 0.003462
82.203255 35.453018 0.004164
84.405968 35.432922 0.004273
86.608131 35.412838 0.004399
88.809746 35.392769 0.004547
91.010818 35.372715 0.004723
93.211349 35.352676 0.004933
95.411331 35.332653 0.005183
97.610779 35.312645 0.005483
99.809677 35.292652 0.005842
102.008041 35.272671 0.006273
104.205864 35.252705 0.006791
106.403145 35.232754 0.007402
108.599892 35.212818 0.008113
110.796097 35.192898 0.008930
112.991776 35.172993 0.010308
115.186913 35.153099 0.012447
117.381516 35.133224 0.014929
119.575592 35.113361 0.019276
121.769127 35.093510 0.025471
123.962135 35.073677 0.033190
126.154617 35.053860 0.046165
128.346558 35.034054 0.064646
130.537979 35.014263 0.094238
132.728882 34.994488 0.140548
134.919250 34.974728 0.207802
137.109085 34.954979 0.261583
139.298401 34.935246 0.211636
141.487198 34.915527 1.070803
143.675461 34.895824 0.351839
145.863205 34.876137 0.611137
148.050430 34.856461 0.436897
150.237137 34.836800 0.265293
152.423325 34.817154 0.160548
154.608994 34.797520 0.098967
156.794144 34.777901 0.064633
158.978775 34.758297 0.044360
161.162888 34.738708 0.031603
163.346497 34.719131 0.024012
165.529587 34.699574 0.018560
167.712158 34.680023 0.014244
169.894211 34.660492 0.011222
172.075760 34.640972 0.009436
174.256805 34.621468 0.008209
176.437332 34.601978 0.007274
178.617355 34.582500 0.006553
180.796860 34.563038 0.005983
182.975876 34.543591 0.005516
185.154373 34.524158 0.005118
187.332367 34.504738 0.004771
189.509842 34.485332 0.004462
191.686829 34.465939 0.004183
193.863312 34.446560 0.003930
196.039291 34.427197 0.003696
198.214767 34.407845 0.003478
200.389740 34.388508 0.003275
82.254631 37.254013 0.004217
84.508621 37.232555 0.004342
86.761978 37.211117 0.004488
89.014694 37.189690 0.004660
91.266769 37.168285 0.004865
93.518219 37.146893 0.005110
95.769028 37.125519 0.005403
98.019211 37.104160 0.005754
100.268761 37.082821 0.006178
102.517677 37.061493 0.006689
104.765968 37.040184 0.007303
107.013626 37.018894 0.008027
109.260666 36.997616 0.008871
111.507072 36.976357 0.009984
113.752861 36.955116 0.012124
115.998016 36.933887 0.014623
118.242561 36.912678 0.018530
120.486481 36.891483 0.024970
122.729774 36.870304 0.033194
124.972458 36.849140 0.046434
127.214516 36.827995 0.067639
129.455963 36.806866 0.103416
131.696793 36.785751 0.166965
133.937012 36.764656 0.290465
136.176620 36.743572 0.518914
138.415604 36.722507 0.936947
140.653992 36.701458 2.061037
142.891754 36.680424 14.332382
145.128922 36.659409 1.488610
147.365463 36.638409 0.812101
149.601410 36.617420 0.402627
151.836761 36.596451 0.213413
154.071503 36.575500 0.122620
156.305634 36.554562 0.074311
158.539154 36.533638 0.048989
160.772095 36.512733 0.033842
163.004425 36.491844 0.024830
165.236160 36.470970 0.019082
167.467285 36.450111 0.014585
169.697830 36.429268 0.011268
171.927765 36.408440 0.009232
174.157104 36.387630 0.007971
176.385864 36.366837 0.007010
178.614029 36.346054 0.006277
180.841583 36.325291 0.005703
183.068573 36.304543 0.005240
185.294952 36.283810 0.004850
187.520752 36.263092 0.004511
189.745972 36.242393 0.004211
191.970596 36.221706 0.003941
194.194641 36.201035 0.003695
196.418091 36.180382 0.003468
198.640961 36.159740 0.003258
200.863251 36.139118 0.003061
82.310783 39.054390 0.004253
84.620819 39.031509 0.004394
86.930115 39.008648 0.004559
89.238663 38.985802 0.004754
91.546478 38.962978 0.004987
93.853546 38.940170 0.005265
96.159874 38.917381 0.005600
98.465469 38.894611 0.006003
100.770332 38.871861 0.006490
103.074455 38.849125 0.007080
105.377846 38.826412 0.007785
107.680504 38.803715 0.008618
109.982437 38.781036 0.009597
112.283638 38.758373 0.011313
114.584114 38.735733 0.013877
116.883865 38.713108 0.017090
119.182892 38.690502 0.022874
121.481194 38.667915 0.031037
123.778770 38.645344 0.042467
126.075630 38.622795 0.062923
128.371780 38.600262 0.095477
130.667206 38.577744 0.155749
132.961914 38.555248 0.278635
135.255905 38.532768 0.534310
137.549179 38.510307 1.104264
139.841751 38.487865 2.882514
142.133606 38.465439 13.828030
144.424759 38.443031 0.567809
146.715195 38.420643 0.926733
149.004929 38.398270 0.438982
151.293961 38.375916 0.224933
153.582291 38.353580 0.126615
155.869919 38.331261 0.075463
158.156845 38.308960 0.048822
160.443069 38.286678 0.033424
162.728592 38.264412 0.024069
165.013412 38.242165 0.018465
167.297546 38.219933 0.014159
169.580978 38.197723 0.010862
171.863724 38.175526 0.008759
174.145782 38.153351 0.007526
176.427139 38.131191 0.006592
178.707809 38.109047 0.005882
180.987808 38.086922 0.005331
183.267105 38.064816 0.004889
185.545715 38.042725 0.004519
187.823639 38.020653 0.004198
190.100891 37.998600 0.003914
192.377457 37.976562 0.003658
194.653336 37.954540 0.003425
196.928543 37.932537 0.003210
199.203079 37.910553 0.003010
201.476929 37.888584 0.002823
82.372192 40.854137 0.004269
84.743523 40.829758 0.004425
87.113983 40.805401 0.004608
89.483574 40.781063 0.004825
91.852303 40.756748 0.005083
94.220169 40.732452 0.005393
96.587173 40.708179 0.005767
98.953323 40.683926 0.006217
101.318611 40.659691 0.006765
103.683044 40.635479 0.007425
106.046623 40.611286 0.008213
108.409355 40.587112 0.009142
110.771233 40.562962 0.010351
113.132263 40.538834 0.012689
115.492455 40.514721 0.015485
117.851791 40.490631 0.019902
120.210289 40.466560 0.027238
122.567947 40.442513 0.036845
124.924767 40.418484 0.052903
127.280746 40.394474 0.078886
129.635880 40.370487 0.124927
131.990189 40.346519 0.209754
134.343674 40.322571 0.380646
136.696320 40.298641 0.711644
139.048126 40.274734 1.296847
141.399124 40.250847 1.664347
143.749283 40.226978 0.677594
146.098618 40.203129 0.200689
148.447144 40.179302 0.239792
150.794830 40.155495 0.159745
153.141708 40.131706 0.100956
155.487762 40.107941 0.063982
157.833008 40.084190 0.042494
160.177444 40.060463 0.029702
162.521057 40.036755 0.021571
164.863861 40.013065 0.016717
167.205856 39.989395 0.012946
169.547043 39.965748 0.009958
171.887436 39.942116 0.008004
174.227005 39.918507 0.006882
176.565781 39.894917 0.006029
178.903763 39.871346 0.005378
181.240936 39.847794 0.004875
183.577316 39.824265 0.004471
185.912888 39.800751 0.004134
188.247681 39.777260 0.003840
190.581665 39.753784 0.003578
192.914871 39.730331 0.003343
195.247284 39.706898 0.003127
197.578903 39.683483 0.002927
199.909744 39.660088 0.002739
202.239792 39.636711 0.002564
82.439423 42.653236 0.004265
84.877831 42.627281 0.004433
87.315224 42.601345 0.004632
89.751610 42.575436 0.004867
92.186989 42.549549 0.005149
94.621361 42.523682 0.005487
97.054733 42.497841 0.005894
99.487099 42.472023 0.006387
101.918472 42.446228 0.006986
104.348846 42.420460 0.007705
106.778221 42.394711 0.008558
109.206612 42.368984 0.009562
111.634010 42.343281 0.011174
114.060417 42.317604 0.013806
116.485840 42.291946 0.016971
118.910278 42.266312 0.022602
121.333740 42.240704 0.030812
123.756218 42.215115 0.041840
126.177719 42.189548 0.061241
128.598251 42.164005 0.090505
131.017807 42.138489 0.141107
133.436386 42.112991 0.228192
135.854004 42.087517 0.365255
138.270660 42.062065 0.504684
140.686340 42.036636 0.386260
143.101074 42.011230 0.149299
145.514832 41.985844 0.127774
147.927643 41.960484 0.026799
150.339493 41.935143 0.064170
152.750381 41.909828 0.057935
155.160324 41.884533 0.043322
157.569321 41.859261 0.031592
159.977371 41.834011 0.023409
162.384476 41.808784 0.017672
164.790634 41.783577 0.014088
167.195847 41.758392 0.011099
169.600128 41.733234 0.008634
172.003464 41.708092 0.007007
174.405869 41.682976 0.006079
176.807343 41.657883 0.005351
179.207886 41.632809 0.004790
181.607483 41.607758 0.004353
184.006180 41.582726 0.004002
186.403931 41.557720 0.003706
188.800766 41.532734 0.003447
191.196671 41.507771 0.003214
193.591675 41.482826 0.003001
195.985748 41.457909 0.002806
198.378906 41.433010 0.002623
200.771149 41.408131 0.002452
82.513107 44.451679 0.004237
85.025032 44.424049 0.004416
87.535774 44.396446 0.004628
90.045341 44.368870 0.004879
92.553726 44.341316 0.005179
95.060936 44.313793 0.005539
97.566978 44.286297 0.005974
100.071854 44.258823 0.006500
102.575569 44.231377 0.007137
105.078117 44.203960 0.007896
107.579498 44.176563 0.008791
110.079735 44.149197 0.009862
112.578812 44.121857 0.011888
115.076736 44.094540 0.014556
117.573509 44.067249 0.018200
120.069145 44.039986 0.024525
122.563629 44.012749 0.032841
125.056976 43.985535 0.044663
127.549187 43.958351 0.063823
130.040268 43.931190 0.091005
132.530197 43.904053 0.130827
135.019012 43.876942 0.181945
137.506699 43.849857 0.217335
139.993256 43.822800 0.166866
142.478699 43.795765 0.022105
144.963013 43.768757 0.062601
147.446213 43.741776 0.032363
149.928299 43.714817 0.008953
152.409286 43.687885 0.022054
154.889145 43.660976 0.022731
157.367905 43.634094 0.019822
159.845566 43.607235 0.016219
162.322128 43.580402 0.013189
164.797577 43.553596 0.011022
167.271942 43.526814 0.008894
169.745209 43.500057 0.007061
172.217377 43.473324 0.005869
174.688477 43.446617 0.005180
177.158478 43.419933 0.004600
179.627396 43.393276 0.004147
182.095230 43.366642 0.003792
184.561981 43.340031 0.003502
187.027664 43.313446 0.003253
189.492279 43.286888 0.003032
191.955811 43.260349 0.002830
194.418274 43.233841 0.002644
196.879684 43.207352 0.002471
199.340012 43.180889 0.002308
201.799301 43.154453 0.002153
82.594009 46.249443 0.004186
85.186630 46.220036 0.004372
87.777878 46.190659 0.004593
90.367737 46.161316 0.004855
92.956223 46.131996 0.005168
95.543335 46.102711 0.005544
98.129082 46.073456 0.005997
100.713463 46.044228 0.006544
103.296486 46.015030 0.007201
105.878151 45.985863 0.007977
108.458458 45.956722 0.008881
111.037415 45.927612 0.010058
113.615021 45.898533 0.012291
116.191292 45.869484 0.014874
118.766212 45.840462 0.018831
121.339798 45.811470 0.025122
123.912056 45.782505 0.032730
126.482979 45.753571 0.043573
129.052582 45.724667 0.058782
131.620850 45.695793 0.076917
134.187805 45.666943 0.095295
136.753433 45.638126 0.102757
139.317749 45.609337 0.081069
141.880768 45.580574 0.027609
144.442474 45.551842 0.017346
147.002869 45.523140 0.023728
149.561966 45.494465 0.009842
152.119766 45.465820 0.003623
154.676285 45.437202 0.008661
157.231491 45.408611 0.010335
159.785431 45.380051 0.009818
162.338074 45.351517 0.009004
164.889435 45.323013 0.007984
167.439514 45.294537 0.006641
169.988327 45.266087 0.005448
172.535873 45.237667 0.004714
175.082138 45.209274 0.004252
177.627151 45.180908 0.003825
180.170883 45.152573 0.003487
182.713364 45.124264 0.003217
185.254593 45.095982 0.002990
187.794571 45.067726 0.002791
190.333298 45.039501 0.002608
192.870773 45.011303 0.002439
195.407013 44.983131 0.002281
197.942001 44.954990 0.002131
200.475754 44.926872 0.001987
82.683006 48.046520 0.004109
85.364395 48.015217 0.004300
88.044159 47.983952 0.004526
90.722305 47.952717 0.004794
93.398834 47.921520 0.005114
96.073761 47.890354 0.005497
98.747086 47.859222 0.005956
101.418816 47.828125 0.006509
104.088943 47.797058 0.007165
106.757484 47.766029 0.007930
109.424446 47.735031 0.008804
112.089821 47.704067 0.010082
114.753624 47.673138 0.012271
117.415848 47.642239 0.014679
120.076508 47.611374 0.018537
122.735603 47.580544 0.024084
125.393143 47.549747 0.030168
128.049118 47.518982 0.038054
130.703552 47.488251 0.047064
133.356430 47.457550 0.053819
136.007782 47.426884 0.054372
138.657578 47.396252 0.042735
141.305847 47.365650 0.019729
143.952591 47.335083 0.003172
146.597809 47.304546 0.012374
149.241501 47.274044 0.009870
151.883667 47.243572 0.003797
154.524338 47.213131 0.001557
157.163483 47.182724 0.004118
159.801132 47.152351 0.005179
162.437286 47.122009 0.005627
165.071930 47.091698 0.005311
167.705093 47.061420 0.004601
170.336761 47.031174 0.003986
172.966934 47.000957 0.003649
175.595642 46.970776 0.003359
178.222870 46.940620 0.003074
180.848618 46.910503 0.002845
183.472900 46.880413 0.002654
186.095718 46.850357 0.002487
188.717072 46.820332 0.002334
191.336975 46.790337 0.002190
193.955414 46.760372 0.002052
196.572403 46.730438 0.001920
199.187958 46.700539 0.001793
201.802063 46.670670 0.001669
82.781151 49.842896 0.004005
85.560394 49.809563 0.004198
88.337730 49.776272 0.004424
91.113167 49.743015 0.004693
93.886703 49.709801 0.005012
96.658356 49.676624 0.005392
99.428123 49.643486 0.005846
102.196014 49.610386 0.006386
104.962036 49.577324 0.007018
107.726189 49.544304 0.007740
110.488487 49.511318 0.008547
113.248924 49.478371 0.009844
116.007507 49.445465 0.011804
118.764252 49.412594 0.013889
121.519165 49.379761 0.017179
124.272232 49.346966 0.021451
127.023483 49.314209 0.025440
129.772903 49.281490 0.029434
132.520508 49.248806 0.032458
135.266312 49.216164 0.031395
138.010300 49.183556 0.024867
140.752487 49.150986 0.013439
143.492889 49.118454 0.001847
146.231491 49.085957 0.005850
148.968307 49.053497 0.006988
151.703339 49.021076 0.004563
154.436615 48.988693 0.001545
157.168106 48.956345 0.000728
159.897842 48.924030 0.002348
162.625809 48.891754 0.003130
165.352036 48.859516 0.003177
168.076508 48.827312 0.002954
170.799225 48.795147 0.002791
173.520218 48.763020 0.002716
176.239471 48.730923 0.002546
178.957001 48.698864 0.002384
181.672806 48.666843 0.002246
184.386902 48.634857 0.002124
187.099274 48.602905 0.002010
189.809937 48.570992 0.001898
192.518890 48.539112 0.001788
195.226151 48.507267 0.001679
197.931717 48.475460 0.001571
200.635590 48.443684 0.001464
82.889687 51.638554 0.003876
85.777115 51.603035 0.004066
88.662292 51.567562 0.004288
91.545227 51.532135 0.004551
94.425926 51.496750 0.004861
97.304405 51.461414 0.005228
100.180656 51.426117 0.005662
103.054703 51.390869 0.006172
105.926537 51.355659 0.006755
108.796173 51.320499 0.007402
111.663620 51.285381 0.008106
114.528885 51.250305 0.009294
117.391975 51.215275 0.010909
120.252892 51.180286 0.012505
123.111649 51.145344 0.014871
125.968246 51.110443 0.017621
128.822693 51.075584 0.019506
131.675003 51.040771 0.020148
134.525177 51.005997 0.019178
137.373230 50.971268 0.015399
140.219147 50.936584 0.009110
143.062973 50.901939 0.002426
145.904663 50.867340 0.002650
148.744278 50.832779 0.004429
151.581787 50.798264 0.003952
154.417206 50.763790 0.002418
157.250549 50.729359 0.000692
160.081818 50.694965 0.000756
162.911011 50.660618 0.001402
165.738159 50.626312 0.001652
168.563248 50.592045 0.001774
171.386276 50.557823 0.001895
174.207275 50.523640 0.001914
177.026230 50.489498 0.001846
179.843170 50.455399 0.001777
182.658081 50.421337 0.001710
185.470978 50.387321 0.001642
188.281860 50.353344 0.001569
191.090744 50.319405 0.001492
193.897629 50.285511 0.001410
196.702515 50.251656 0.001326
199.505417 50.217838 0.001239
202.306351 50.184063 0.001151
83.010094 53.433479 0.003722
86.017509 53.395599 0.003905
89.022255 53.357769 0.004118
92.024353 53.319992 0.004368
95.023796 53.282265 0.004661
98.020607 53.244587 0.005004
101.014786 53.206966 0.005405
104.006348 53.169392 0.005865
106.995300 53.131870 0.006377
109.981659 53.094398 0.006921
112.965424 53.056980 0.007486
115.946602 53.019608 0.008446
118.925209 52.982288 0.009649
121.901260 52.945019 0.010653
124.874756 52.907799 0.011949
127.845703 52.870632 0.013238
130.814117 52.833511 0.013533
133.779999 52.796440 0.012327
136.743378 52.759418 0.009715
139.704239 52.722446 0.006000
142.662598 52.685528 0.002011
145.618469 52.648651 0.001372
148.571854 52.611828 0.002954
151.522766 52.575050 0.003063
154.471222 52.538326 0.002237
157.417206 52.501644 0.001222
160.360748 52.465015 0.000543
163.301849 52.428432 0.000498
166.240524 52.391899 0.000766
169.176773 52.355412 0.001035
172.110611 52.318974 0.001226
175.042038 52.282581 0.001266
177.971069 52.246235 0.001272
180.897720 52.209938 0.001264
183.821976 52.173691 0.001246
186.743866 52.137486 0.001216
189.663391 52.101330 0.001174
192.580551 52.065220 0.001123
195.495361 52.029160 0.001064
198.407837 51.993141 0.001000
201.317978 51.957172 0.000930
83.144173 55.227657 0.003544
86.285156 55.187202 0.003716
89.422966 55.146812 0.003915
92.557610 55.106480 0.004146
95.689095 55.066208 0.004414
98.817451 55.025993 0.004723
101.942680 54.985844 0.005077
105.064789 54.945751 0.005472
108.183800 54.905716 0.005892
111.299721 54.865742 0.006311
114.412567 54.825825 0.006707
117.522346 54.785969 0.007358
120.629074 54.746170 0.008131
123.732758 54.706429 0.008560
126.833420 54.666748 0.008875
129.931061 54.627121 0.008988
133.025696 54.587555 0.008348
136.117325 54.548046 0.006687
139.205994 54.508595 0.004256
142.291672 54.469196 0.001660
145.374405 54.429859 0.000643
148.454178 54.390575 0.001838
151.531021 54.351353 0.002200
154.604935 54.312183 0.001980
157.675949 54.273067 0.001523
160.744049 54.234013 0.001036
163.809250 54.195011 0.000649
166.871582 54.156063 0.000522
169.931030 54.117172 0.000639
172.987640 54.078339 0.000732
176.041382 54.039558 0.000786
179.092300 54.000832 0.000825
182.140381 53.962162 0.000849
185.185654 53.923546 0.000857
188.228119 53.884983 0.000850
191.267776 53.846474 0.000829
194.304657 53.808022 0.000796
197.338760 53.769619 0.000754
200.370117 53.731274 0.000705
83.294113 57.021057 0.003343
86.584412 56.977791 0.003501
89.870895 56.934597 0.003681
93.153587 56.891476 0.003888
96.432510 56.848423 0.004124
99.707672 56.805443 0.004390
102.979095 56.762531 0.004686
106.246788 56.719688 0.005002
109.510780 56.676914 0.005317
112.771080 56.634212 0.005598
116.027702 56.591576 0.005810
119.280670 56.549011 0.006122
122.529991 56.506512 0.006488
125.775681 56.464081 0.006471
129.017761 56.421719 0.006096
132.256241 56.379425 0.005439
135.491150 56.337196 0.004367
138.722488 56.295036 0.002868
141.950272 56.252941 0.001198
145.174515 56.210911 0.000398
148.395248 56.168949 0.001367
151.612473 56.127056 0.001842
154.826202 56.085224 0.001868
158.036469 56.043461 0.001603
161.243256 56.001762 0.001216
164.446609 55.960129 0.000853
167.646530 55.918560 0.000608
170.843033 55.877052 0.000507
174.036118 55.835613 0.000480
177.225830 55.794235 0.000491
180.412155 55.752922 0.000514
183.595123 55.711674 0.000537
186.774750 55.670486 0.000550
189.951035 55.629364 0.000551
193.124008 55.588306 0.000540
196.293671 55.547306 0.000518
199.460037 55.506374 0.000487
202.623123 55.465500 0.000448
83.462616 58.813652 0.003124
86.920616 58.767296 0.003263
90.374016 58.721020 0.003421
93.822845 58.674831 0.003599
97.267128 58.628723 0.003796
100.706879 58.582699 0.004012
104.142120 58.536758 0.004241
107.572884 58.490898 0.004470
110.999184 58.445118 0.004672
114.421043 58.399422 0.004813
117.838493 58.353809 0.004850
121.251534 58.308273 0.004848
124.660202 58.262817 0.004856
128.064514 58.217445 0.004560
131.464493 58.172150 0.003878
134.860168 58.126934 0.002918
138.251541 58.081799 0.001785
141.638641 58.036743 0.000613
145.021500 57.991764 0.000475
148.400116 57.946861 0.001215
151.774521 57.902039 0.001595
155.144745 57.857292 0.001641
158.510788 57.812622 0.001469
161.872681 57.768032 0.001208
165.230438 57.723515 0.000945
168.584076 57.679073 0.000743
171.933624 57.634708 0.000593
175.279099 57.590420 0.000484
178.620514 57.546207 0.000413
181.957886 57.502068 0.000375
185.291245 57.458004 0.000358
188.620590 57.414013 0.000349
191.945969 57.370098 0.000339
195.267365 57.326256 0.000326
198.584824 57.282486 0.000306
201.898361 57.238789 0.000280
83.653023 60.605408 0.002888
87.300423 60.555622 0.003007
90.942230 60.505936 0.003139
94.578476 60.456348 0.003283
98.209198 60.406860 0.003437
101.834412 60.357475 0.003598
105.454163 60.308182 0.003755
109.068474 60.258991 0.003893
112.677376 60.209896 0.003984
116.280891 60.160900 0.003993
119.879066 60.112000 0.003883
123.471916 60.063190 0.003649
127.059471 60.014481 0.003362
130.641754 59.965866 0.002912
134.218811 59.917347 0.002209
137.790665 59.868919 0.001335
141.357330 59.820587 0.000435
144.918839 59.772346 0.000376
148.475235 59.724201 0.000951
152.026520 59.676147 0.001276
155.572739 59.628185 0.001377
159.113907 59.580311 0.001320
162.650055 59.532532 0.001178
166.181229 59.484840 0.001020
169.707413 59.437241 0.000863
173.228668 59.389732 0.000718
176.745010 59.342312 0.000593
180.256454 59.294979 0.000490
183.763031 59.247734 0.000411
187.264786 59.200581 0.000352
190.761703 59.153511 0.000309
194.253845 59.106529 0.000277
197.741211 59.059635 0.000250
201.223846 59.012829 0.000228
83.869553 62.396275 0.002639
87.732201 62.342659 0.002736
91.587975 62.289165 0.002840
95.436928 62.235794 0.002948
99.279091 62.182537 0.003056
103.114525 62.129406 0.003158
106.943253 62.076389 0.003243
110.765327 62.023491 0.003292
114.580788 61.970707 0.003279
118.389671 61.918045 0.003174
122.192017 61.865494 0.002951
125.987877 61.813061 0.002593
129.777267 61.760738 0.002129
133.560257 61.708534 0.001585
137.336868 61.656441 0.000958
141.107132 61.604462 0.000299
144.871094 61.552593 0.000319
148.628799 61.500835 0.000791
152.380280 61.449192 0.001092
156.125565 61.397655 0.001227
159.864700 61.346230 0.001239
163.597717 61.294910 0.001175
167.324661 61.243702 0.001069
171.045563 61.192600 0.000945
174.760437 61.141605 0.000820
178.469345 61.090721 0.000704
182.172318 61.039940 0.000603
185.869385 60.989262 0.000518
189.560562 60.938690 0.000451
193.245926 60.888226 0.000398
196.925461 60.837864 0.000359
200.599243 60.787601 0.000331
84.117599 64.186188 0.002382
88.226608 64.128258 0.002455
92.327095 64.070480 0.002529
96.419113 64.012848 0.002599
100.502724 63.955364 0.002661
104.577980 63.898026 0.002705
108.644958 63.840832 0.002719
112.703705 63.783779 0.002686
116.754280 63.726868 0.002584
120.796738 63.670097 0.002391
124.831139 63.613472 0.002092
128.857544 63.556984 0.001687
132.875992 63.500633 0.001195
136.886551 63.444420 0.000658
140.889282 63.388348 0.000139
144.884216 63.332405 0.000367
148.871414 63.276604 0.000748
152.850937 63.220936 0.001007
156.822845 63.165398 0.001149
160.787155 63.109997 0.001193
164.743958 63.054726 0.001165
168.693268 62.999584 0.001093
172.635162 62.944576 0.000998
176.569672 62.889694 0.000895
180.496841 62.834946 0.000795
184.416748 62.780319 0.000705
188.329407 62.725826 0.000629
192.234894 62.671455 0.000566
196.133224 62.617210 0.000517
200.024460 62.563091 0.000481
84.404152 65.975060 0.002120
88.797485 65.912231 0.002169
93.180092 65.849586 0.002212
97.552063 65.787125 0.002245
101.913490 65.724838 0.002261
106.264450 65.662735 0.002250
110.605042 65.600815 0.002200
114.935333 65.539062 0.002097
119.255409 65.477493 0.001924
123.565361 65.416092 0.001669
127.865265 65.354866 0.001333
132.155197 65.293816 0.000927
136.435242 65.232933 0.000485
140.705475 65.172211 0.000112
144.965973 65.111664 0.000399
149.216812 65.051285 0.000724
153.458069 64.991074 0.000959
157.689804 64.931023 0.001099
161.912109 64.871132 0.001158
166.125046 64.811401 0.001152
170.328690 64.751839 0.001104
174.523117 64.692429 0.001031
178.708374 64.633179 0.000948
182.884552 64.574089 0.000866
187.051697 64.515160 0.000790
191.209900 64.456375 0.000724
195.359222 64.397751 0.000670
199.499725 64.339279 0.000628
203.631454 64.280952 0.000597
84.738426 67.762764 0.001858
89.463036 67.694298 0.001883
94.173950 67.626068 0.001897
98.871307 67.558067 0.001893
103.555237 67.490295 0.001866
108.225868 67.422745 0.001805
112.883324 67.355415 0.001700
117.527725 67.288307 0.001541
122.159195 67.221428 0.001319
126.777863 67.154755 0.001033
131.383835 67.088303 0.000695
135.977234 67.022064 0.000336
140.558167 66.956032 0.000164
145.126755 66.890213 0.000448
149.683105 66.824608 0.000727
154.227325 66.759201 0.000937
158.759521 66.694000 0.001069
163.279816 66.629005 0.001132
167.788300 66.564209 0.001139
172.285080 66.499611 0.001108
176.770248 66.435211 0.001052
181.243927 66.371010 0.000986
185.706207 66.307007 0.000919
190.157166 66.243187 0.000856
194.596939 66.179565 0.000802
199.025574 66.116135 0.000757
203.443207 66.052887 0.000722
85.132881 69.549133 0.001601
90.247772 69.474113 0.001602
95.344887 69.399391 0.001587
100.424416 69.324966 0.001550
105.486557 69.250832 0.001484
110.531517 69.176979 0.001381
115.559471 69.103416 0.001232
120.570618 69.030128 0.001035
125.565132 68.957130 0.000788
130.543198 68.884399 0.000505
135.505005 68.811943 0.000234
140.450699 68.739754 0.000249
145.380478 68.667839 0.000506
150.294495 68.596184 0.000746
155.192917 68.524796 0.000931
160.075928 68.453659 0.001052
164.943649 68.382782 0.001114
169.796265 68.312164 0.001127
174.633926 68.241791 0.001106
179.456772 68.171677 0.001064
184.264969 68.101799 0.001012
189.058655 68.032173 0.000958
193.837982 67.962784 0.000907
198.603073 67.893639 0.000863
203.354095 67.824730 0.000827
85.604691 71.333923 0.001352
91.185463 71.251167 0.001331
96.742645 71.168800 0.001290
102.276558 71.086815 0.001224
107.787521 71.005219 0.001125
113.275826 70.923988 0.000988
118.741783 70.843132 0.000812
124.185677 70.762642 0.000599
129.607803 70.682510 0.000368
135.008423 70.602737 0.000212
140.387833 70.523315 0.000335
145.746292 70.444244 0.000562
151.084061 70.365509 0.000771
156.401398 70.287125 0.000932
161.698563 70.209068 0.001041
166.975800 70.131340 0.001098
172.233337 70.053947 0.001115
177.471420 69.976875 0.001101
182.690308 69.900124 0.001069
187.890182 69.823685 0.001028
193.071304 69.747559 0.000985
198.233887 69.671745 0.000945
203.378128 69.596237 0.000910
86.178246 73.116768 0.001116
92.323860 73.024727 0.001076
98.437393 72.933205 0.001012
104.519363 72.842209 0.000921
110.570290 72.751717 0.000798
116.590675 72.661720 0.000643
122.581001 72.572220 0.000463
128.541748 72.483208 0.000293
134.473373 72.394676 0.000257
140.376328 72.306610 0.000412
146.251038 72.219009 0.000612
152.097961 72.131866 0.000794
157.917496 72.045174 0.000935
163.710052 71.958923 0.001031
169.476044 71.873108 0.001084
175.215820 71.787727 0.001101
180.929794 71.702774 0.001092
186.618332 71.618240 0.001068
192.281784 71.534119 0.001036
197.920502 71.450409 0.001002
203.534836 71.367096 0.000971
86.889389 74.897148 0.000898
93.732811 74.793732 0.000842
100.531235 74.691040 0.000761
107.285561 74.589073 0.000653
113.996689 74.487801 0.000522
120.665482 74.387222 0.000380
127.292755 74.287315 0.000280
133.879333 74.188072 0.000321
140.425980 74.089478 0.000475
146.933456 73.991524 0.000653
153.402512 73.894196 0.000812
159.833817 73.797485 0.000937
166.228088 73.701378 0.001022
172.585999 73.605858 0.001069
178.908188 73.510933 0.001085
185.195267 73.416573 0.001080
191.447876 73.322777 0.001061
197.666595 73.229538 0.001036
203.852005 73.136841 0.001010
87.792908 76.674217 0.000706
95.518448 76.556526 0.000639
103.178398 76.439896 0.000549
110.774460 76.324295 0.000444
118.308273 76.209694 0.000345
125.781403 76.096077 0.000307
133.195343 75.983414 0.000382
140.551529 75.871689 0.000527
147.851349 75.760872 0.000685
155.096146 75.650948 0.000826
162.287186 75.541893 0.000936
169.425705 75.433685 0.001011
176.512863 75.326317 0.001052
183.549835 75.219757 0.001067
190.537704 75.113991 0.001063
197.477524 75.009010 0.001049
204.370331 74.904785 0.001029
88.976913 78.446617 0.000549
97.849892 78.310471 0.000482
106.622566 78.175934 0.000405
115.298355 78.042953 0.000346
123.880486 77.911476 0.000349
132.372025 77.781456 0.000435
140.775848 77.652847 0.000568
149.094711 77.525597 0.000710
157.331223 77.399673 0.000836
165.487854 77.275040 0.000933
173.566956 77.151649 0.000997
181.570770 77.029472 0.001033
189.501450 76.908478 0.001045
197.361023 76.788620 0.001042
205.151428 76.669884 0.001030
90.592300 80.211967 0.000444
101.013069 80.051041 0.000396
111.270531 79.892723 0.000368
121.372292 79.736893 0.000392
131.325363 79.583443 0.000478
141.136276 79.432266 0.000600
150.811066 79.283272 0.000728
160.355377 79.136368 0.000841
169.774475 78.991463 0.000926
179.073273 78.848495 0.000981
188.256393 78.707375 0.001010
197.328125 78.568039 0.001019
206.292542 78.430428 0.001015
