139.547653 39.185562 0.038610 019B
130.600006 31.823999 -0.003171 AIRA
102.234985 51.769707 -0.000568 BADG
115.891998 39.609001 0.000118 BJFS
142.199997 27.070000 -0.001425 CCJ2
125.444000 43.791000 0.001870 CHAN
145.742996 15.230000 -0.000386 CNMR
100.533936 13.735914 -0.002988 CUSV
127.374001 36.398998 0.000669 DAEJ
135.928299 33.877003 0.003127 G000
135.087646 35.419525 0.005457 G001
135.340698 35.333458 0.011084 G002
135.634216 35.155182 0.007798 G003
135.219940 34.326462 0.000463 G004
134.376114 34.760426 0.002411 G006
136.041901 34.710644 0.005202 G007
136.173141 34.493874 0.005664 G008
136.002640 34.292927 0.002972 G009
135.854797 34.241966 0.005479 G010
135.554001 33.940796 0.002345 G011
135.882095 33.668758 -0.000664 G012
135.533844 33.658344 -0.002297 G013
134.195267 35.529858 0.003358 G014
133.495132 35.506935 0.000815 G015
133.869751 35.493202 0.003369 G016
134.155945 35.340591 0.001082 G017
132.921997 35.491909 -0.000642 G018
133.192093 35.310692 -0.002110 G019
132.902695 35.309727 -0.001179 G020
132.669006 35.233078 -0.003322 G021
132.385559 35.031902 0.000127 G022
132.685165 34.856747 -0.005135 G023
132.109467 34.777946 -0.002049 G024
131.810318 34.624344 -0.003326 G025
133.680756 35.282959 0.004208 G026
133.912689 35.105026 0.000753 G027
133.800446 34.738079 0.001485 G028
133.972595 34.590286 0.001132 G029
132.902100 35.035213 -0.000538 G030
132.908112 34.633671 -0.002336 G031
133.341293 34.612202 -0.005010 G032
133.140182 34.515621 -0.002143 G033
132.691956 34.184635 0.001343 G035
132.531631 34.069233 -0.000554 G036
131.735321 34.195274 -0.000961 G037
132.052734 34.090061 -0.003121 G038
131.113037 34.020523 -0.001490 G039
132.119965 33.845917 -0.003417 G040
134.457306 33.993687 0.005005 G041
134.211166 33.934563 0.006974 G042
134.175980 34.478535 0.002520 G044
133.899384 34.325920 0.000938 G045
133.350693 33.974171 -0.002333 G046
133.047394 33.884090 -0.004052 G047
132.798523 33.642731 -0.004419 G048
132.743683 33.305054 -0.006138 G049
132.633636 33.096088 -0.002696 G050
133.531021 33.625805 0.006116 G051
133.154495 33.607021 -0.002281 G052
134.099319 33.497108 0.008626 G053
133.089539 33.416664 0.003071 G054
134.205536 33.394894 -0.001680 G055
132.972137 33.193138 0.002810 G056
132.831467 32.961067 0.000345 G058
132.555435 32.738613 0.001199 G059
130.722427 33.929722 -0.002669 G060
130.971115 33.867008 0.010660 G061
130.296906 33.683071 -0.008420 G062
130.675674 33.579769 -0.004164 G063
130.995422 33.564732 -0.003601 G064
130.079269 33.503036 -0.000951 G065
130.097214 33.292004 -0.005532 G066
129.862946 33.073387 -0.000011 G067
129.958954 32.768307 -0.007285 G068
130.621765 33.060135 0.001044 G069
130.872650 32.995934 -0.001541 G070
130.748367 32.709232 -0.003478 G071
130.827347 32.396080 -0.004541 G073
130.179886 32.367409 0.001127 G074
130.656494 32.343513 0.000412 G075
130.986389 32.292397 -0.004823 G076
131.521149 33.514332 -0.004766 G077
131.291672 33.383755 -0.006312 G078
131.748413 33.096195 -0.006060 G079
132.039047 32.936356 0.001989 G080
131.441528 32.898895 -0.007317 G081
131.629227 32.852222 -0.004442 G082
131.364700 32.527931 -0.003480 G083
131.583023 32.316231 -0.000203 G084
131.347488 32.111889 -0.002587 G085
131.254456 32.001804 -0.002191 G086
130.976959 31.877796 -0.004635 G087
131.470062 31.785973 0.002379 G088
130.735672 31.743780 0.000404 G089
130.998306 31.564604 -0.002473 G090
130.340057 31.450253 -0.004178 G091
130.540588 31.377237 -0.001136 G092
130.867111 31.242748 -0.003894 G093
127.993683 26.386345 -0.001627 G094
127.760361 26.312714 -0.003717 G095
127.677628 26.194576 0.003839 G096
153.978653 24.290094 -0.006063 G098
137.550842 36.114304 -0.002694 G099
138.727310 35.360771 0.006427 G100
140.858307 43.209526 -0.002014 G101
139.489197 42.078789 0.010400 G102
140.859207 40.897495 0.030123 G103
139.703461 39.942116 0.038067 G104
139.545959 38.563339 0.023270 G105
140.249451 35.129383 -0.027202 G107
139.615540 35.160152 -0.004645 G108
138.281250 37.814758 0.030773 G109
138.508514 37.356544 0.033766 G110
136.900330 37.405727 0.016594 G111
136.148849 36.254585 0.010226 G112
139.132965 34.895485 0.004168 G113
138.764206 34.806900 0.000485 G114
138.327408 34.870670 0.004063 G115
136.823837 34.903965 0.003874 G116
135.191544 34.144146 0.001984 G117
134.315933 35.593685 0.005895 G118
131.604645 34.627590 -0.003833 G119
133.243500 33.333500 0.002750 G120
129.849289 33.473080 -0.003304 G121
134.178116 33.266125 0.004810 G122
130.191071 32.017410 -0.008745 G123
127.824677 26.179472 -0.002240 G124
132.982178 32.869484 -0.008204 G125
132.810654 32.762100 -0.011238 G126
137.814484 35.777534 0.011825 G127
136.728745 35.405132 0.010358 G128
136.431931 34.603333 0.004920 G129
135.589935 33.747604 0.001780 G130
133.940872 33.722511 0.001165 G131
133.043228 33.545834 0.003651 G132
132.488770 33.039463 -0.002584 G133
132.922653 33.391029 -0.003318 G134
133.699570 35.490398 0.007102 G135
137.636871 34.702118 0.009557 G136
131.384033 33.078835 -0.010968 G137
137.595978 36.576969 0.011822 G138
136.540482 34.285072 0.000625 G139
136.081070 20.425549 0.001999 G140
132.961685 33.103912 0.000172 G141
132.675827 32.927689 0.000622 G142
136.295578 34.930733 0.009756 G143
138.794662 34.970566 0.005529 G144
141.283188 38.901936 -0.258373 G145
135.426102 34.085499 0.004670 G146
131.835007 34.043789 -0.009462 G147
136.728226 34.490002 0.005868 G148
136.693192 34.296612 -0.000730 G149
140.898788 42.557934 0.001215 G150
132.650330 34.492138 -0.001001 G151
133.924103 33.622295 0.005116 G152
134.114166 33.774574 0.004862 G153
135.305313 33.769405 0.000000 G154
135.970596 33.660805 -0.001996 G155
136.024353 33.820427 -0.000078 G156
132.339813 34.397049 -0.008555 G157
136.772705 37.000721 0.012135 G158
141.054657 39.362015 -0.035870 G159
137.723373 34.672314 0.006578 G160
137.442459 34.680382 0.007346 G161
139.533829 38.511196 0.023534 G162
139.276184 36.602337 -0.003923 G163
132.268814 34.575432 -0.006879 G164
141.685333 45.407822 -0.004666 G201
144.285797 44.019413 -0.002304 G202
144.371399 42.975571 -0.005545 G203
140.724533 41.781658 0.021285 G204
139.824921 34.918789 -0.012319 G206
137.224579 36.762173 0.016826 G207
135.773193 33.475948 0.002213 G208
132.066208 34.897312 -0.001900 G209
129.866196 32.735119 -0.001079 G210
131.409302 31.576969 0.001920 G211
127.665207 26.213327 0.001585 G212
142.194611 27.093943 0.003082 G213
144.869995 13.590000 0.019879 GUAM
144.800003 13.430000 0.004587 GUUG
139.542297 36.295162 -0.028811 I001
140.174271 36.263268 -0.106117 I002
139.810532 36.203671 -0.046740 I003
140.544479 36.181309 -0.206176 I004
139.345169 36.120953 0.000129 I005
140.343155 36.096935 -0.131785 I006
139.636719 36.087227 -0.029890 I007
139.799927 36.010895 -0.044341 I008
140.659241 35.955456 -0.232935 I009
140.402954 35.970409 -0.127467 I010
139.464279 35.925503 -0.013980 I011
139.992722 35.940292 -0.060895 I012
139.651855 35.937469 -0.025359 I013
140.145493 35.873650 -0.091095 I014
140.407013 35.803329 -0.096318 I015
139.812805 35.780212 -0.042155 I016
140.024750 35.786465 -0.060096 I018
139.488266 35.710369 -0.021559 I019
140.315140 35.717453 -0.080617 I020
140.646820 35.777302 -0.127257 I021
140.837234 35.726357 -0.139523 I022
139.902359 35.675465 -0.043869 I023
140.448303 35.642353 -0.084082 I024
140.186569 35.544144 -0.053392 I025
139.673355 35.563404 -0.025765 I026
140.318237 35.530117 -0.056886 I027
139.467834 35.521408 -0.007602 I028
139.322571 35.482639 -0.002753 I029
140.051331 35.447784 -0.038826 I030
139.045181 35.415352 0.010683 I031
139.653748 35.436485 -0.016728 I032
140.337372 35.421127 -0.052995 I033
139.466064 35.326683 -0.003911 I034
139.262695 35.304901 0.000954 I035
139.825516 35.311703 -0.023968 I036
140.146790 35.333141 -0.035897 I037
138.881653 35.321602 0.008570 I038
139.843567 35.143711 -0.017574 I039
140.268021 35.165901 -0.030862 I041
139.110443 35.148605 -0.001756 I042
138.901855 35.110016 0.003504 I043
140.079269 35.111862 -0.025094 I044
139.954346 35.254807 -0.019522 I045
138.997925 35.014828 0.000167 I046
139.864075 34.954082 -0.015949 I047
139.131165 34.939308 -0.006764 I048
138.924820 34.916115 -0.003469 I049
137.672333 34.835331 0.012066 I050
139.381393 34.784420 -0.000292 I051
138.017532 34.785950 0.006917 I052
138.989822 34.751350 -0.005354 I053
139.433212 34.686787 -0.008742 I055
139.257904 34.371826 0.005069 I057
139.134460 34.200478 -0.000039 I058
139.503845 34.121067 -0.010915 I059
139.547150 34.059113 -0.009253 I060
139.013687 34.921822 -0.006893 I061
139.124359 34.878475 -0.012624 I062
139.268127 35.723759 -0.002133 I063
138.975861 35.623348 0.007220 I064
139.157227 35.610275 -0.000147 I065
139.204865 35.428520 -0.003693 I066
139.664841 35.267094 -0.015478 I067
139.049332 35.245514 0.010065 I068
138.445251 35.443581 0.014744 I069
138.814041 35.496590 0.006964 I070
138.563431 35.362080 0.015596 I071
138.770676 35.305538 0.021449 I072
138.445694 35.289463 0.008785 I073
138.253510 35.200977 0.003968 I074
138.616989 35.203182 0.003062 I075
138.721542 35.173592 0.003950 I076
138.524704 35.067406 0.005856 I077
138.368698 35.103458 0.009419 I078
138.134903 35.103912 0.008065 I079
138.378296 34.990524 0.012218 I081
137.695236 35.079292 0.010357 I084
138.786057 34.776073 -0.003729 I085
138.838425 34.610001 0.003043 I086
138.074860 34.939796 0.010371 I088
137.932144 34.843857 0.006791 I089
137.817947 34.941345 0.006501 I090
138.136917 34.757755 0.004211 I091
138.225601 34.738308 -0.005360 I092
138.053543 34.715252 0.004951 I093
138.129288 34.642902 0.008613 I094
137.937439 34.670422 0.010904 I095
137.911270 34.755394 0.005924 I096
137.791794 34.792835 0.008586 I097
137.823425 34.671883 0.005979 I098
137.575485 34.937675 0.002922 I099
137.434006 34.864815 0.003485 I102
137.554337 34.808727 0.004008 I103
137.514938 34.718052 -0.003643 I104
139.171036 35.040627 0.001862 I105
139.797241 33.119949 -0.014294 I113
104.316177 52.219021 0.001130 IRKJ
104.316238 52.219025 0.006095 IRKM
104.316002 52.219002 -0.002944 IRKT
141.750443 45.402992 0.001387 J001
143.224182 44.433685 -0.003328 J002
141.756317 44.397949 0.000521 J003
144.675842 43.915691 -0.005434 J004
144.449005 43.507858 -0.008335 J005
142.482483 43.589657 0.000551 J007
141.510376 43.854012 0.001688 J008
145.129623 43.070080 -0.007532 J009
144.431931 42.963261 -0.003646 J010
143.459229 43.028625 0.000252 J011
142.401978 42.980515 0.003276 J012
141.030914 43.177853 0.005474 J013
141.730667 42.983253 0.006226 J014
143.331009 42.321594 -0.008054 J015
142.364609 42.356903 0.001499 J016
139.857666 42.450733 0.010852 J017
140.942413 42.374214 0.009587 J018
143.156525 42.005856 -0.003890 J019
139.519592 42.153545 0.003875 J020
140.107330 42.008076 0.009842 J021
140.747833 41.826073 0.018544 J022
140.040649 41.466377 0.013957 J023
141.213272 41.300774 0.022419 J024
140.272980 40.778984 0.034868 J026
141.789093 40.133450 -0.063966 J027
141.939957 39.572384 -0.381046 J028
141.203918 39.110626 -0.157266 J029
139.776154 39.967903 0.033109 J030
140.048233 39.398697 0.032195 J031
139.808853 38.894604 0.013295 J032
140.318741 38.758595 -0.052461 J033
140.366089 38.331028 -0.072434 J035
141.441162 38.449196 -0.828414 J036
140.954178 38.317486 -0.287120 J037
140.908081 37.800671 -0.287610 J038
139.791504 37.643696 -0.022260 J040
140.902512 37.090714 -0.476160 J041
140.611832 36.539928 -0.281454 J042
139.726425 36.401848 -0.029580 J043
138.906265 36.697025 0.016541 J044
138.865402 36.259033 0.014625 J045
137.851120 36.499767 0.018367 J046
137.943802 35.923580 0.017757 J047
138.583298 35.590336 0.013400 J048
139.509567 38.230690 0.010900 J049
138.988861 37.896469 0.026563 J050
138.574402 37.397678 0.032567 J051
137.487228 36.928959 0.013867 J052
136.889160 37.382374 0.015290 J053
136.649933 36.663410 0.015201 J054
136.172974 36.231174 0.005919 J055
136.105804 35.602562 0.014514 J056
135.233383 35.549904 0.009773 J057
137.347916 36.135994 0.016322 J058
137.248367 35.800484 0.010705 J059
136.900024 35.526073 0.009796 J060
137.467575 35.396767 0.009514 J061
136.158234 35.094727 0.008404 J062
137.041290 35.128109 0.002275 J063
136.502289 34.758999 0.010001 J064
136.851135 34.465389 0.007581 J065
136.198364 34.060658 -0.000617 J066
135.500977 34.837997 0.002961 J067
135.851410 34.392300 0.004772 J068
135.221497 34.157684 0.000600 J069
135.764420 33.483360 -0.001725 J070
134.550385 34.784813 -0.001917 J071
133.058655 35.433876 -0.008812 J074
132.208969 35.002811 0.000577 J075
131.610367 34.616493 -0.000381 J076
133.527985 34.548798 0.003645 J077
132.575439 34.340355 -0.002782 J078
130.913635 33.996555 -0.002720 J079
134.023911 34.286026 0.004604 J080
134.626022 33.926857 0.006212 J081
134.122131 33.315895 0.000738 J082
133.578262 33.529148 0.003201 J083
133.241791 33.272900 0.001915 J084
132.966415 32.755737 0.000844 J085
132.281174 33.469009 -0.000645 J086
130.476776 33.730721 -0.002909 J087
131.691376 33.461544 -0.006752 J088
130.967819 33.331085 -0.001598 J089
131.876373 32.924587 -0.004325 J090
129.850296 33.476070 -0.008971 J091
130.645599 32.546410 -0.004788 J093
131.632324 32.445446 -0.000010 J094
131.469681 32.021755 -0.006163 J095
130.190140 32.013245 -0.000553 J096
130.466446 31.503769 -0.005484 J097
130.299484 31.264591 -0.002533 J098
131.087540 31.258533 -0.004902 J099
127.768921 26.144814 0.004152 J100
142.169739 45.335827 -0.005017 J101
141.038208 45.275967 -0.005933 J102
142.537094 45.002399 -0.004959 J103
141.741394 44.892460 -0.002529 J104
142.265244 44.728497 -0.003776 J105
141.330063 44.427048 -0.004003 J106
142.625595 44.294567 -0.002890 J107
144.029770 44.063873 -0.006229 J108
145.186096 44.019184 -0.007056 J109
142.151688 44.006779 0.001021 J110
143.333694 44.005619 -0.006252 J111
143.926941 42.894516 -0.004239 J112
144.986969 43.549397 -0.005279 J113
143.787262 43.848896 -0.002379 J114
145.131439 43.661823 -0.007309 J115
144.774323 43.408688 -0.002700 J116
141.431183 43.404678 -0.001177 J117
145.114960 43.382526 -0.005746 J118
145.801132 43.366852 -0.008385 J119
140.597076 43.292583 0.001924 J120
143.562424 43.289471 -0.001697 J121
144.325027 43.232933 -0.004220 J122
143.298019 43.231995 -0.001768 J123
144.126526 43.120609 -0.004702 J124
144.843018 43.057594 -0.006860 J125
140.499176 43.056828 0.001502 J126
140.543945 42.985252 0.001023 J127
141.290329 42.971378 0.004911 J128
140.883347 42.857887 0.001518 J129
140.603516 42.802719 0.006760 J130
140.233200 42.786434 0.005008 J131
141.863983 42.729443 -0.000184 J132
142.295807 42.727238 0.003865 J133
143.103256 42.699268 0.000080 J134
141.074951 42.667877 0.007280 J135
141.602264 42.655529 0.009431 J136
140.825684 42.646290 0.011705 J137
143.461151 42.551647 -0.005808 J138
141.361481 42.549801 0.003901 J139
140.354202 42.494362 0.008897 J140
142.060226 42.481281 0.006591 J141
142.567459 42.247726 -0.002246 J142
140.250488 42.243679 0.010388 J143
142.935394 42.130936 -0.005760 J144
140.003952 42.130848 0.012152 J145
140.568863 42.098606 0.014003 J146
140.805542 42.042969 0.009455 J147
140.315887 41.599026 0.022635 J149
140.880508 41.455299 0.021363 J150
140.635895 41.043221 0.027681 J151
141.367966 40.968243 0.017712 J152
141.197830 40.625069 0.019821 J153
139.928116 40.577644 0.028747 J154
140.578140 40.523655 0.026264 J155
141.511276 40.515358 0.004393 J156
141.076477 40.291077 0.012792 J157
141.713135 40.405201 -0.021675 J158
141.293686 40.291149 0.007281 J159
141.461945 40.048599 -0.014862 J160
141.225067 39.980576 0.007401 J161
141.950546 39.869370 -0.200824 J162
141.164856 39.851246 0.006111 J163
141.803848 39.849174 -0.145467 J164
140.964508 39.701092 0.010555 J165
141.172104 39.596573 -0.018858 J166
141.955261 39.458160 -0.509466 J167
141.534164 39.338055 -0.233056 J169
141.798035 39.253517 -0.535770 J170
141.739853 39.023781 -0.739945 J171
141.572586 38.902859 -0.638318 J172
140.990585 38.815342 -0.109031 J173
140.801636 38.748936 -0.091225 J174
141.449371 38.682697 -0.635488 J175
141.147537 38.539482 -0.312537 J176
140.851364 38.411758 -0.164049 J177
140.642853 38.205742 -0.137756 J178
140.843994 38.029659 -0.206307 J179
140.442581 37.989929 -0.116184 J180
140.577347 40.325047 0.029400 J181
140.263657 40.271156 0.036382 J182
140.787338 40.215439 0.019380 J183
140.048676 40.247295 0.032028 J184
140.401993 40.006878 0.026134 J185
140.132370 39.936054 0.036245 J186
140.597046 39.749161 -0.002049 J187
140.234207 39.658310 0.029691 J188
140.386627 39.549294 0.021674 J189
140.559784 39.327003 -0.009338 J190
139.907715 39.206062 0.036845 J191
140.161987 39.164211 0.007339 J192
140.629593 39.051903 -0.102402 J193
139.547653 39.185562 0.039174 J194
139.957367 38.759720 -0.001644 J195
139.831772 38.594036 -0.001582 J196
139.742249 38.146175 -0.017337 J197
140.093521 37.963608 -0.062436 J198
140.077576 38.197544 -0.042855 J199
140.466492 37.683308 -0.075407 J200
140.755081 37.560555 -0.222551 J201
140.072678 37.566948 -0.077095 J202
141.006607 37.533691 -0.601333 J203
139.528625 37.473461 -0.008564 J204
140.662109 37.325470 -0.247323 J205
139.364349 37.302799 -0.001374 J206
139.503769 37.281490 -0.010372 J207
139.871429 37.261070 -0.052452 J209
140.259933 37.126293 -0.087041 J210
140.561646 37.089294 -0.232624 J211
140.413269 36.862091 -0.175720 J212
140.293427 36.650566 -0.137789 J213
140.753906 36.800308 -0.432933 J214
140.077942 36.364914 -0.090656 J215
140.476334 36.344368 -0.204613 J216
140.039261 36.854233 -0.060268 J217
139.619247 36.665985 -0.026061 J218
139.923462 36.598946 -0.056388 J219
139.224899 36.769691 -0.001956 J220
138.552719 36.507996 0.013242 J221
139.330383 36.421627 -0.002038 J222
139.075684 35.986893 0.002022 J223
139.795990 35.895969 -0.037957 J224
140.048096 35.657207 -0.076938 J225
140.384903 35.243244 -0.046851 J226
139.974884 35.002792 -0.020580 J227
139.630646 35.663696 -0.017829 J228
139.162598 35.336208 0.001231 J229
139.142410 35.268600 -0.000695 J230
139.253342 38.465393 0.036360 J231
138.513092 38.319347 0.040987 J232
138.471680 38.063278 0.028481 J233
139.351471 37.929382 0.020097 J234
138.273071 37.815903 0.029604 J235
139.477890 37.685905 0.002530 J236
138.780502 37.667522 0.024305 J237
139.059113 37.662296 0.028133 J238
138.998016 37.467720 0.021071 J239
138.789978 37.311314 0.032211 J240
138.333572 37.231121 0.031507 J241
138.933716 37.166035 0.015831 J242
138.100189 37.160789 0.027013 J243
138.608719 37.079132 0.244054 J244
137.873840 37.045174 0.024313 J245
138.830841 36.993458 0.015946 J246
138.198669 36.865402 0.026115 J247
136.996124 36.740620 0.013529 J248
137.195190 36.634335 0.015287 J249
137.439896 36.578705 0.018901 J250
136.920563 36.401878 0.014712 J251
136.919266 37.850494 0.022106 J252
137.270050 37.446026 0.017408 J253
136.388947 36.394455 0.009675 J255
136.633942 36.165291 0.009001 J256
136.278946 36.145618 0.012944 J257
136.504929 35.984909 0.007088 J258
135.989761 35.945004 0.011081 J259
136.197388 35.792782 0.009165 J260
135.907639 35.534409 0.010385 J261
135.608887 35.462715 0.001166 J262
138.316391 35.855980 0.019713 J263
138.695129 35.746876 0.013260 J264
138.436172 36.801708 0.000409 J265
137.872330 36.706470 0.021026 J266
138.247467 36.665154 0.019666 J267
138.322525 36.386177 0.019378 J268
138.637802 36.346012 0.010397 J269
137.902817 36.322372 0.019841 J270
138.216492 36.208466 0.012051 J271
138.460968 36.130638 0.021195 J272
137.983017 36.121109 0.022926 J273
137.696259 35.783619 0.015165 J274
138.038315 35.556129 0.012181 J275
137.815231 35.521091 0.007715 J276
137.925278 35.317142 0.011771 J277
137.587662 35.246998 0.005845 J278
137.147171 36.335510 0.005633 J279
136.952759 36.033047 0.015217 J280
137.534866 35.973457 0.012117 J281
136.863174 35.866940 0.007979 J282
136.975296 35.757782 0.010266 J283
137.424774 35.657188 0.007762 J284
136.488770 35.636154 0.008453 J285
136.611389 35.632896 0.011487 J286
137.174149 35.612087 0.013875 J287
136.687286 35.488323 0.005250 J288
137.124695 35.478699 0.010488 J289
136.549744 35.371708 0.005986 J291
137.110229 35.367371 0.008067 J292
137.405609 35.261967 0.010304 J293
136.593445 35.227905 0.005363 J294
137.980408 35.031517 0.006907 J295
138.515671 34.986496 0.003379 J296
138.922256 34.865589 -0.015337 J297
136.929977 35.334759 0.007608 J298
136.828827 35.190105 0.013061 J299
137.253555 35.138752 0.002652 J300
137.313171 35.039463 -0.003934 J301
137.059784 34.994991 0.006269 J302
137.299942 34.919746 0.001512 J303
136.867645 34.823357 0.002315 J304
137.119003 34.794872 0.002793 J305
137.277832 34.648663 0.002944 J306
137.068069 34.609238 0.000066 J307
136.636505 34.913803 0.004840 J309
136.183456 34.742874 0.002350 J310
136.550659 34.547047 0.004929 J311
136.334259 34.433140 0.006707 J312
136.820618 34.253441 -0.000499 J314
136.085907 33.875137 0.002375 J315
136.010895 33.741272 -0.001185 J316
136.197952 35.557331 0.010318 J317
136.053665 35.466286 0.005998 J318
135.913208 35.351254 0.009550 J319
136.062820 35.318974 0.004299 J320
136.235611 35.269440 0.004966 J321
135.870804 35.137039 0.005307 J322
136.145035 34.986385 0.011027 J323
135.906158 34.939602 0.005232 J324
136.054825 34.869328 0.009135 J326
135.173218 35.752354 0.006630 J327
134.932281 35.555683 0.012271 J328
135.164032 35.292336 0.006195 J329
135.366898 35.163788 0.006420 J331
135.564514 35.077583 0.007762 J332
135.665436 34.988571 0.000000 J333
135.864151 34.746971 -0.001269 J334
135.685455 34.777840 -0.001507 J335
135.518494 34.677906 -0.000666 J336
135.481339 34.527309 0.005113 J337
135.627335 34.479107 -0.000030 J338
135.586945 34.424809 0.006315 J339
135.364151 34.406452 0.001412 J340
134.582489 35.436749 0.003889 J341
134.818497 35.314899 0.004243 J342
135.181900 35.105286 0.004395 J343
134.585953 35.094456 0.004734 J344
134.972595 35.090786 0.003700 J345
134.403778 34.997593 0.004797 J346
134.767303 34.984684 0.002285 J347
135.325989 34.976788 0.003840 J348
135.176422 34.944794 0.003138 J349
134.545242 34.897266 0.003562 J350
135.215912 34.812187 0.007192 J351
134.997238 34.804916 0.006088 J352
135.341782 34.790905 0.006554 J353
134.828781 34.786961 0.000034 J354
135.380386 34.724251 -0.001676 J355
135.172287 34.686989 0.004755 J356
134.519562 34.669880 0.007690 J357
134.965698 34.669739 0.002162 J358
135.024078 34.577053 0.005363 J359
134.860977 34.493320 0.003910 J360
134.881531 34.349770 -0.002947 J361
134.735184 34.334332 -0.004911 J362
134.736542 34.223671 0.001119 J363
136.050385 34.567032 -0.001257 J364
135.731003 34.539223 -0.000169 J365
135.704178 34.388302 0.003839 J366
135.963745 34.038166 0.001330 J367
135.357956 34.256138 0.004832 J368
135.065979 34.271461 0.001243 J369
135.590118 34.221828 0.005319 J370
135.384857 33.961674 -0.001223 J371
135.180084 33.913853 -0.000995 J372
135.782089 33.815201 -0.005798 J373
135.508392 33.785488 0.002560 J374
135.396179 33.744274 0.005039 J375
135.920715 33.583912 0.002058 J376
135.599197 33.505619 0.002003 J377
134.046677 35.456753 0.004191 J378
133.439072 35.345535 0.008593 J379
134.237366 35.265862 0.003101 J380
133.308533 35.164574 -0.000579 J381
133.239883 36.285290 0.010137 J382
132.984375 36.093208 0.007289 J383
132.743210 35.392616 0.002300 J384
132.995422 35.195614 -0.005149 J385
132.507324 35.185955 -0.005515 J386
132.720505 35.019772 -0.003545 J387
131.923141 34.767345 0.000590 J388
133.792480 35.263538 0.003722 J389
134.319641 35.099640 0.002223 J390
134.234772 35.020882 0.005109 J391
133.734497 35.002960 0.002785 J392
133.960861 34.982544 0.000950 J393
133.598083 34.809692 -0.003566 J394
133.929047 34.791386 0.006236 J395
134.165756 34.657722 0.000519 J396
133.796738 34.438568 -0.002786 J397
133.120224 34.943451 -0.002339 J398
132.277328 34.726898 -0.003630 J399
132.540237 34.678814 -0.004869 J400
133.107529 34.672451 -0.004442 J401
132.824005 34.571301 -0.009063 J402
132.463470 34.539158 -0.003145 J403
133.009796 34.378685 -0.008498 J405
131.416550 34.439861 -0.000014 J407
130.943146 34.294609 -0.002895 J408
131.562790 34.283737 -0.003083 J409
131.953293 34.259083 -0.004485 J410
131.346085 34.189491 0.001073 J411
131.530823 34.057240 -0.005680 J412
131.286041 33.977715 -0.004676 J413
132.104446 33.975067 -0.005711 J414
134.351974 34.096989 0.002548 J415
134.560135 34.059906 -0.002106 J416
134.049179 34.051498 -0.003213 J417
134.230225 34.038418 0.003781 J418
133.681290 33.936672 0.003963 J419
134.389099 33.878933 0.001898 J420
134.058197 33.877514 -0.001240 J421
134.667801 33.830242 0.001095 J422
134.533005 33.725090 0.005394 J423
134.372025 33.618500 0.003685 J424
134.314209 34.472374 0.005824 J425
134.241974 34.254578 0.001012 J426
133.715057 34.217396 0.001070 J427
133.647522 34.068073 -0.000829 J428
133.925507 34.164169 0.000783 J429
132.990234 34.077888 -0.007360 J430
133.538239 33.938660 0.001904 J431
133.201309 33.921204 -0.002760 J432
132.911636 33.796497 -0.005538 J433
132.683975 33.722599 -0.006089 J434
132.937881 33.569225 -0.002807 J435
132.693405 33.446766 -0.005322 J436
132.561829 32.963905 -0.004014 J437
133.655777 33.766975 0.000858 J438
133.805023 33.654152 -0.000699 J439
134.106903 33.603786 0.000623 J440
134.280807 33.527760 -0.001010 J441
133.903641 33.505737 0.000640 J442
133.280914 33.468403 -0.002555 J443
134.007126 33.427795 0.005160 J444
133.402985 33.407703 0.001544 J445
132.792694 33.171646 -0.001370 J447
132.999237 32.991234 0.000952 J448
132.703720 32.840607 0.004025 J449
130.250824 33.536140 -0.009363 J450
130.521957 33.500378 -0.007449 J451
130.828751 33.465462 -0.004297 J452
130.564651 33.205875 -0.007107 J453
130.268723 33.274853 -0.006940 J454
130.094162 33.098476 -0.006312 J455
129.482056 34.655552 -0.002451 J456
129.311508 34.268208 -0.004015 J457
129.734726 33.742657 -0.002305 J458
129.537018 33.362202 -0.006140 J459
129.690659 33.063103 -0.008978 J460
130.271332 32.870686 -0.009289 J461
128.843109 32.669384 -0.006229 J462
130.154602 32.636913 -0.006282 J463
130.547729 32.933495 -0.003236 J464
130.764801 32.842098 -0.008583 J465
131.099304 32.740650 -0.002782 J466
129.987305 32.326241 -0.001516 J467
130.506836 32.299156 -0.004691 J468
130.802628 32.238674 0.000822 J469
131.564163 33.671192 -0.005751 J470
131.168930 33.496235 -0.005754 J471
131.347275 33.254044 -0.008289 J472
131.798065 33.239437 -0.004589 J473
131.286087 33.009029 -0.006458 J474
131.587845 32.986858 -0.009887 J475
131.756836 32.704018 -0.004578 J476
131.327621 32.684834 -0.005701 J477
131.148865 32.456642 -0.000241 J478
131.185226 32.245857 -0.005668 J479
131.515854 32.170433 -0.006403 J480
131.078568 31.965048 -0.008088 J481
131.021515 31.740314 -0.002099 J482
131.368866 31.676546 0.000581 J483
131.217392 31.469376 -0.007134 J484
130.597809 32.057503 -0.004966 J485
130.759674 31.855528 0.001349 J486
129.795441 31.768684 -0.003141 J487
130.278152 31.717379 -0.007892 J488
130.836060 31.617376 -0.000524 J489
130.640366 31.235224 -0.000591 J490
130.723053 31.106205 -0.005153 J491
130.964218 30.530867 -0.002641 J492
130.638382 30.381721 -0.002226 J493
129.489029 28.399088 -0.001136 J494
128.432327 27.032185 -0.002820 J495
127.898453 26.694811 -0.003810 J496
131.227798 25.831211 -0.011500 J497
125.373795 24.753119 -0.004590 J498
122.942841 24.454168 0.004146 J499
123.792038 24.426273 -0.004096 J500
141.167099 45.137711 -0.002466 J501
142.964462 44.582043 -0.005252 J502
143.615677 44.219723 -0.004092 J503
143.076813 44.191944 -0.002905 J504
144.293304 43.988789 -0.003242 J505
142.577713 43.908405 -0.001356 J506
144.115250 43.828079 -0.005885 J507
142.409607 43.738522 -0.002844 J508
141.873840 43.740841 -0.001843 J509
142.903015 43.771412 -0.002140 J510
143.578156 43.670502 -0.001399 J511
145.258957 43.232105 -0.007566 J512
144.079620 43.438835 0.000814 J513
142.395340 43.336266 0.002246 J514
144.597656 43.307011 -0.005643 J515
141.890930 43.248409 0.001794 J516
140.860611 43.209507 0.003203 J517
142.809723 43.165527 0.000155 J518
145.520493 43.195164 -0.009216 J519
141.540115 43.077587 0.005572 J520
143.170563 42.938862 -0.001991 J521
141.577423 42.884430 -0.002673 J522
141.407089 42.773190 0.004185 J523
140.767624 42.551380 0.007010 J525
140.876373 42.473904 0.006468 J526
139.446152 42.060505 0.009303 J527
140.666870 42.123142 0.014279 J528
140.715439 41.976688 0.014021 J529
140.071228 41.803028 0.017128 J530
144.719147 42.982571 -0.007066 J531
143.315689 42.125587 -0.012361 J532
141.447586 41.404705 0.013909 J533
140.490768 41.185078 0.022793 J534
140.821991 41.145546 0.027437 J535
141.131805 40.862362 0.019267 J537
140.589218 40.706276 0.036983 J538
141.376205 40.676399 0.014712 J539
140.478531 40.624344 0.030568 J540
140.803345 40.643566 0.010521 J541
140.451569 40.910175 0.033358 J542
141.066330 39.953079 -0.002365 J543
140.769180 39.351299 -0.041401 J544
141.575485 39.143089 -0.398170 J546
141.675293 39.596127 -0.188168 J547
140.847870 38.546215 -0.126013 J548
141.212906 38.425056 -0.457754 J549
141.500687 38.301186 -1.103239 J550
139.848938 39.891136 0.043783 J551
140.044724 39.825809 0.034409 J552
140.732849 39.702682 -0.008492 J553
140.506699 39.199097 -0.027325 J554
139.927490 39.015972 0.019204 J555
140.365158 38.496769 -0.064866 J556
140.271133 38.148098 -0.065762 J557
140.205658 37.615952 -0.093327 J559
140.372894 37.620731 -0.075314 J560
140.135880 37.424507 -0.065865 J561
139.586166 37.097248 -0.019199 J563
139.461685 38.056183 0.006822 J564
138.369888 38.023685 0.030570 J565
138.706940 37.535831 0.031945 J566
138.516373 37.348541 0.036768 J567
139.020248 37.319870 0.016180 J568
138.242584 37.056683 0.031587 J569
137.893875 36.950871 0.027078 J570
139.073914 37.752064 0.031196 J571
137.369522 36.736958 0.014288 J572
137.031891 36.649563 0.018291 J573
137.138550 37.306969 0.020264 J574
136.718765 37.156746 0.015666 J575
136.996063 37.123158 0.013699 J576
136.755646 36.817478 0.017681 J577
136.605331 36.370068 0.012728 J578
136.184998 35.968887 0.012549 J579
136.055984 35.836842 0.009823 J580
140.497604 36.743027 -0.227129 J581
139.987762 36.300705 -0.060519 J582
139.931503 36.114815 -0.053361 J583
140.202438 36.031338 -0.091755 J584
140.164764 36.952305 -0.079416 J585
139.805740 36.979580 -0.044867 J586
139.854263 36.776371 -0.031876 J587
140.157684 36.692455 -0.092224 J588
139.490585 36.624172 -0.018858 J589
140.179306 36.542217 -0.099730 J590
138.591446 36.616318 0.011029 J591
139.066635 36.234669 0.010774 J592
138.912415 36.142754 -0.001704 J593
139.434021 34.761543 0.000562 J594
139.358582 34.737614 0.005311 J595
139.270935 34.519634 -0.003914 J596
139.210938 34.333122 0.005641 J597
139.137573 34.239914 -0.002388 J598
139.478806 34.075783 -0.009831 J600
139.612854 33.884125 -0.005200 J601
139.764618 32.463501 -0.005421 J602
142.162766 26.635151 -0.002810 J603
138.690384 35.649517 0.009604 J606
139.025772 35.511868 0.006435 J607
137.984543 36.239029 0.020180 J608
137.871750 36.228371 0.014896 J609
138.499283 36.284714 0.016543 J610
137.682632 36.084663 0.011608 J611
138.214478 36.026161 0.015963 J612
138.583023 35.974148 0.014771 J613
137.598267 35.880001 0.014613 J614
137.983887 35.726292 0.013138 J615
137.676392 35.343735 0.009121 J616
136.904266 36.261467 0.010924 J617
137.363022 36.285645 0.014245 J618
137.200668 35.911633 0.017993 J619
138.776520 34.855034 0.001733 J620
138.928360 35.204395 0.007055 J621
138.098282 34.679924 0.008073 J622
138.182968 34.677753 0.006058 J623
138.046524 34.666409 0.007827 J624
138.159042 34.634541 0.003022 J625
138.906891 35.047241 0.002070 J626
140.086304 36.103634 -0.082373 J627
138.939331 34.698906 -0.008870 J628
137.073563 35.239086 0.008359 J629
136.965805 35.168423 0.007000 J630
136.862747 34.984394 0.007040 J631
136.831879 34.904385 0.004038 J632
136.694244 35.050911 0.008388 J633
136.393265 34.854900 0.008104 J634
136.329758 34.648750 0.005274 J635
136.628403 34.431442 0.009731 J636
136.342926 34.208157 0.005676 J637
136.264740 35.420357 0.006757 J638
136.041199 35.085724 0.004747 J639
135.034042 35.685078 0.006292 J640
135.415833 35.482216 0.004331 J641
135.549530 35.275860 0.003721 J642
135.773300 35.053135 0.004497 J643
135.772400 34.952641 0.002686 J644
134.677383 35.621201 0.005538 J645
134.728714 35.461262 0.002831 J646
135.022034 35.237881 0.005403 J647
134.771225 35.162743 0.006588 J648
134.945038 34.936188 0.006437 J649
135.528351 34.311840 0.000855 J650
135.167740 34.025391 -0.022264 J652
135.496201 33.554413 0.001781 J653
133.339691 35.436008 0.001927 J654
134.325272 35.361443 0.000787 J655
133.137894 35.563534 -0.002278 J656
132.457321 34.892658 -0.002708 J657
132.013565 34.571064 -0.000130 J658
131.864319 34.439720 -0.002256 J659
133.563995 35.169662 0.002756 J660
133.396271 34.993362 -0.003918 J662
132.851578 34.811604 -0.007971 J663
133.337631 34.777790 -0.008667 J664
132.194656 34.370346 -0.000177 J665
132.455551 34.260921 -0.004685 J666
132.884384 34.210068 -0.002735 J667
131.152390 34.764347 -0.000758 J668
131.176163 34.342087 -0.007773 J669
131.065674 34.179771 -0.008357 J670
132.358337 33.909935 -0.007450 J672
134.605026 34.171810 0.001943 J673
133.874985 34.039738 -0.000860 J674
134.301468 33.789532 0.002147 J675
133.998672 34.445454 -0.004496 J676
133.780670 34.383400 0.003516 J677
133.189102 34.252445 -0.004406 J678
132.781738 33.959473 -0.006038 J679
132.487259 33.611595 -0.011217 J680
132.543762 33.177589 -0.014026 J681
133.228470 33.326908 -0.002791 J683
133.128632 33.215431 0.001248 J684
130.749557 33.745506 -0.007317 J685
131.016525 33.697403 -0.006494 J686
130.823883 33.640465 -0.009676 J687
130.701157 33.327225 -0.005888 J688
129.940094 33.196030 -0.009128 J689
129.690018 33.266121 -0.007016 J690
129.125504 33.255791 0.000000 J691
129.026337 32.885628 0.000000 J692
130.166428 32.795700 -0.001619 J693
130.335953 32.793015 -0.003886 J694
130.216660 32.712292 -0.007867 J695
130.352280 32.722572 -0.008952 J696
130.290710 32.660652 -0.003936 J697
128.619354 32.634274 -0.009914 J698
131.062897 33.121956 -0.009973 J699
130.748627 33.011292 -0.007437 J700
130.996216 32.870747 -0.002220 J701
130.794907 32.576725 -0.006157 J702
131.093430 32.950653 -0.004715 J703
131.132156 32.845001 -0.005882 J704
131.356644 33.537125 -0.007115 J705
131.588425 33.349854 -0.005023 J706
131.121140 33.270271 -0.004395 J707
131.579483 33.228428 -0.004722 J709
130.915741 33.190575 -0.003596 J710
131.530670 32.557049 -0.008023 J711
131.334015 32.384399 -0.001227 J712
131.486023 32.069107 -0.001225 J713
130.865631 32.047718 -0.005001 J714
131.306305 31.842098 -0.006696 J715
131.305862 31.399105 -0.002839 J716
130.179657 32.197075 -0.010178 J717
130.439651 31.908840 -0.004362 J718
130.651886 31.624098 -0.008993 J719
130.708542 31.591841 -0.010119 J720
130.637360 31.552221 -0.006070 J721
130.699402 31.496153 -0.005059 J722
130.274979 30.784655 -0.004583 J723
131.028595 30.753325 -0.000370 J724
130.198242 30.461390 -0.002132 J725
130.903229 30.398676 -0.002263 J726
130.424377 30.395756 -0.005947 J727
130.554550 30.236353 -0.000942 J728
129.705750 29.615330 -0.003781 J729
129.693573 28.487219 -0.007131 J730
130.028961 28.371132 -0.010794 J731
129.921677 28.293980 -0.007654 J732
129.320450 28.137583 -0.003497 J733
128.894470 27.816637 -0.007358 J734
128.650726 27.401239 -0.003962 J735
127.945053 26.944489 -0.002218 J736
128.248367 26.859344 -0.000420 J737
128.144028 26.708273 -0.002078 J738
127.231628 26.582876 0.000679 J739
127.972397 26.482731 -0.002403 J740
127.832733 26.446926 -0.002979 J741
127.143646 26.372936 -0.001469 J742
126.739151 26.347830 0.001239 J743
127.345245 26.178795 -0.004238 J744
127.826187 26.168608 0.000504 J745
131.290680 25.953726 0.001682 J746
125.170975 24.827959 -0.002918 J747
124.692444 24.641615 -0.004450 J748
124.301285 24.536625 -0.003541 J749
124.172653 24.338877 0.001789 J750
123.795853 24.061501 -0.007422 J751
139.056732 36.539257 0.011925 J752
139.269333 36.003735 -0.000162 J753
139.182205 35.884048 -0.000700 J754
139.365967 35.800800 -0.002272 J755
140.249161 35.288383 -0.036509 J756
139.369904 35.616428 -0.007958 J758
139.613846 35.160866 -0.010620 J759
135.789841 34.882030 0.009821 J760
135.618820 34.621052 0.006716 J761
134.659668 34.864120 0.000118 J762
135.706024 34.698334 0.006783 J763
135.819870 34.574001 -0.006868 J764
134.175797 34.809566 0.004466 J765
133.757019 34.579147 -0.000561 J766
133.288116 34.450439 -0.001740 J767
132.820221 34.334873 -0.010366 J768
132.219131 34.191181 -0.011156 J769
129.954849 33.372181 -0.004311 J770
130.444519 33.346489 -0.005764 J771
129.989685 32.945587 -0.009063 J772
130.430450 32.581673 -0.001907 J773
130.085190 32.524532 -0.005418 J774
130.323639 32.426273 -0.003964 J775
130.469452 31.675102 -0.002414 J776
130.135757 31.415892 -0.004050 J777
141.598236 45.219769 -0.008541 J778
142.351837 45.126774 -0.007376 J779
142.717911 44.780170 -0.001002 J780
141.793915 44.639927 -0.006263 J781
142.264526 44.365128 -0.002123 J782
141.664597 44.148754 -0.002945 J783
144.506409 43.722778 -0.004684 J784
141.370590 43.624329 0.002741 J785
142.643066 43.431633 0.001084 J787
143.901993 43.101692 -0.002257 J788
142.870056 43.013653 0.000293 J789
142.084595 42.933773 0.003312 J790
143.494965 42.806507 -0.003765 J791
141.081055 42.420547 0.010681 J792
143.151978 42.486412 -0.004464 J793
140.371231 41.934853 0.016240 J794
141.452591 39.849018 -0.034260 J795
140.988449 39.127007 -0.058869 J796
140.645630 37.984406 -0.128564 J797
140.822906 40.044975 0.001066 J798
140.094635 38.434341 -0.038527 J799
140.841644 37.018448 -0.480404 J800
139.402237 37.036934 -0.019358 J801
138.944824 36.778061 0.020438 J802
140.199921 38.288982 -0.050223 J803
139.521927 35.419270 -0.012026 J804
139.226044 37.828159 0.016356 J805
138.880447 37.776989 0.021398 J806
138.779541 37.498657 0.028293 J807
138.456818 35.673695 0.013156 J809
138.920273 37.589737 0.031506 J810
137.528778 35.575092 0.009400 J811
136.470306 35.359730 0.011215 J812
138.973862 35.114166 0.009492 J813
138.876465 34.719475 -0.002313 J814
138.609970 35.117153 0.004827 J815
138.209976 35.066975 0.007865 J817
138.081680 35.044884 0.007324 J818
137.946808 34.902050 0.005372 J819
138.176743 34.849415 0.005657 J820
137.680771 34.752041 0.005069 J821
136.788818 35.300838 0.007098 J822
134.588211 35.283344 0.003337 J823
136.096985 34.179951 -0.000306 J824
135.735184 33.969482 -0.005486 J825
135.708786 33.637173 -0.001777 J826
134.393433 34.217796 0.000070 J827
132.046097 33.367970 -0.004438 J828
132.475342 33.384373 -0.003143 J829
133.362640 33.704285 -0.003406 J830
130.464996 33.097355 -0.006523 J831
129.720718 32.839611 -0.001496 J832
131.206802 33.127842 -0.015993 J833
130.360657 32.098434 -0.007074 J834
130.238968 31.906164 -0.002343 J835
130.408005 31.796021 -0.009713 J836
130.599594 31.824060 -0.005505 J837
138.762787 34.690254 -0.005725 J838
138.331223 34.836166 0.002351 J840
139.069901 34.949757 0.005803 J841
138.249893 34.954346 -0.004879 J842
134.049545 35.174889 0.000150 J843
140.810532 40.834408 0.029347 J844
140.324387 37.361824 -0.089962 J845
133.461807 33.818356 0.000101 J846
137.868759 35.160450 0.010524 J847
141.955246 45.514114 0.002078 J848
141.881790 45.230106 0.000366 J849
142.292252 44.990505 -0.006522 J850
142.021774 44.916065 -0.007631 J851
142.038712 44.743240 0.004712 J852
142.571167 44.546501 -0.004911 J853
142.935837 44.332294 -0.004949 J854
141.872177 44.317665 0.004397 J855
143.364594 44.260853 -0.004100 J856
142.400894 44.165474 0.003643 J857
142.601242 44.114449 -0.003372 J858
144.993500 44.065033 -0.007720 J859
141.860748 44.052105 -0.002121 J860
143.534149 43.909927 -0.003075 J861
142.236542 43.889290 -0.002319 J862
143.176697 43.878723 -0.003488 J863
145.056870 43.794029 -0.005466 J864
142.132309 43.725658 -0.001131 J865
143.381088 43.710323 -0.003174 J866
142.794403 43.646908 -0.000967 J867
143.991730 43.644562 -0.003119 J868
145.220367 43.555996 -0.004939 J869
144.719040 43.545929 -0.006181 J870
142.187607 43.521576 0.000337 J871
141.616776 43.504215 0.003900 J872
143.753860 43.473579 -0.001827 J873
143.187042 43.366470 -0.001822 J874
140.378281 43.320705 0.001064 J875
141.345963 43.240528 -0.000143 J876
141.652023 43.220894 0.003958 J877
144.970734 43.218189 -0.006318 J878
143.027756 43.171329 0.000662 J879
142.567032 43.165047 0.001637 J880
144.496490 43.149391 -0.004229 J881
141.203293 43.140396 0.003323 J882
143.597702 43.123894 -0.002955 J883
140.811111 43.082596 0.003436 J884
142.532257 42.890633 0.002119 J885
143.655533 42.800343 -0.004130 J886
142.953690 42.803341 -0.002816 J887
140.011780 42.685337 0.003712 J888
143.312790 42.673962 -0.002203 J889
142.395920 42.554260 0.003920 J890
142.767944 42.277233 0.000506 J891
140.929337 41.740593 0.016859 J892
140.535019 41.711327 0.020436 J893
141.094467 41.466160 0.018460 J894
140.983810 41.199665 0.025233 J895
141.385696 41.160934 0.019092 J896
140.293533 41.121723 0.027127 J897
140.011002 40.730633 0.032802 J898
141.106018 40.579983 0.026086 J899
141.332001 40.508759 0.008414 J901
140.941589 40.447632 0.022764 J902
141.484863 40.271042 -0.004768 J903
141.046463 40.106747 0.006461 J904
141.662186 39.970955 -0.064820 J905
141.970230 39.738960 -0.285197 J906
141.426132 39.639370 -0.065725 J907
140.836319 39.554455 -0.007587 J908
141.292999 39.464695 -0.071876 J909
141.311676 39.235374 -0.149206 J910
141.400848 39.012108 -0.299303 J911
141.148529 38.995464 -0.159274 J912
140.833191 38.934029 -0.093162 J913
141.317856 38.743221 -0.406440 J914
141.004333 38.686134 -0.173530 J915
141.160721 38.660629 -0.292443 J916
140.727722 38.571812 -0.122828 J917
141.304398 38.509842 -0.551917 J918
140.943695 38.177120 -0.226011 J919
140.727661 37.824600 -0.181774 J920
140.027573 40.339397 0.033281 J921
140.408157 40.183315 0.034941 J922
140.005493 40.099701 0.039114 J923
140.535858 39.921391 0.009368 J924
140.053925 39.527565 0.031881 J925
140.596085 39.508137 0.003630 J926
140.278931 39.296745 0.017448 J927
140.715057 39.146202 -0.089077 J928
140.447327 39.054379 -0.028831 J929
140.183472 38.938103 -0.008425 J930
140.497253 38.752155 -0.092095 J931
139.674530 38.701168 0.019500 J932
140.220505 38.628414 -0.044561 J933
140.393875 38.170441 -0.118919 J934
139.879410 37.920586 -0.025472 J935
140.446793 37.833496 -0.076269 J936
139.972656 37.669289 -0.075320 J937
140.571655 37.591091 -0.130193 J938
139.835526 37.461288 -0.025050 J939
140.464035 37.444870 -0.177633 J940
139.686340 37.326210 -0.022886 J941
140.212738 37.293041 -0.080336 J942
140.450974 37.210564 -0.138237 J943
140.716003 37.183090 -0.306515 J944
140.376266 37.023582 -0.135592 J945
140.690155 36.932621 -0.342193 J946
140.385696 36.475849 -0.170627 J947
140.035416 37.124699 -0.058201 J948
139.505310 36.872246 -0.027803 J949
139.752792 36.537632 -0.034684 J950
139.902512 36.456581 -0.052475 J951
139.060852 36.837357 0.008374 J952
138.847885 36.591377 0.017301 J954
139.016708 36.395348 0.003777 J955
139.254639 36.267693 0.008586 J956
138.702988 36.200268 0.018853 J957
138.926056 35.929928 -0.003744 J958
139.968475 35.143803 -0.025219 J959
139.366058 35.391487 -0.006594 J960
139.111450 37.540340 0.021642 J961
138.634598 37.212112 0.024075 J962
139.247101 37.157616 -0.005427 J963
138.457352 37.107086 0.032685 J964
140.296494 36.778957 -0.130817 J965
137.026428 36.919510 0.020033 J966
137.551331 36.864346 0.015312 J967
137.154480 36.757950 0.016886 J968
136.806396 36.592091 0.004288 J969
137.239227 36.472801 0.023818 J970
137.033936 37.432259 0.015492 J971
136.908768 37.226437 0.012915 J972
136.540680 36.537266 0.007396 J973
136.361649 36.229565 0.007198 J974
136.048950 36.109734 0.010869 J975
136.657745 35.901413 0.014679 J976
136.339584 35.888218 0.008720 J977
135.755646 35.486572 0.008994 J978
138.444214 35.904934 0.018456 J979
138.949997 35.753872 0.010018 J980
138.606873 35.467693 0.006078 J981
138.624252 36.856686 0.014273 J982
138.096725 36.706646 0.020335 J983
138.120941 36.523605 0.022230 J984
138.366043 36.260986 0.018148 J985
137.785431 35.944603 0.017596 J986
138.095703 35.878418 0.016527 J987
137.450882 35.815552 0.009681 J988
137.620163 35.661228 0.012494 J989
137.080521 36.140263 0.009986 J990
136.784622 35.723488 0.009759 J991
137.309097 35.523129 0.009189 J992
136.545288 35.480061 0.005412 J993
137.252319 35.300552 0.006997 J994
137.575333 35.100021 0.006201 J995
137.152390 34.917339 0.004225 J996
137.338776 34.785915 0.003095 J997
136.938477 34.740051 0.009363 J998
136.474457 34.420326 0.007803 J999
139.488007 35.709999 -0.002137 KGNI
135.046005 48.521000 0.000062 KHAJ
130.878571 31.425312 -0.011294 KNYA
140.658005 35.955002 -0.270304 KSMV
102.796997 25.030001 -0.013194 KUNM
150.810379 59.577644 -0.017124 MAGJ
153.979996 24.290001 -0.005004 MCIL
141.132996 39.134998 -0.086736 MIZU
139.559998 35.680000 -0.018376 MTKA
100.713654 14.043016 -0.005621 NIMT
127.768921 26.144817 0.006219 OKN1
158.649994 53.020000 0.002260 PETS
121.080002 14.640000 -0.001433 PIMO
130.878571 31.425308 -0.006942 S004
141.844818 43.528645 0.001623 S005
142.195023 27.067532 0.000195 S007
139.081970 35.006851 0.007134 S106
139.101685 34.971863 -0.002260 S107
140.087189 36.106113 -0.084825 S110
121.199997 31.100000 -0.001188 SHAO
135.936951 33.577854 -0.000973 SMST
141.845001 43.528999 0.003061 STK2
127.054001 37.276001 -0.002594 SUWN
120.989998 24.799999 -0.003320 TCMS
120.989998 24.799999 -0.005852 TNML
140.089996 36.110001 -0.081704 TSK2
140.087006 36.105999 -0.081654 TSKB
121.160004 24.950001 0.002370 TWTF
107.050003 47.869999 -0.001193 ULAB
138.362000 36.132999 0.022624 USUD
114.357002 30.532000 0.003047 WUHN
142.720001 47.029999 -0.004873 YSSK
136.503754 35.104763 0.007036 Z101
138.185791 35.322075 0.014643 Z102
137.423126 34.967480 0.003132 Z103
136.981750 34.543915 0.002481 Z104
136.802002 34.373581 0.005909 Z105
136.388489 34.297928 0.009542 Z106
136.139969 33.932949 0.006465 Z107
135.743454 34.155849 -0.000718 Z108
135.290344 34.090851 0.005375 Z109
135.399124 33.854500 0.001821 Z110
135.871094 33.799084 0.010125 Z111
135.406006 33.647251 0.004846 Z112
135.834137 33.520081 0.003928 Z113
134.510025 33.932796 0.008268 Z114
133.796951 33.838840 0.001948 Z115
134.484558 33.821980 0.009242 Z116
132.564697 33.510353 -0.013626 Z117
132.360382 33.202183 -0.002902 Z118
133.431702 33.545727 0.002632 Z119
133.699844 33.542534 0.011407 Z120
134.056198 33.367382 0.013025 Z121
132.974030 33.312130 -0.010249 Z123
132.822083 33.060120 -0.004264 Z124
