128.975998 36.164001 0.027300 0.004100 0. 0. 0. BHAO
127.374001 36.398998 0.021600 0.002600 0. 0. 0. *DAEJ
126.461998 33.287998 0.011300 0.002900 0. 0. 0. JEJU
126.380997 34.817001 0.015200 0.002700 0. 0. 0. MKPO
128.744003 35.491001 0.023500 0.003900 0. 0. 0. MLYN
128.457001 36.933998 0.028400 0.001300 0. 0. 0. SBAO
128.565002 38.250999 0.033100 -0.000100 0. 0. 0. SKCH
126.917999 37.493999 0.023500 0.001200 0. 0. 0. SKMA
127.518997 34.453999 0.015300 0.003500 0. 0. 0. KOHG
115.891998 39.609001 0.006900 -0.000100 0. 0. 0. *BJFS
114.357002 30.532000 0.002000 0.000200 0. 0. 0. *WUHN
141.845001 43.528999 0.014900 -0.025100 0. 0. 0. *STK2
135.046005 48.521000 0.007600 -0.011200 0. 0. 0. *KHAJ
102.796997 25.030001 -0.001000 -0.001500 0. 0. 0. *KUNM
126.135002 36.674000 0.016500 0.002100 0. 0. 0. ANHN
127.714996 37.993999 0.027800 0.001200 0. 0. 0. CCHN
126.602997 34.098000 0.012800 0.003200 0. 0. 0. DANG
131.869995 37.238998 0.053700 0.003900 0. 0. 0. DOKD
125.968002 36.125000 0.017700 0.002400 0. 0. 0. EOCH
126.042999 34.460999 0.012500 0.002600 0. 0. 0. GASA
127.321999 34.007999 0.015200 0.003000 0. 0. 0. GEOM
125.204002 34.710999 0.012300 0.001700 0. 0. 0. HGDO
129.567001 36.077999 0.028700 0.004400 0. 0. 0. HOMI
128.399002 38.551998 0.030300 -0.001300 0. 0. 0. JEOJ
129.429001 37.057999 0.031900 0.002500 0. 0. 0. JUKB
128.834000 37.897999 0.032700 0.000300 0. 0. 0. JUMN
126.268997 33.117001 0.010100 0.002800 0. 0. 0. MARA
126.315002 35.858002 0.017400 0.002000 0. 0. 0. MLDO
127.583000 35.903000 0.020700 0.003100 0. 0. 0. MOOJ
128.488007 37.349998 0.030100 0.001100 0. 0. 0. PYCH
128.738007 34.787998 0.018600 0.004800 0. 0. 0. SEOI
124.728996 37.759998 0.016600 0.001100 0. 0. 0. SOCH
125.098999 34.095001 0.011400 0.002700 0. 0. 0. SOHE
127.801003 34.411999 0.015000 0.003600 0. 0. 0. SORI
127.054001 37.276001 0.023300 0.001800 0. 0. 0. *SUWN
130.798004 37.518002 0.046600 0.001900 0. 0. 0. ULLE
129.070999 35.062000 0.022200 0.006300 0. 0. 0. YNDO
127.730003 36.487999 0.023800 0.003000 0. 0. 0. BOEN
127.710999 37.868999 0.025100 0.001200 0. 0. 0. CHCN
127.154999 36.877998 0.020400 0.000900 0. 0. 0. CHEN
126.529999 33.514000 0.011600 0.004800 0. 0. 0. CHJU
127.415001 38.164001 0.025100 0.000200 0. 0. 0. CHLW
128.477997 35.533001 0.022600 0.004800 0. 0. 0. CHNG
129.056000 36.436001 0.027700 0.004300 0. 0. 0. CHSG
128.692993 35.236000 0.020000 0.005800 0. 0. 0. CHWN
126.801003 36.459000 0.020100 0.002900 0. 0. 0. CHYG
127.460999 36.626999 0.022300 0.003200 0. 0. 0. CNJU
127.060997 37.902000 0.024100 0.001100 0. 0. 0. DOND
127.943001 35.667999 0.022400 0.004400 0. 0. 0. GOCH
127.787003 36.816002 0.025500 0.002200 0. 0. 0. GSAN
127.709000 35.161999 0.018300 0.004000 0. 0. 0. HADG
128.194000 37.709000 0.028700 0.002100 0. 0. 0. HONC
126.685997 37.419998 0.021200 0.001600 0. 0. 0. INCH
128.171005 38.069000 0.030500 -0.000900 0. 0. 0. INJE
126.900002 34.674999 0.016100 0.005500 0. 0. 0. JAHG
128.050003 35.173000 0.019400 0.004100 0. 0. 0. JINJ
126.973999 35.623001 0.018500 0.003900 0. 0. 0. JUNG
127.135002 35.842999 0.019000 0.003300 0. 0. 0. JUNJ
128.867996 37.771000 0.033100 0.001000 0. 0. 0. KANR
128.574005 36.233002 0.027700 0.003700 0. 0. 0. KUNW
126.910004 35.178001 0.019400 0.002600 0. 0. 0. KWNJ
127.661003 36.002998 0.021100 0.003900 0. 0. 0. MUJU
127.396004 35.423000 0.019000 0.004000 0. 0. 0. NAMW
127.098999 36.186001 0.020400 0.003700 0. 0. 0. NONS
126.737999 37.745998 0.022200 0.000900 0. 0. 0. PAJU
126.494003 36.776001 0.019700 0.002300 0. 0. 0. SEOS
128.143997 36.379002 0.023500 0.003300 0. 0. 0. SNJU
127.486000 34.957001 0.017200 0.004300 0. 0. 0. SONC
127.080002 37.630001 0.023400 0.000700 0. 0. 0. SOUL
128.975998 37.160999 0.030900 0.002400 0. 0. 0. TABK
128.802002 35.905998 0.024800 0.004200 0. 0. 0. TEGN
127.946999 37.337002 0.026000 0.002300 0. 0. 0. WNJU
129.416000 35.504002 0.025800 0.005800 0. 0. 0. WOLS
129.412994 36.992001 0.032400 0.002900 0. 0. 0. WULJ
127.505997 37.453999 0.027000 0.001200 0. 0. 0. YANP
128.445999 36.651001 0.025200 0.003300 0. 0. 0. YECH
126.515999 35.278999 0.015200 0.001800 0. 0. 0. YONK
128.462006 37.182999 0.028500 0.001100 0. 0. 0. YOWL
121.199997 31.100000 0.006200 0.001700 0. 0. 0. *SHAO
125.444000 43.791000 0.018100 -0.007000 0. 0. 0. *CHAN
130.600006 31.823999 0.010600 0.004300 0. 0. 0. *AIRA
138.362000 36.132999 0.224400 0.049200 0. 0. 0. *USUD
140.087006 36.105999 0.563600 0.048500 0. 0. 0. *TSKB
141.132996 39.134998 2.264200 -1.222200 0. 0. 0. *MIZU
