139.547653 39.185562 0.581100 019B
174.076263 52.714619 1.049332 AC60
130.600006 31.823999 0.595896 AIRA
102.234985 51.769707 0.659038 BADG
115.891998 39.609001 0.397378 BJFS
142.199997 27.070000 1.141375 CCJ2
125.444000 43.791000 0.545565 CHAN
145.742996 15.230000 1.006545 CNMR
100.533936 13.735914 0.816498 CUSV
127.374001 36.398998 0.558225 DAEJ
103.005463 21.427616 0.743245 DIEB
106.794861 20.694448 0.725529 DOSN
135.928299 33.877003 0.620205 G000
135.087646 35.419525 0.636700 G001
135.340698 35.333458 0.633281 G002
135.634216 35.155182 0.627812 G003
135.219940 34.326462 0.629414 G004
134.376114 34.760426 0.633456 G006
136.041901 34.710644 0.617313 G007
136.173141 34.493874 0.613468 G008
136.002640 34.292927 0.617660 G009
135.854797 34.241966 0.620779 G010
135.554001 33.940796 0.625476 G011
135.882095 33.668758 0.621903 G012
135.533844 33.658344 0.625890 G013
134.195267 35.529858 0.639293 G014
133.495132 35.506935 0.631987 G015
133.869751 35.493202 0.636145 G016
134.155945 35.340591 0.637308 G017
132.921997 35.491909 0.626113 G018
133.192093 35.310692 0.627283 G019
132.902695 35.309727 0.624966 G020
132.669006 35.233078 0.623283 G021
132.385559 35.031902 0.621429 G022
132.685165 34.856747 0.621865 G023
132.109467 34.777946 0.619362 G024
131.810318 34.624344 0.616342 G025
133.680756 35.282959 0.632196 G026
133.912689 35.105026 0.633043 G027
133.800446 34.738079 0.628738 G028
133.972595 34.590286 0.629072 G029
132.902100 35.035213 0.623565 G030
132.908112 34.633671 0.621867 G031
133.341293 34.612202 0.623991 G032
133.140182 34.515621 0.622372 G033
132.691956 34.184635 0.619898 G035
132.531631 34.069233 0.619055 G036
131.735321 34.195274 0.612990 G037
132.052734 34.090061 0.615977 G038
131.113037 34.020523 0.602390 G039
132.119965 33.845917 0.615445 G040
134.457306 33.993687 0.627956 G041
134.211166 33.934563 0.626034 G042
134.175980 34.478535 0.629802 G044
133.899384 34.325920 0.626368 G045
133.350693 33.974171 0.621289 G046
133.047394 33.884090 0.620243 G047
132.798523 33.642731 0.619203 G048
132.743683 33.305054 0.618436 G049
132.633636 33.096088 0.617244 G050
133.531021 33.625805 0.621168 G051
133.154495 33.607021 0.620179 G052
134.099319 33.497108 0.623387 G053
133.089539 33.416664 0.619936 G054
134.205536 33.394894 0.623726 G055
132.972137 33.193138 0.619478 G056
132.831467 32.961067 0.618525 G058
132.555435 32.738613 0.615516 G059
130.722427 33.929722 0.597689 G060
130.971115 33.867008 0.599888 G061
130.296906 33.683071 0.596122 G062
130.675674 33.579769 0.597257 G063
130.995422 33.564732 0.599351 G064
130.079269 33.503036 0.595646 G065
130.097214 33.292004 0.595548 G066
129.862946 33.073387 0.593057 G067
129.958954 32.768307 0.592621 G068
130.621765 33.060135 0.597564 G069
130.872650 32.995934 0.598578 G070
130.748367 32.709232 0.598409 G071
130.827347 32.396080 0.599040 G073
130.179886 32.367409 0.593214 G074
130.656494 32.343513 0.597934 G075
130.986389 32.292397 0.600044 G076
131.521149 33.514332 0.605569 G077
131.291672 33.383755 0.601964 G078
131.748413 33.096195 0.606660 G079
132.039047 32.936356 0.609860 G080
131.441528 32.898895 0.602480 G081
131.629227 32.852222 0.604372 G082
131.364700 32.527931 0.601947 G083
131.583023 32.316231 0.603890 G084
131.347488 32.111889 0.602594 G085
131.254456 32.001804 0.602150 G086
130.976959 31.877796 0.600103 G087
131.470062 31.785973 0.604176 G088
130.735672 31.743780 0.597295 G089
130.998306 31.564604 0.599875 G090
130.340057 31.450253 0.587840 G091
130.540588 31.377237 0.591557 G092
130.867111 31.242748 0.596652 G093
127.993683 26.386345 0.630009 G094
127.760361 26.312714 0.629159 G095
127.677628 26.194576 0.628010 G096
153.978653 24.290094 0.459791 G098
137.550842 36.114304 0.582542 G099
138.727310 35.360771 0.377410 G100
140.858307 43.209526 0.615939 G101
139.489197 42.078789 0.604935 G102
140.859207 40.897495 0.435347 G103
139.703461 39.942116 0.547375 G104
139.545959 38.563339 0.593076 G105
140.249451 35.129383 0.515507 G107
139.615540 35.160152 0.387984 G108
138.281250 37.814758 0.624380 G109
138.508514 37.356544 0.597979 G110
136.900330 37.405727 0.646742 G111
136.148849 36.254585 0.634370 G112
139.132965 34.895485 0.291506 G113
138.764206 34.806900 0.310020 G114
138.327408 34.870670 0.424471 G115
136.823837 34.903965 0.593950 G116
135.191544 34.144146 0.628950 G117
134.315933 35.593685 0.640482 G118
131.604645 34.627590 0.613971 G119
133.243500 33.333500 0.620342 G120
129.849289 33.473080 0.594378 G121
134.178116 33.266125 0.623416 G122
130.191071 32.017410 0.590785 G123
127.824677 26.179472 0.630307 G124
132.982178 32.869484 0.619478 G125
132.810654 32.762100 0.618115 G126
137.814484 35.777534 0.545402 G127
136.728745 35.405132 0.605485 G128
136.431931 34.603333 0.606141 G129
135.589935 33.747604 0.625250 G130
133.940872 33.722511 0.623227 G131
133.043228 33.545834 0.619866 G132
132.488770 33.039463 0.615740 G133
132.922653 33.391029 0.619382 G134
133.699570 35.490398 0.634231 G135
137.636871 34.702118 0.533297 G136
131.384033 33.078835 0.602183 G137
137.595978 36.576969 0.600134 G138
136.540482 34.285072 0.602122 G139
136.081070 20.425549 0.859712 G140
132.961685 33.103912 0.619404 G141
132.675827 32.927689 0.617216 G142
136.295578 34.930733 0.612184 G143
138.794662 34.970566 0.323411 G144
141.283188 38.901936 0.543278 G145
135.426102 34.085499 0.626927 G146
131.835007 34.043789 0.613339 G147
136.728226 34.490002 0.594878 G148
136.693192 34.296612 0.596203 G149
140.898788 42.557934 0.569506 G150
132.650330 34.492138 0.620578 G151
133.924103 33.622295 0.622801 G152
134.114166 33.774574 0.624507 G153
135.305313 33.769405 0.627410 G154
135.970596 33.660805 0.620570 G155
136.024353 33.820427 0.618676 G156
132.339813 34.397049 0.619181 G157
136.772705 37.000721 0.640806 G158
141.054657 39.362015 0.368488 G159
137.723373 34.672314 0.522583 G160
137.442459 34.680382 0.552560 G161
139.533829 38.511196 0.593893 G162
139.276184 36.602337 0.461580 G163
132.268814 34.575432 0.619445 G164
141.685333 45.407822 0.752550 G201
144.285797 44.019413 0.812805 G202
144.371399 42.975571 0.831955 G203
140.724533 41.781658 0.516937 G204
141.753250 39.019775 0.678788 G205
139.824921 34.918789 0.551481 G206
137.224579 36.762173 0.623087 G207
135.773193 33.475948 0.624280 G208
132.066208 34.897312 0.619581 G209
129.866196 32.735119 0.591100 G210
131.409302 31.576969 0.604009 G211
127.665207 26.213327 0.627851 G212
142.194611 27.093943 1.138175 G213
131.015564 30.556448 0.593890 GMSD
144.869995 13.590000 1.085006 GUAM
144.800003 13.430000 1.084768 GUUG
114.335373 22.434282 0.639182 HKWS
139.542297 36.295162 0.378764 I001
140.174271 36.263268 0.397421 I002
139.810532 36.203671 0.355377 I003
140.544479 36.181309 0.460277 I004
139.345169 36.120953 0.368129 I005
140.343155 36.096935 0.406327 I006
139.636719 36.087227 0.340507 I007
139.799927 36.010895 0.334450 I008
140.659241 35.955456 0.411946 I009
140.402954 35.970409 0.400268 I010
139.464279 35.925503 0.329576 I011
139.992722 35.940292 0.349528 I012
139.651855 35.937469 0.324533 I013
140.145493 35.873650 0.368165 I014
140.407013 35.803329 0.393109 I015
139.812805 35.780212 0.328881 I016
140.024750 35.786465 0.356330 I018
139.488266 35.710369 0.311453 I019
140.315140 35.717453 0.393011 I020
140.646820 35.777302 0.386448 I021
140.837234 35.726357 0.356096 I022
139.902359 35.675465 0.348193 I023
140.448303 35.642353 0.400840 I024
140.186569 35.544144 0.411868 I025
139.673355 35.563404 0.325786 I026
140.318237 35.530117 0.419519 I027
139.467834 35.521408 0.308048 I028
139.322571 35.482639 0.306198 I029
140.051331 35.447784 0.418817 I030
139.045181 35.415352 0.326294 I031
139.653748 35.436485 0.338185 I032
140.337372 35.421127 0.440071 I033
139.466064 35.326683 0.317801 I034
139.262695 35.304901 0.301954 I035
139.825516 35.311703 0.408709 I036
140.146790 35.333141 0.461630 I037
138.881653 35.321602 0.343905 I038
139.843567 35.143711 0.469262 I039
140.268021 35.165901 0.504237 I041
139.110443 35.148605 0.297870 I042
138.901855 35.110016 0.318588 I043
140.079269 35.111862 0.523294 I044
139.954346 35.254807 0.458393 I045
138.997925 35.014828 0.295407 I046
139.864075 34.954082 0.547272 I047
139.131165 34.939308 0.290691 I048
138.924820 34.916115 0.293804 I049
137.672333 34.835331 0.531408 I050
139.381393 34.784420 0.410129 I051
138.017532 34.785950 0.481710 I052
138.989822 34.751350 0.275806 I053
139.433212 34.686787 0.486390 I055
139.257904 34.371826 0.561168 I057
139.134460 34.200478 0.593387 I058
139.503845 34.121067 0.818612 I059
139.547150 34.059113 0.833801 I060
139.013687 34.921822 0.286425 I061
139.124359 34.878475 0.290641 I062
139.268127 35.723759 0.326692 I063
138.975861 35.623348 0.357559 I064
139.157227 35.610275 0.329336 I065
139.204865 35.428520 0.309754 I066
139.664841 35.267094 0.375173 I067
139.049332 35.245514 0.310461 I068
138.445251 35.443581 0.437992 I069
138.814041 35.496590 0.373571 I070
138.563431 35.362080 0.409652 I071
138.770676 35.305538 0.363614 I072
138.445694 35.289463 0.426896 I073
138.253510 35.200977 0.457352 I074
138.616989 35.203182 0.385507 I075
138.721542 35.173592 0.360773 I076
138.524704 35.067406 0.393979 I077
138.368698 35.103458 0.429800 I078
138.134903 35.103912 0.473295 I079
138.378296 34.990524 0.420700 I081
137.695236 35.079292 0.533900 I084
138.786057 34.776073 0.301079 I085
138.838425 34.610001 0.270368 I086
138.074860 34.939796 0.476990 I088
137.932144 34.843857 0.497124 I089
137.817947 34.941345 0.515741 I090
138.136917 34.757755 0.458874 I091
138.225601 34.738308 0.439724 I092
138.053543 34.715252 0.473184 I093
138.129288 34.642902 0.456034 I094
137.937439 34.670422 0.491959 I095
137.911270 34.755394 0.498096 I096
137.791794 34.792835 0.515911 I097
137.823425 34.671883 0.509263 I098
137.575485 34.937675 0.543650 I099
137.434006 34.864815 0.555705 I102
137.554337 34.808727 0.543622 I103
137.514938 34.718052 0.546259 I104
139.171036 35.040627 0.294515 I105
139.797241 33.119949 0.787163 I113
104.316177 52.219021 0.643300 IRKJ
104.316238 52.219025 0.643299 IRKM
104.316002 52.219002 0.643301 IRKT
141.750443 45.402992 0.762281 J001
143.224182 44.433685 0.968355 J002
141.756317 44.397949 0.717543 J003
144.675842 43.915691 0.814101 J004
144.449005 43.507858 0.821294 J005
142.482483 43.589657 2.441234 J007
141.510376 43.854012 0.652501 J008
145.129623 43.070080 0.855252 J009
144.431931 42.963261 0.833813 J010
143.459229 43.028625 0.834382 J011
142.401978 42.980515 1.307329 J012
141.030914 43.177853 0.609429 J013
141.730667 42.983253 0.547361 J014
143.331009 42.321594 0.833734 J015
142.364609 42.356903 0.952557 J016
139.857666 42.450733 0.607471 J017
140.942413 42.374214 0.550309 J018
143.156525 42.005856 0.838347 J019
139.519592 42.153545 0.606598 J020
140.107330 42.008076 0.574592 J021
140.747833 41.826073 0.518678 J022
140.040649 41.466377 0.547538 J023
141.213272 41.300774 0.444033 J024
140.272980 40.778984 0.494420 J026
141.789093 40.133450 0.451689 J027
141.939957 39.572384 0.541462 J028
141.203918 39.110626 0.444692 J029
139.776154 39.967903 0.540355 J030
140.048233 39.398697 0.527972 J031
139.808853 38.894604 0.569705 J032
140.318741 38.758595 0.507893 J033
140.366089 38.331028 0.500170 J035
141.441162 38.449196 0.746807 J036
140.954178 38.317486 0.567056 J037
140.908081 37.800671 0.668403 J038
139.791504 37.643696 0.541060 J040
140.902512 37.090714 0.669403 J041
140.611832 36.539928 0.573160 J042
139.726425 36.401848 0.387492 J043
138.906265 36.697025 0.512285 J044
138.865402 36.259033 0.454581 J045
137.851120 36.499767 0.581037 J046
137.943802 35.923580 0.539684 J047
138.583298 35.590336 0.424939 J048
139.509567 38.230690 0.592494 J049
138.988861 37.896469 0.605933 J050
138.574402 37.397678 0.597721 J051
137.487228 36.928959 0.619163 J052
136.889160 37.382374 0.646495 J053
136.649933 36.663410 0.635603 J054
136.172974 36.231174 0.633685 J055
136.105804 35.602562 0.624296 J056
135.233383 35.549904 0.636114 J057
137.347916 36.135994 0.596032 J058
137.248367 35.800484 0.590800 J059
136.900024 35.526073 0.601354 J060
137.467575 35.396767 0.563865 J061
136.158234 35.094727 0.617085 J062
137.041290 35.128109 0.586862 J063
136.502289 34.758999 0.604682 J064
136.851135 34.465389 0.589352 J065
136.198364 34.060658 0.613533 J066
135.500977 34.837997 0.628182 J067
135.851410 34.392300 0.620855 J068
135.221497 34.157684 0.628803 J069
135.764420 33.483360 0.624332 J070
134.550385 34.784813 0.634247 J071
133.058655 35.433876 0.626893 J074
132.208969 35.002811 0.620661 J075
131.610367 34.616493 0.613977 J076
133.527985 34.548798 0.624941 J077
132.575439 34.340355 0.619929 J078
130.913635 33.996555 0.599675 J079
134.023911 34.286026 0.627076 J080
134.626022 33.926857 0.628329 J081
134.122131 33.315895 0.623182 J082
133.578262 33.529148 0.621207 J083
133.241791 33.272900 0.620365 J084
132.966415 32.755737 0.619358 J085
132.281174 33.469009 0.615316 J086
130.476776 33.730721 0.596463 J087
131.691376 33.461544 0.607738 J088
130.967819 33.331085 0.598886 J089
131.876373 32.924587 0.607649 J090
129.850296 33.476070 0.594393 J091
130.645599 32.546410 0.597970 J093
131.632324 32.445446 0.604142 J094
131.469681 32.021755 0.603656 J095
130.190140 32.013245 0.590730 J096
130.466446 31.503769 0.591282 J097
130.299484 31.264591 0.584188 J098
131.087540 31.258533 0.600141 J099
127.768921 26.144814 0.629429 J100
142.169739 45.335827 0.877602 J101
141.038208 45.275967 0.696916 J102
142.537094 45.002399 1.234762 J103
141.741394 44.892460 0.742852 J104
142.265244 44.728497 0.959083 J105
141.330063 44.427048 0.680138 J106
142.625595 44.294567 1.824384 J107
144.029770 44.063873 0.818465 J108
145.186096 44.019184 0.818691 J109
142.151688 44.006779 0.889976 J110
143.333694 44.005619 0.887197 J111
143.926941 42.894516 0.826326 J112
144.986969 43.549397 0.830360 J113
143.787262 43.848896 0.828410 J114
145.131439 43.661823 0.830181 J115
144.774323 43.408688 0.829668 J116
141.431183 43.404678 0.614869 J117
145.114960 43.382526 0.840696 J118
145.801132 43.366852 0.872717 J119
140.597076 43.292583 0.624646 J120
143.562424 43.289471 0.833390 J121
144.325027 43.232933 0.825428 J122
143.298019 43.231995 0.851423 J123
144.126526 43.120609 0.825059 J124
144.843018 43.057594 0.843989 J125
140.499176 43.056828 0.616862 J126
140.543945 42.985252 0.612595 J127
141.290329 42.971378 0.581362 J128
140.883347 42.857887 0.593779 J129
140.603516 42.802719 0.601204 J130
140.233200 42.786434 0.611424 J131
141.863983 42.729443 0.501368 J132
142.295807 42.727238 1.091215 J133
143.103256 42.699268 0.852053 J134
141.074951 42.667877 0.567414 J135
141.602264 42.655529 0.510959 J136
140.825684 42.646290 0.580945 J137
143.461151 42.551647 0.830945 J138
141.361481 42.549801 0.528720 J139
140.354202 42.494362 0.592360 J140
142.060226 42.481281 0.681728 J141
142.567459 42.247726 0.909317 J142
140.250488 42.243679 0.581663 J143
142.935394 42.130936 0.853032 J144
140.003952 42.130848 0.586630 J145
140.568863 42.098606 0.553629 J146
140.805542 42.042969 0.532120 J147
140.315887 41.599026 0.535359 J149
140.880508 41.455299 0.477263 J150
140.635895 41.043221 0.469563 J151
141.367966 40.968243 0.422338 J152
141.197830 40.625069 0.381433 J153
139.928116 40.577644 0.524211 J154
140.578140 40.523655 0.446960 J155
141.511276 40.515358 0.393105 J156
141.076477 40.291077 0.359249 J157
141.713135 40.405201 0.452331 J158
141.293686 40.291149 0.343345 J159
141.461945 40.048599 0.348574 J160
141.225067 39.980576 0.327667 J161
141.950546 39.869370 0.539155 J162
141.164856 39.851246 0.330258 J163
141.803848 39.849174 0.452594 J164
140.964508 39.701092 0.353498 J165
141.172104 39.596573 0.349314 J166
141.955261 39.458160 0.562288 J167
141.534164 39.338055 0.482864 J169
141.798035 39.253517 0.587291 J170
141.739853 39.023781 0.673859 J171
141.572586 38.902859 0.657838 J172
140.990585 38.815342 0.451882 J173
140.801636 38.748936 0.432403 J174
141.449371 38.682697 0.693713 J175
141.147537 38.539482 0.602657 J176
140.851364 38.411758 0.494809 J177
140.642853 38.205742 0.474412 J178
140.843994 38.029659 0.583766 J179
140.442581 37.989929 0.482382 J180
140.577347 40.325047 0.440039 J181
140.263657 40.271156 0.483622 J182
140.787338 40.215439 0.401238 J183
140.048676 40.247295 0.509556 J184
140.401993 40.006878 0.463293 J185
140.132370 39.936054 0.502092 J186
140.597046 39.749161 0.429123 J187
140.234207 39.658310 0.494335 J188
140.386627 39.549294 0.472338 J189
140.559784 39.327003 0.444891 J190
139.907715 39.206062 0.550654 J191
140.161987 39.164211 0.521624 J192
140.629593 39.051903 0.437592 J193
139.547653 39.185562 0.581100 J194
139.957367 38.759720 0.558831 J195
139.831772 38.594036 0.573084 J196
139.742249 38.146175 0.574525 J197
140.093521 37.963608 0.527770 J198
140.077576 38.197544 0.541155 J199
140.466492 37.683308 0.486232 J200
140.755081 37.560555 0.587730 J201
140.072678 37.566948 0.502222 J202
141.006607 37.533691 0.709311 J203
139.528625 37.473461 0.552071 J204
140.662109 37.325470 0.554577 J205
139.364349 37.302799 0.549294 J206
139.503769 37.281490 0.536567 J207
139.871429 37.261070 0.498804 J209
140.259933 37.126293 0.462182 J210
140.561646 37.089294 0.530400 J211
140.413269 36.862091 0.493873 J212
140.293427 36.650566 0.459325 J213
140.753906 36.800308 0.642389 J214
140.077942 36.364914 0.395268 J215
140.476334 36.344368 0.482199 J216
140.039261 36.854233 0.444592 J217
139.619247 36.665985 0.441971 J218
139.923462 36.598946 0.415922 J219
139.224899 36.769691 0.494215 J220
138.552719 36.507996 0.522801 J221
139.330383 36.421627 0.422870 J222
139.075684 35.986893 0.384899 J223
139.795990 35.895969 0.327796 J224
140.048096 35.657207 0.373719 J225
140.384903 35.243244 0.470521 J226
139.974884 35.002792 0.549987 J227
139.630646 35.663696 0.315453 J228
139.162598 35.336208 0.306873 J229
139.142410 35.268600 0.303822 J230
139.253342 38.465393 0.607388 J231
138.513092 38.319347 0.628145 J232
138.471680 38.063278 0.625489 J233
139.351471 37.929382 0.591446 J234
138.273071 37.815903 0.624625 J235
139.477890 37.685905 0.571284 J236
138.780502 37.667522 0.603987 J237
139.059113 37.662296 0.592715 J238
138.998016 37.467720 0.583908 J239
138.789978 37.311314 0.583102 J240
138.333572 37.231121 0.598102 J241
138.933716 37.166035 0.563672 J242
138.100189 37.160789 0.604424 J243
138.608719 37.079132 0.574330 J244
137.873840 37.045174 0.608365 J245
138.830841 36.993458 0.553404 J246
138.198669 36.865402 0.581779 J247
136.996124 36.740620 0.629587 J248
137.195190 36.634335 0.620117 J249
137.439896 36.578705 0.607976 J250
136.920563 36.401878 0.622648 J251
136.919266 37.850494 0.653216 J252
137.270050 37.446026 0.640348 J253
136.388947 36.394455 0.634059 J255
136.633942 36.165291 0.624576 J256
136.278946 36.145618 0.630750 J257
136.504929 35.984909 0.623534 J258
135.989761 35.945004 0.631104 J259
136.197388 35.792782 0.625691 J260
135.907639 35.534409 0.626716 J261
135.608887 35.462715 0.630565 J262
138.316391 35.855980 0.489430 J263
138.695129 35.746876 0.419609 J264
138.436172 36.801708 0.561436 J265
137.872330 36.706470 0.591229 J266
138.247467 36.665154 0.563775 J267
138.322525 36.386177 0.533754 J268
138.637802 36.346012 0.494974 J269
137.902817 36.322372 0.566921 J270
138.216492 36.208466 0.529822 J271
138.460968 36.130638 0.493662 J272
137.983017 36.121109 0.547526 J273
137.696259 35.783619 0.556980 J274
138.038315 35.556129 0.508740 J275
137.815231 35.521091 0.534229 J276
137.925278 35.317142 0.513037 J277
137.587662 35.246998 0.549219 J278
137.147171 36.335510 0.612542 J279
136.952759 36.033047 0.611575 J280
137.534866 35.973457 0.577893 J281
136.863174 35.866940 0.610676 J282
136.975296 35.757782 0.603534 J283
137.424774 35.657188 0.574757 J284
136.488770 35.636154 0.616963 J285
136.611389 35.632896 0.613631 J286
137.174149 35.612087 0.589889 J287
136.687286 35.488323 0.608469 J288
137.124695 35.478699 0.589414 J289
136.549744 35.371708 0.610627 J291
137.110229 35.367371 0.587735 J292
137.405609 35.261967 0.565569 J293
136.593445 35.227905 0.606997 J294
137.980408 35.031517 0.495292 J295
138.515671 34.986496 0.389497 J296
138.922256 34.865589 0.288605 J297
136.929977 35.334759 0.596113 J298
136.828827 35.190105 0.597857 J299
137.253555 35.138752 0.574256 J300
137.313171 35.039463 0.568217 J301
137.059784 34.994991 0.583715 J302
137.299942 34.919746 0.567258 J303
136.867645 34.823357 0.591093 J304
137.119003 34.794872 0.577617 J305
137.277832 34.648663 0.565540 J306
137.068069 34.609238 0.578816 J307
136.636505 34.913803 0.601431 J309
136.183456 34.742874 0.613939 J310
136.550659 34.547047 0.601921 J311
136.334259 34.433140 0.608845 J312
136.820618 34.253441 0.590707 J314
136.085907 33.875137 0.617123 J315
136.010895 33.741272 0.619379 J316
136.197952 35.557331 0.621946 J317
136.053665 35.466286 0.623391 J318
135.913208 35.351254 0.624620 J319
136.062820 35.318974 0.621463 J320
136.235611 35.269440 0.617205 J321
135.870804 35.137039 0.623491 J322
136.145035 34.986385 0.616454 J323
135.906158 34.939602 0.621437 J324
136.054825 34.869328 0.617775 J326
135.173218 35.752354 0.638297 J327
134.932281 35.555683 0.638994 J328
135.164032 35.292336 0.635064 J329
135.366898 35.163788 0.631834 J331
135.564514 35.077583 0.628447 J332
135.665436 34.988571 0.626269 J333
135.864151 34.746971 0.621374 J334
135.685455 34.777840 0.624914 J335
135.518494 34.677906 0.627264 J336
135.481339 34.527309 0.627285 J337
135.627335 34.479107 0.624994 J338
135.586945 34.424809 0.625506 J339
135.364151 34.406452 0.628346 J340
134.582489 35.436749 0.639563 J341
134.818497 35.314899 0.637925 J342
135.181900 35.105286 0.633676 J343
134.585953 35.094456 0.636772 J344
134.972595 35.090786 0.635419 J345
134.403778 34.997593 0.635600 J346
134.767303 34.984684 0.635685 J347
135.325989 34.976788 0.631275 J348
135.176422 34.944794 0.632779 J349
134.545242 34.897266 0.635141 J350
135.215912 34.812187 0.631652 J351
134.997238 34.804916 0.633418 J352
135.341782 34.790905 0.630132 J353
134.828781 34.786961 0.634095 J354
135.380386 34.724251 0.629349 J355
135.172287 34.686989 0.631424 J356
134.519562 34.669880 0.633259 J357
134.965698 34.669739 0.632776 J358
135.024078 34.577053 0.631923 J359
134.860977 34.493320 0.632082 J360
134.881531 34.349770 0.631171 J361
134.735184 34.334332 0.631169 J362
134.736542 34.223671 0.630456 J363
136.050385 34.567032 0.616691 J364
135.731003 34.539223 0.623354 J365
135.704178 34.388302 0.623566 J366
135.963745 34.038166 0.618980 J367
135.357956 34.256138 0.627965 J368
135.065979 34.271461 0.630146 J369
135.590118 34.221828 0.625147 J370
135.384857 33.961674 0.627120 J371
135.180084 33.913853 0.628296 J372
135.782089 33.815201 0.622770 J373
135.508392 33.785488 0.625982 J374
135.396179 33.744274 0.626855 J375
135.920715 33.583912 0.621823 J376
135.599197 33.505619 0.625719 J377
134.046677 35.456753 0.637515 J378
133.439072 35.345535 0.630044 J379
134.237366 35.265862 0.637162 J380
133.308533 35.164574 0.627344 J381
133.239883 36.285290 0.634727 J382
132.984375 36.093208 0.630308 J383
132.743210 35.392616 0.624387 J384
132.995422 35.195614 0.624976 J385
132.507324 35.185955 0.622416 J386
132.720505 35.019772 0.622627 J387
131.923141 34.767345 0.618068 J388
133.792480 35.263538 0.633241 J389
134.319641 35.099640 0.636124 J390
134.234772 35.020882 0.634943 J391
133.734497 35.002960 0.630336 J392
133.960861 34.982544 0.632397 J393
133.598083 34.809692 0.627406 J394
133.929047 34.791386 0.630402 J395
134.165756 34.657722 0.631247 J396
133.796738 34.438568 0.626346 J397
133.120224 34.943451 0.624406 J398
132.277328 34.726898 0.619998 J399
132.540237 34.678814 0.620795 J400
133.107529 34.672451 0.622920 J401
132.824005 34.571301 0.621351 J402
132.463470 34.539158 0.620118 J403
133.009796 34.378685 0.621337 J405
131.416550 34.439861 0.609981 J407
130.943146 34.294609 0.601354 J408
131.562790 34.283737 0.611156 J409
131.953293 34.259083 0.615862 J410
131.346085 34.189491 0.607100 J411
131.530823 34.057240 0.609134 J412
131.286041 33.977715 0.604754 J413
132.104446 33.975067 0.615911 J414
134.351974 34.096989 0.628047 J415
134.560135 34.059906 0.628897 J416
134.049179 34.051498 0.625631 J417
134.230225 34.038418 0.626836 J418
133.681290 33.936672 0.622629 J419
134.389099 33.878933 0.626837 J420
134.058197 33.877514 0.624667 J421
134.667801 33.830242 0.627940 J422
134.533005 33.725090 0.626780 J423
134.372025 33.618500 0.625379 J424
134.314209 34.472374 0.630704 J425
134.241974 34.254578 0.628486 J426
133.715057 34.217396 0.624242 J427
133.647522 34.068073 0.623015 J428
133.925507 34.164169 0.625449 J429
132.990234 34.077888 0.620466 J430
133.538239 33.938660 0.621933 J431
133.201309 33.921204 0.620700 J432
132.911636 33.796497 0.619775 J433
132.683975 33.722599 0.618889 J434
132.937881 33.569225 0.619583 J435
132.693405 33.446766 0.618403 J436
132.561829 32.963905 0.616234 J437
133.655777 33.766975 0.621925 J438
133.805023 33.654152 0.622299 J439
134.106903 33.603786 0.623751 J440
134.280807 33.527760 0.624500 J441
133.903641 33.505737 0.622421 J442
133.280914 33.468403 0.620415 J443
134.007126 33.427795 0.622772 J444
133.402985 33.407703 0.620699 J445
132.792694 33.171646 0.618529 J447
132.999237 32.991234 0.619580 J448
132.703720 32.840607 0.617284 J449
130.250824 33.536140 0.596142 J450
130.521957 33.500378 0.596794 J451
130.828751 33.465462 0.598046 J452
130.564651 33.205875 0.597228 J453
130.268723 33.274853 0.596274 J454
130.094162 33.098476 0.595208 J455
129.482056 34.655552 0.594578 J456
129.311508 34.268208 0.592511 J457
129.734726 33.742657 0.594264 J458
129.537018 33.362202 0.590514 J459
129.690659 33.063103 0.590757 J460
130.271332 32.870686 0.595974 J461
128.843109 32.669384 0.560924 J462
130.154602 32.636913 0.594282 J463
130.547729 32.933495 0.597406 J464
130.764801 32.842098 0.598335 J465
131.099304 32.740650 0.600013 J466
129.987305 32.326241 0.589824 J467
130.506836 32.299156 0.596629 J468
130.802628 32.238674 0.598903 J469
131.564163 33.671192 0.607116 J470
131.168930 33.496235 0.600923 J471
131.347275 33.254044 0.602206 J472
131.798065 33.239437 0.608032 J473
131.286087 33.009029 0.601161 J474
131.587845 32.986858 0.604226 J475
131.756836 32.704018 0.605524 J476
131.327621 32.684834 0.601511 J477
131.148865 32.456642 0.600725 J478
131.185226 32.245857 0.601295 J479
131.515854 32.170433 0.603662 J480
131.078568 31.965048 0.600921 J481
131.021515 31.740314 0.600400 J482
131.368866 31.676546 0.603520 J483
131.217392 31.469376 0.602157 J484
130.597809 32.057503 0.596827 J485
130.759674 31.855528 0.597956 J486
129.795441 31.768684 0.577448 J487
130.278152 31.717379 0.589554 J488
130.836060 31.617376 0.598074 J489
130.640366 31.235224 0.592245 J490
130.723053 31.106205 0.592739 J491
130.964218 30.530867 0.592274 J492
130.638382 30.381721 0.580728 J493
129.489029 28.399088 0.580117 J494
128.432327 27.032185 0.594986 J495
127.898453 26.694811 0.623837 J496
131.227798 25.831211 0.607483 J497
125.373795 24.753119 0.486770 J498
122.942841 24.454168 0.459019 J499
123.792038 24.426273 0.457929 J500
141.167099 45.137711 0.700015 J501
142.964462 44.582043 1.219098 J502
143.615677 44.219723 0.850313 J503
143.076813 44.191944 1.011692 J504
144.293304 43.988789 0.813099 J505
142.577713 43.908405 2.035519 J506
144.115250 43.828079 0.817373 J507
142.409607 43.738522 2.667670 J508
141.873840 43.740841 0.680160 J509
142.903015 43.771412 1.045394 J510
143.578156 43.670502 0.839290 J511
145.258957 43.232105 0.853127 J512
144.079620 43.438835 0.821177 J513
142.395340 43.336266 2.365743 J514
144.597656 43.307011 0.828599 J515
141.890930 43.248409 0.601848 J516
140.860611 43.209507 0.615883 J517
142.809723 43.165527 0.963321 J518
145.520493 43.195164 0.867811 J519
141.540115 43.077587 0.575957 J520
143.170563 42.938862 0.853352 J521
141.577423 42.884430 0.546611 J522
141.407089 42.773190 0.550117 J523
140.767624 42.551380 0.576749 J525
140.876373 42.473904 0.563804 J526
139.446152 42.060505 0.605789 J527
140.666870 42.123142 0.548944 J528
140.715439 41.976688 0.533596 J529
140.071228 41.803028 0.564524 J530
144.719147 42.982571 0.842247 J531
143.315689 42.125587 0.834240 J532
141.447586 41.404705 0.457752 J533
140.490768 41.185078 0.493107 J534
140.821991 41.145546 0.458489 J535
141.131805 40.862362 0.409168 J537
140.589218 40.706276 0.454232 J538
141.376205 40.676399 0.391241 J539
140.478531 40.624344 0.464331 J540
140.803345 40.643566 0.422951 J541
140.451569 40.910175 0.481116 J542
141.066330 39.953079 0.340069 J543
140.769180 39.351299 0.398723 J544
141.575485 39.143089 0.560907 J546
141.675293 39.596127 0.447457 J547
140.847870 38.546215 0.469201 J548
141.212906 38.425056 0.668469 J549
141.500687 38.301186 0.774964 J550
139.848938 39.891136 0.534906 J551
140.044724 39.825809 0.515026 J552
140.732849 39.702682 0.400867 J553
140.506699 39.199097 0.459858 J554
139.927490 39.015972 0.555226 J555
140.365158 38.496769 0.502235 J556
140.271133 38.148098 0.510746 J557
140.205658 37.615952 0.490262 J559
140.372894 37.620731 0.480716 J560
140.135880 37.424507 0.483292 J561
139.586166 37.097248 0.508834 J563
139.461685 38.056183 0.590374 J564
138.369888 38.023685 0.627150 J565
138.706940 37.535831 0.600235 J566
138.516373 37.348541 0.597196 J567
139.020248 37.319870 0.571878 J568
138.242584 37.056683 0.591909 J569
137.893875 36.950871 0.602941 J570
139.073914 37.752064 0.596600 J571
137.369522 36.736958 0.616879 J572
137.031891 36.649563 0.626046 J573
137.138550 37.306969 0.640224 J574
136.718765 37.156746 0.644803 J575
136.996063 37.123158 0.639168 J576
136.755646 36.817478 0.637094 J577
136.605331 36.370068 0.629863 J578
136.184998 35.968887 0.628892 J579
136.055984 35.836842 0.628574 J580
140.497604 36.743027 0.528005 J581
139.987762 36.300705 0.378279 J582
139.931503 36.114815 0.353182 J583
140.202438 36.031338 0.379527 J584
140.164764 36.952305 0.452262 J585
139.805740 36.979580 0.474504 J586
139.854263 36.776371 0.443809 J587
140.157684 36.692455 0.438203 J588
139.490585 36.624172 0.444721 J589
140.179306 36.542217 0.428695 J590
138.591446 36.616318 0.531009 J591
139.066635 36.234669 0.423306 J592
138.912415 36.142754 0.431406 J593
139.434021 34.761543 0.450034 J594
139.358582 34.737614 0.416386 J595
139.270935 34.519634 0.469256 J596
139.210938 34.333122 0.551093 J597
139.137573 34.239914 0.560487 J598
139.561768 34.093765 0.826995 J599
139.478806 34.075783 0.829839 J600
139.612854 33.884125 0.843577 J601
139.764618 32.463501 0.766738 J602
142.162766 26.635151 1.139123 J603
141.324371 24.780184 0.942136 J604
141.288834 24.750805 0.932068 J605
138.690384 35.649517 0.411058 J606
139.025772 35.511868 0.338345 J607
137.984543 36.239029 0.554850 J608
137.871750 36.228371 0.563929 J609
138.499283 36.284714 0.504546 J610
137.682632 36.084663 0.571631 J611
138.214478 36.026161 0.515888 J612
138.583023 35.974148 0.460773 J613
137.598267 35.880001 0.569313 J614
137.983887 35.726292 0.524369 J615
137.676392 35.343735 0.543027 J616
136.904266 36.261467 0.619400 J617
137.363022 36.285645 0.600656 J618
137.200668 35.911633 0.596807 J619
138.776520 34.855034 0.313309 J620
138.928360 35.204395 0.323887 J621
138.098282 34.679924 0.463579 J622
138.182968 34.677753 0.446157 J623
138.046524 34.666409 0.472958 J624
138.159042 34.634541 0.449466 J625
138.906891 35.047241 0.310965 J626
140.086304 36.103634 0.369775 J627
138.939331 34.698906 0.271829 J628
137.073563 35.239086 0.587152 J629
136.965805 35.168423 0.591379 J630
136.862747 34.984394 0.593280 J631
136.831879 34.904385 0.593607 J632
136.694244 35.050911 0.600994 J633
136.393265 34.854900 0.608809 J634
136.329758 34.648750 0.609467 J635
136.628403 34.431442 0.598770 J636
136.342926 34.208157 0.608894 J637
136.264740 35.420357 0.618567 J638
136.041199 35.085724 0.619622 J639
135.034042 35.685078 0.639119 J640
135.415833 35.482216 0.633390 J641
135.549530 35.275860 0.629978 J642
135.773300 35.053135 0.624728 J643
135.772400 34.952641 0.624145 J644
134.677383 35.621201 0.640855 J645
134.728714 35.461262 0.639425 J646
135.022034 35.237881 0.636033 J647
134.771225 35.162743 0.636992 J648
134.945038 34.936188 0.634571 J649
135.528351 34.311840 0.626117 J650
135.167740 34.025391 0.628686 J652
135.496201 33.554413 0.626328 J653
133.339691 35.436008 0.629672 J654
134.325272 35.361443 0.638468 J655
133.137894 35.563534 0.628487 J656
132.457321 34.892658 0.621210 J657
132.013565 34.571064 0.617880 J658
131.864319 34.439720 0.615911 J659
133.563995 35.169662 0.629961 J660
133.396271 34.993362 0.626921 J662
132.851578 34.811604 0.622335 J663
133.337631 34.777790 0.624965 J664
132.194656 34.370346 0.618298 J665
132.455551 34.260921 0.619271 J666
132.884384 34.210068 0.620490 J667
131.152390 34.764347 0.607832 J668
131.176163 34.342087 0.605326 J669
131.065674 34.179771 0.602555 J670
132.358337 33.909935 0.617658 J672
134.605026 34.171810 0.629818 J673
133.874985 34.039738 0.624321 J674
134.301468 33.789532 0.625782 J675
133.998672 34.445454 0.628107 J676
133.780670 34.383400 0.625817 J677
133.189102 34.252445 0.621558 J678
132.781738 33.959473 0.619681 J679
132.487259 33.611595 0.617553 J680
132.543762 33.177589 0.616698 J681
133.228470 33.326908 0.620307 J683
133.128632 33.215431 0.620066 J684
130.749557 33.745506 0.597678 J685
131.016525 33.697403 0.599862 J686
130.823883 33.640465 0.598091 J687
130.701157 33.327225 0.597534 J688
129.940094 33.196030 0.594289 J689
129.690018 33.266121 0.592006 J690
129.125504 33.255791 0.580828 J691
129.026337 32.885628 0.571846 J692
130.166428 32.795700 0.594984 J693
130.335953 32.793015 0.596280 J694
130.216660 32.712292 0.595174 J695
130.352280 32.722572 0.596280 J696
130.290710 32.660652 0.595670 J697
128.619354 32.634274 0.552129 J698
131.062897 33.121956 0.599495 J699
130.748627 33.011292 0.598065 J700
130.996216 32.870747 0.599307 J701
130.794907 32.576725 0.598745 J702
131.093430 32.950653 0.599758 J703
131.132156 32.845001 0.600079 J704
131.356644 33.537125 0.603384 J705
131.588425 33.349854 0.605664 J706
131.121140 33.270271 0.600004 J707
131.579483 33.228428 0.604979 J709
130.915741 33.190575 0.598597 J710
131.530670 32.557049 0.603190 J711
131.334015 32.384399 0.601973 J712
131.486023 32.069107 0.603669 J713
130.865631 32.047718 0.599284 J714
131.306305 31.842098 0.602775 J715
131.305862 31.399105 0.603076 J716
130.179657 32.197075 0.592066 J717
130.439651 31.908840 0.594099 J718
130.651886 31.624098 0.595542 J719
130.708542 31.591841 0.596208 J720
130.637360 31.552221 0.594850 J721
130.699402 31.496153 0.595492 J722
130.274979 30.784655 0.575544 J723
131.028595 30.753325 0.596107 J724
130.198242 30.461390 0.568734 J725
130.903229 30.398676 0.588937 J726
130.424377 30.395756 0.574421 J727
130.554550 30.236353 0.576339 J728
129.705750 29.615330 0.574096 J729
129.693573 28.487219 0.589398 J730
130.028961 28.371132 0.599148 J731
129.921677 28.293980 0.595562 J732
129.320450 28.137583 0.564354 J733
128.894470 27.816637 0.543285 J734
128.650726 27.401239 0.561819 J735
127.945053 26.944489 0.614913 J736
128.248367 26.859344 0.611274 J737
128.144028 26.708273 0.620309 J738
127.231628 26.582876 0.621430 J739
127.972397 26.482731 0.628318 J740
127.832733 26.446926 0.628660 J741
127.143646 26.372936 0.618021 J742
126.739151 26.347830 0.605877 J743
127.345245 26.178795 0.620738 J744
127.826187 26.168608 0.630336 J745
131.290680 25.953726 0.613434 J746
125.170975 24.827959 0.481126 J747
124.692444 24.641615 0.463441 J748
124.301285 24.536625 0.457815 J749
124.172653 24.338877 0.459859 J750
123.795853 24.061501 0.466749 J751
139.056732 36.539257 0.474118 J752
139.269333 36.003735 0.359757 J753
139.182205 35.884048 0.355594 J754
139.365967 35.800800 0.324292 J755
140.249161 35.288383 0.474964 J756
139.369904 35.616428 0.310254 J758
139.613846 35.160866 0.387215 J759
135.789841 34.882030 0.623444 J760
135.618820 34.621052 0.625505 J761
134.659668 34.864120 0.634951 J762
135.706024 34.698334 0.624251 J763
135.819870 34.574001 0.621748 J764
134.175797 34.809566 0.632653 J765
133.757019 34.579147 0.627064 J766
133.288116 34.450439 0.622820 J767
132.820221 34.334873 0.620633 J768
132.219131 34.191181 0.617764 J769
129.954849 33.372181 0.594858 J770
130.444519 33.346489 0.596754 J771
129.989685 32.945587 0.593843 J772
130.430450 32.581673 0.596604 J773
130.085190 32.524532 0.592865 J774
130.323639 32.426273 0.595231 J775
130.469452 31.675102 0.592891 J776
130.135757 31.415892 0.581855 J777
141.598236 45.219769 0.736142 J778
142.351837 45.126774 0.999690 J779
142.717911 44.780170 1.529427 J780
141.793915 44.639927 0.739140 J781
142.264526 44.365128 1.010067 J782
141.664597 44.148754 0.686684 J783
144.506409 43.722778 0.817219 J784
141.370590 43.624329 0.632724 J785
142.643066 43.431633 1.250947 J787
143.901993 43.101692 0.824624 J788
142.870056 43.013653 0.914985 J789
142.084595 42.933773 0.691391 J790
143.494965 42.806507 0.830754 J791
141.081055 42.420547 0.543315 J792
143.151978 42.486412 0.843060 J793
140.371231 41.934853 0.554437 J794
141.452591 39.849018 0.362084 J795
140.988449 39.127007 0.393242 J796
140.645630 37.984406 0.497648 J797
140.822906 40.044975 0.388055 J798
140.094635 38.434341 0.544183 J799
140.841644 37.018448 0.651141 J800
139.402237 37.036934 0.517171 J801
138.944824 36.778061 0.519669 J802
140.199921 38.288982 0.526844 J803
139.521927 35.419270 0.317814 J804
139.226044 37.828159 0.593214 J805
138.880447 37.776989 0.605194 J806
138.779541 37.498657 0.595454 J807
138.456818 35.673695 0.453536 J809
138.920273 37.589737 0.594822 J810
137.528778 35.575092 0.563978 J811
136.470306 35.359730 0.612663 J812
138.973862 35.114166 0.307781 J813
138.876465 34.719475 0.277875 J814
138.609970 35.117153 0.379384 J815
138.209976 35.066975 0.458415 J817
138.081680 35.044884 0.479758 J818
137.946808 34.902050 0.496462 J819
138.176743 34.849415 0.454816 J820
137.680771 34.752041 0.529017 J821
136.788818 35.300838 0.601363 J822
134.588211 35.283344 0.638306 J823
136.096985 34.179951 0.615648 J824
135.735184 33.969482 0.623112 J825
135.708786 33.637173 0.624266 J826
134.393433 34.217796 0.629177 J827
132.046097 33.367970 0.612115 J828
132.475342 33.384373 0.616760 J829
133.362640 33.704285 0.620778 J830
130.464996 33.097355 0.597008 J831
129.720718 32.839611 0.589540 J832
131.206802 33.127842 0.600582 J833
130.360657 32.098434 0.594115 J834
130.238968 31.906164 0.590662 J835
130.408005 31.796021 0.592783 J836
130.599594 31.824060 0.595890 J837
138.762787 34.690254 0.295025 J838
138.331223 34.836166 0.421561 J840
139.069901 34.949757 0.287344 J841
138.249893 34.954346 0.445286 J842
134.049545 35.174889 0.634949 J843
140.810532 40.834408 0.435770 J844
140.324387 37.361824 0.471735 J845
133.461807 33.818356 0.621290 J846
137.868759 35.160450 0.515059 J847
141.955246 45.514114 0.806502 J848
141.881790 45.230106 0.782423 J849
142.292252 44.990505 0.961249 J850
142.021774 44.916065 0.811942 J851
142.038712 44.743240 0.813450 J852
142.571167 44.546501 1.569639 J853
142.935837 44.332294 1.182095 J854
141.872177 44.317665 0.736029 J855
143.364594 44.260853 0.898937 J856
142.400894 44.165474 1.492149 J857
142.601242 44.114449 1.955375 J858
144.993500 44.065033 0.813732 J859
141.860748 44.052105 0.711336 J860
143.534149 43.909927 0.849914 J861
142.236542 43.889290 1.080784 J862
143.176697 43.878723 0.918425 J863
145.056870 43.794029 0.823582 J864
142.132309 43.725658 0.864568 J865
143.381088 43.710323 0.861566 J866
142.794403 43.646908 1.117241 J867
143.991730 43.644562 0.820824 J868
145.220367 43.555996 0.837050 J869
144.719040 43.545929 0.824359 J870
142.187607 43.521576 1.016902 J871
141.616776 43.504215 0.623814 J872
143.753860 43.473579 0.827180 J873
143.187042 43.366470 0.873168 J874
140.378281 43.320705 0.628490 J875
141.345963 43.240528 0.603079 J876
141.652023 43.220894 0.588830 J877
144.970734 43.218189 0.842332 J878
143.027756 43.171329 0.889820 J879
142.567032 43.165047 1.195505 J880
144.496490 43.149391 0.830558 J881
141.203293 43.140396 0.600610 J882
143.597702 43.123894 0.829941 J883
140.811111 43.082596 0.610398 J884
142.532257 42.890633 1.069385 J885
143.655533 42.800343 0.827555 J886
142.953690 42.803341 0.876531 J887
140.011780 42.685337 0.612786 J888
143.312790 42.673962 0.836650 J889
142.395920 42.554260 1.002899 J890
142.767944 42.277233 0.877012 J891
140.929337 41.740593 0.496159 J892
140.535019 41.711327 0.526565 J893
141.094467 41.466160 0.461493 J894
140.983810 41.199665 0.448724 J895
141.385696 41.160934 0.439482 J896
140.293533 41.121723 0.507875 J897
140.011002 40.730633 0.519258 J898
141.106018 40.579983 0.382637 J899
141.332001 40.508759 0.367749 J901
140.941589 40.447632 0.390122 J902
141.484863 40.271042 0.359735 J903
141.046463 40.106747 0.350443 J904
141.662186 39.970955 0.400904 J905
141.970230 39.738960 0.559539 J906
141.426132 39.639370 0.389538 J907
140.836319 39.554455 0.379834 J908
141.292999 39.464695 0.392024 J909
141.311676 39.235374 0.447935 J910
141.400848 39.012108 0.549417 J911
141.148529 38.995464 0.456654 J912
140.833191 38.934029 0.411898 J913
141.317856 38.743221 0.619486 J914
141.004333 38.686134 0.490224 J915
141.160721 38.660629 0.571521 J916
140.727722 38.571812 0.449455 J917
141.304398 38.509842 0.684336 J918
140.943695 38.177120 0.606173 J919
140.727661 37.824600 0.553147 J920
140.027573 40.339397 0.512063 J921
140.408157 40.183315 0.462964 J922
140.005493 40.099701 0.515094 J923
140.535858 39.921391 0.440684 J924
140.053925 39.527565 0.522670 J925
140.596085 39.508137 0.432489 J926
140.278931 39.296745 0.498867 J927
140.715057 39.146202 0.416390 J928
140.447327 39.054379 0.476283 J929
140.183472 38.938103 0.525656 J930
140.497253 38.752155 0.473743 J931
139.674530 38.701168 0.583793 J932
140.220505 38.628414 0.525989 J933
140.393875 38.170441 0.491550 J934
139.879410 37.920586 0.550705 J935
140.446793 37.833496 0.482928 J936
139.972656 37.669289 0.522621 J937
140.571655 37.591091 0.509775 J938
139.835526 37.461288 0.521356 J939
140.464035 37.444870 0.488252 J940
139.686340 37.326210 0.524425 J941
140.212738 37.293041 0.468145 J942
140.450974 37.210564 0.490257 J943
140.716003 37.183090 0.585402 J944
140.376266 37.023582 0.479203 J945
140.690155 36.932621 0.597483 J946
140.385696 36.475849 0.472054 J947
140.035416 37.124699 0.468045 J948
139.505310 36.872246 0.485224 J949
139.752792 36.537632 0.410817 J950
139.902512 36.456581 0.394599 J951
139.060852 36.837357 0.517895 J952
138.847885 36.591377 0.503554 J954
139.016708 36.395348 0.455635 J955
139.254639 36.267693 0.403995 J956
138.702988 36.200268 0.468967 J957
138.926056 35.929928 0.400824 J958
139.968475 35.143803 0.498735 J959
139.366058 35.391487 0.304964 J960
139.111450 37.540340 0.582993 J961
138.634598 37.212112 0.583199 J962
139.247101 37.157616 0.542841 J963
138.457352 37.107086 0.584278 J964
140.296494 36.778957 0.464592 J965
137.026428 36.919510 0.633486 J966
137.551331 36.864346 0.614225 J967
137.154480 36.757950 0.625309 J968
136.806396 36.592091 0.630670 J969
137.239227 36.472801 0.613124 J970
137.033936 37.432259 0.644951 J971
136.908768 37.226437 0.643136 J972
136.540680 36.537266 0.634726 J973
136.361649 36.229565 0.631161 J974
136.048950 36.109734 0.633006 J975
136.657745 35.901413 0.617997 J976
136.339584 35.888218 0.624904 J977
135.755646 35.486572 0.628590 J978
138.444214 35.904934 0.474949 J979
138.949997 35.753872 0.375957 J980
138.606873 35.467693 0.410166 J981
138.624252 36.856686 0.553509 J982
138.096725 36.706646 0.577388 J983
138.120941 36.523605 0.562812 J984
138.366043 36.260986 0.517710 J985
137.785431 35.944603 0.556230 J986
138.095703 35.878418 0.519969 J987
137.450882 35.815552 0.578065 J988
137.620163 35.661228 0.559021 J989
137.080521 36.140263 0.609412 J990
136.784622 35.723488 0.610100 J991
137.309097 35.523129 0.579123 J992
136.545288 35.480061 0.612620 J993
137.252319 35.300552 0.577611 J994
137.575333 35.100021 0.546932 J995
137.152390 34.917339 0.577178 J996
137.338776 34.785915 0.562459 J997
136.938477 34.740051 0.586874 J998
136.474457 34.420326 0.604338 J999
139.488007 35.709999 0.311427 KGNI
135.046005 48.521000 0.601557 KHAJ
130.878571 31.425312 0.597845 KNYA
140.658005 35.955002 0.411864 KSMV
102.796997 25.030001 0.715861 KUNM
150.770020 59.575756 1.021338 MAG0
150.810379 59.577644 1.020777 MAGJ
153.979996 24.290001 0.459930 MCIL
141.132996 39.134998 0.417753 MIZU
139.559998 35.680000 0.311455 MTKA
100.713654 14.043016 0.813495 NIMT
106.814240 20.668461 0.725658 NT01
107.094955 10.386430 0.832869 NT03
104.542526 10.292282 0.837980 NT04
127.768921 26.144817 0.629429 OKN1
120.938751 15.450212 0.696295 PCAB
121.396774 13.932333 0.724608 PCAN
158.649994 53.020000 1.314311 PETS
121.080002 14.640000 0.711610 PIMO
120.938293 14.100280 0.724094 PTGY
120.575623 16.004196 0.688648 PURD
103.028961 21.403084 0.743305 QT01
108.220367 16.074642 0.766185 QT03
130.878571 31.425308 0.597845 S004
141.844818 43.528645 0.643818 S005
142.195023 27.067532 1.139353 S007
139.081970 35.006851 0.290292 S106
139.101685 34.971863 0.289084 S107
140.087189 36.106113 0.370076 S110
121.199997 31.100000 0.495916 SHAO
135.936951 33.577854 0.621624 SMST
141.845001 43.528999 0.643904 STK2
127.054001 37.276001 0.551226 SUWN
120.989998 24.799999 0.452133 TCMS
120.989998 24.799999 0.452133 TNML
140.089996 36.110001 0.370755 TSK2
140.087006 36.105999 0.370053 TSKB
121.160004 24.950001 0.449936 TWTF
107.050003 47.869999 0.588591 ULAB
138.362000 36.132999 0.506532 USUD
114.357002 30.532000 0.516857 WUHN
109.221497 34.368671 0.571836 XIAN
129.680298 62.030960 0.654965 YAKT
142.720001 47.029999 1.078955 YSSK
136.503754 35.104763 0.608065 Z101
138.185791 35.322075 0.475226 Z102
137.423126 34.967480 0.558276 Z103
136.981750 34.543915 0.583160 Z104
136.802002 34.373581 0.591454 Z105
136.388489 34.297928 0.607251 Z106
136.139969 33.932949 0.615601 Z107
135.743454 34.155849 0.622803 Z108
135.290344 34.090851 0.628118 Z109
135.399124 33.854500 0.626893 Z110
135.871094 33.799084 0.621481 Z111
135.406006 33.647251 0.626793 Z112
135.834137 33.520081 0.623354 Z113
134.510025 33.932796 0.627843 Z114
133.796951 33.838840 0.622868 Z115
134.484558 33.821980 0.627047 Z116
132.564697 33.510353 0.617780 Z117
132.360382 33.202183 0.615011 Z118
133.431702 33.545727 0.620804 Z119
133.699844 33.542534 0.621633 Z120
134.056198 33.367382 0.622920 Z121
132.974030 33.312130 0.619530 Z123
132.822083 33.060120 0.618575 Z124
141.669920 35.502980 0.116668 _CHS
142.083120 37.166010 0.137006 _FUK
143.482700 38.272700 0.430150 _GT3
142.833317 38.407233 2.389677 _GT4
143.362340 38.887930 3.177390 _KMN
143.263500 38.636440 3.397316 _KMS
142.916670 38.082940 2.467750 _MGI
142.433270 38.150560 1.525149 _MGW
