102.234985 51.769707 0.002550 -0.001441 BADG
115.891998 39.609001 0.006178 0.000300 BJFS
125.444000 43.791000 0.018412 -0.008522 CHAN
127.374001 36.398998 0.022488 0.003125 DAEJ
104.316238 52.219025 0.003536 -0.001370 IRKM
129.482056 34.655552 0.023898 0.007287 J456
129.311508 34.268208 0.021817 0.007176 J457
129.987305 32.326241 0.014040 0.005597 J467
129.693573 28.487219 0.003372 0.002164 J730
128.650726 27.401239 0.002834 0.002310 J735
127.143646 26.372936 0.002410 0.001799 J742
125.170975 24.827959 0.003416 0.001123 J747
135.046005 48.521000 0.008450 -0.011211 KHAJ
150.810379 59.577644 0.001159 -0.000844 MAGJ
153.979996 24.290001 -0.007294 0.009532 MCIL
121.199997 31.100000 0.005355 0.000185 SHAO
127.054001 37.276001 0.025710 0.000820 SUWN
107.050003 47.869999 0.003825 -0.001482 ULAB
114.357002 30.532000 0.007262 -0.001759 WUHN
142.720001 47.029999 0.001359 -0.003268 YSSK
