102.234985 51.769707 0.003217 -0.000324 BADG
115.891998 39.609001 0.008887 0.000474 BJFS
125.444000 43.791000 0.019698 -0.005829 CHAN
127.374001 36.398998 0.025349 0.003567 DAEJ
104.316238 52.219025 0.003420 -0.000499 IRKM
129.482056 34.655552 0.025516 0.006592 J456
129.311508 34.268208 0.023142 0.006551 J457
129.987305 32.326241 0.015462 0.006305 J467
129.693573 28.487219 0.005199 0.002917 J730
128.650726 27.401239 0.004057 0.002355 J735
127.143646 26.372936 0.003348 0.001963 J742
125.170975 24.827959 0.002556 0.001490 J747
135.046005 48.521000 0.009530 -0.010835 KHAJ
150.810379 59.577644 0.000324 0.000441 MAGJ
153.979996 24.290001 -0.005740 0.007066 MCIL
121.199997 31.100000 0.007172 0.002725 SHAO
127.054001 37.276001 0.026395 0.002259 SUWN
107.050003 47.869999 0.004666 -0.000419 ULAB
114.357002 30.532000 0.004717 0.001708 WUHN
142.720001 47.029999 0.003736 -0.002957 YSSK
