KHAJ
YSSK
J456
J457
BADG (102.23499,51.76971)  3442.659975
IRKM (104.31624,52.21902)  3312.108024
ULAB (107.05000,47.87000)  3034.762202
WUHN (114.35700,30.53200)  2703.295056
MAGJ (150.81038,59.57764)  2441.321451
BJFS (115.89200,39.60900)  2291.646450
J747 (125.17097,24.82796)  2205.801795
SHAO (121.20000,31.10000)  2091.458276
J742 (127.14365,26.37294)  1945.318678
MCIL (153.98000,24.29000)  1902.567137
J735 (128.65073,27.40124)  1759.706996
J730 (129.69357,28.48722)  1601.775810
CHAN (125.44400,43.79100)  1544.781038
SUWN (127.05400,37.27600)  1352.464667
DAEJ (127.37400,36.39900)  1343.901300
J467 (129.98730,32.32624)  1304.908524

