144.855361 40.110362 0.000027
144.767634 39.895766 0.383799
144.680501 39.681072 0.468189
144.593953 39.466283 0.558814
144.507983 39.251398 0.637771
144.422582 39.036420 0.661131
144.337741 38.821350 0.617806
144.253452 38.606190 0.658192
144.169708 38.390941 0.971570
144.086500 38.175604 1.416607
144.003821 37.960180 1.576868
143.921663 37.744672 1.614964
143.840017 37.529080 1.618049
143.758878 37.313406 1.542371
143.678237 37.097651 1.412460
143.598087 36.881816 1.288278
143.518421 36.665903 1.200604
143.439232 36.449912 1.143393
143.360513 36.233846 1.096065
143.282257 36.017705 1.043310
143.204457 35.801491 0.979907
143.127106 35.585205 0.907920
143.050198 35.368847 0.838322
142.973727 35.152420 0.786252
142.897686 34.935924 0.754456
142.822068 34.719360 0.730746
142.746868 34.502730 0.689442
142.672079 34.286035 0.000027
144.578161 40.177021 0.000027
144.491187 39.962183 0.332151
144.404801 39.747249 0.459481
144.318995 39.532223 0.630181
144.233760 39.317105 0.766836
144.149087 39.101896 0.686585
144.064968 38.886598 0.352352
143.981396 38.671213 0.247389
143.898362 38.455741 1.017320
143.815858 38.240184 3.132027
143.733877 38.024544 2.620357
143.652411 37.808822 2.593247
143.571452 37.593019 2.570710
143.490993 37.377136 2.251423
143.411027 37.161175 1.842601
143.331546 36.945137 1.522108
143.252543 36.729023 1.359609
143.174012 36.512835 1.294219
143.095945 36.296573 1.244166
143.018335 36.080239 1.176596
142.941175 35.863835 1.082789
142.864460 35.647360 0.957519
142.788182 35.430818 0.824910
142.712335 35.214208 0.744132
142.636912 34.997531 0.734363
142.561908 34.780790 0.742042
142.487315 34.563985 0.697772
142.413129 34.347117 0.000027
144.300376 40.243036 0.000027
144.214164 40.027960 0.294155
144.128533 39.812791 0.403747
144.043476 39.597532 0.559691
143.958983 39.382184 0.692117
143.875047 39.166748 0.540466
143.791659 38.951226 0.133406
143.708811 38.735619 0.062138
143.626495 38.519929 0.623693
143.544703 38.304157 7.317875
143.463428 38.088304 1.444544
143.382661 37.872371 2.330909
143.302396 37.656361 2.939156
143.222625 37.440273 1.859460
143.143341 37.224110 1.191749
143.064536 37.007872 0.832019
142.986203 36.791562 0.821647
142.908336 36.575179 0.963314
142.830927 36.358726 1.035465
142.753970 36.142203 1.033186
142.677458 35.925612 0.989435
142.601384 35.708954 0.868225
142.525742 35.492229 0.661729
142.450525 35.275440 0.546384
142.375727 35.058588 0.658343
142.301342 34.841672 0.831702
142.227364 34.624696 0.819226
142.153786 34.407659 0.000027
144.022010 40.308403 0.000027
143.936569 40.093092 0.237527
143.851702 39.877692 0.346009
143.767402 39.662204 0.515083
143.683661 39.446630 0.763678
143.600469 39.230971 1.051955
143.517819 39.015229 1.075673
143.435703 38.799405 4.959200
143.354113 38.583501 1.679736
143.273040 38.367517 7.062190
143.192478 38.151455 0.035352
143.112419 37.935316 1.432476
143.032855 37.719102 3.807121
142.953779 37.502813 1.465050
142.875183 37.286452 0.467307
142.797061 37.070019 0.163142
142.719406 36.853515 0.328657
142.642210 36.636942 0.913795
142.565466 36.420301 1.090476
142.489169 36.203593 1.126661
142.413310 35.986819 1.219106
142.337884 35.769981 1.198104
142.262884 35.553079 0.728333
142.188304 35.336114 0.305823
142.114138 35.119089 0.836043
142.040378 34.902004 1.569640
141.967019 34.684859 1.414020
141.894056 34.467657 0.000027
143.743071 40.373117 0.000027
143.658409 40.157575 0.181190
143.574315 39.941947 0.269707
143.490781 39.726235 0.381264
143.407798 39.510439 0.550605
143.325359 39.294562 0.780713
143.243455 39.078603 0.052931
143.162079 38.862566 0.041420
143.081222 38.646451 0.024262
143.000877 38.430259 0.037708
142.921035 38.213992 1.238585
142.841690 37.997651 0.050945
142.762835 37.781237 0.285455
142.684461 37.564752 0.720114
142.606561 37.348196 0.078819
142.529129 37.131571 0.039348
142.452157 36.914878 0.198296
142.375639 36.698119 1.486337
142.299567 36.481294 1.229843
142.223936 36.264404 1.180684
142.148738 36.047452 1.579909
142.073966 35.830437 2.160715
141.999615 35.613361 1.648748
141.925678 35.396226 0.919056
141.852148 35.179031 4.514779
141.779020 34.961779 3.734556
141.706287 34.744471 2.492594
141.633944 34.527107 0.000027
143.467121 40.436367 0.000027
143.383236 40.220602 0.103394
143.299912 40.004754 0.157801
143.217142 39.788823 0.194608
143.134917 39.572813 0.196297
143.053229 39.356723 0.287148
142.972069 39.140556 0.376928
142.891431 38.924312 0.430771
142.811305 38.707992 0.138489
142.731685 38.491600 0.387620
142.652562 38.275134 0.301331
142.573930 38.058597 0.038854
142.495781 37.841990 0.114061
142.418107 37.625314 1.213058
142.340901 37.408570 0.815551
142.264157 37.191760 0.113638
142.187867 36.974884 8.472564
142.112024 36.757944 1.907837
142.036623 36.540942 0.911798
141.961655 36.323877 0.915694
141.887115 36.106752 1.539972
141.812996 35.889566 2.421954
141.739291 35.672323 0.381948
141.665994 35.455022 0.336457
141.593100 35.237664 3.510295
141.520601 35.020252 3.661444
141.448492 34.802785 1.846536
141.376767 34.585265 0.000027
143.193546 40.498309 0.000027
143.110438 40.282326 0.054313
143.027885 40.066263 0.109667
142.945879 39.850122 0.157812
142.864411 39.633902 0.076701
142.783474 39.417607 0.159066
142.703058 39.201236 0.424544
142.623157 38.984791 0.580793
142.543763 38.768274 0.953627
142.464867 38.551686 0.823882
142.386463 38.335028 1.207447
142.308542 38.118301 0.033921
142.231098 37.901507 0.759688
142.154124 37.684646 1.437181
142.077612 37.467720 1.179854
142.001555 37.250731 0.013879
141.925946 37.033678 0.014205
141.850778 36.816564 0.260803
141.776046 36.599389 0.411318
141.701741 36.382154 0.549574
141.627858 36.164862 1.240983
141.554390 35.947512 2.180134
141.481331 35.730106 0.515412
141.408675 35.512645 0.544858
141.336414 35.295130 2.133155
141.264544 35.077562 0.970231
141.193058 34.859943 0.096185
141.121950 34.642272 0.000027
142.918811 40.559754 0.000027
142.836490 40.343558 0.037211
142.754717 40.127285 0.097677
142.673484 39.910935 0.488442
142.592783 39.694510 0.549053
142.512605 39.478012 3.323973
142.432943 39.261442 7.270474
142.353788 39.044800 0.746528
142.275133 38.828089 0.467555
142.196971 38.611309 0.203284
142.119294 38.394462 0.609778
142.042094 38.177549 0.326551
141.965364 37.960571 0.281115
141.889098 37.743529 0.274870
141.813287 37.526424 0.047506
141.737925 37.309258 0.016197
141.663005 37.092032 0.019398
141.588521 36.874746 0.193104
141.514465 36.657403 0.166168
141.440831 36.440002 0.099547
141.367613 36.222546 0.237702
141.294804 36.005035 0.921323
141.222398 35.787470 1.630983
141.150388 35.569852 0.894857
141.078769 35.352183 0.084635
141.007535 35.134463 0.029996
140.936678 34.916694 0.019871
140.866194 34.698876 0.000027
142.648485 40.619479 0.000027
142.566945 40.403077 0.029712
142.485946 40.186601 0.651868
142.405480 39.970051 4.865803
142.325539 39.753429 7.683233
142.246115 39.536735 7.645074
142.167199 39.319973 8.274341
142.088785 39.103142 5.760942
142.010864 38.886243 10.826850
141.933429 38.669279 8.273622
141.856472 38.452250 5.090104
141.779986 38.235157 7.137538
141.703964 38.018002 6.104170
141.628399 37.800786 4.332034
141.553284 37.583510 3.936253
141.478611 37.366175 2.912441
141.404374 37.148782 4.185541
141.330567 36.931332 5.213057
141.257182 36.713826 1.474514
141.184213 36.496266 0.832103
141.111653 36.278653 1.252579
141.039497 36.060987 1.423013
140.967738 35.843269 0.518664
140.896369 35.625502 1.809853
140.825386 35.407685 0.409603
140.754780 35.189820 0.015859
140.684548 34.971907 0.009312
140.614682 34.753948 0.000027
142.383789 40.677245 0.000027
142.303020 40.460646 0.015231
142.222784 40.243974 0.032545
142.143075 40.027232 0.038200
142.063884 39.810421 0.018253
141.985203 39.593541 0.012060
141.907024 39.376594 0.016554
141.829340 39.159581 0.133334
141.752143 38.942504 0.254226
141.675425 38.725363 1.610001
141.599179 38.508160 0.011409
141.523398 38.290896 0.007785
141.448074 38.073572 0.025557
141.373201 37.856189 1.671234
141.298771 37.638749 0.767270
141.224778 37.421252 0.663161
141.151214 37.203699 0.034534
141.078074 36.986093 0.018261
141.005350 36.768432 0.017947
140.933037 36.550720 0.028933
140.861127 36.332957 0.725631
140.789614 36.115143 0.442281
140.718493 35.897280 0.625528
140.647756 35.679369 1.394188
140.577399 35.461412 0.035214
140.507414 35.243408 0.010558
140.437797 35.025359 0.006000
140.368541 34.807266 0.000027
142.120584 40.733988 0.000027
142.040586 40.517197 0.009581
141.961115 40.300336 0.012046
141.882164 40.083407 0.010828
141.803725 39.866412 0.008931
141.725788 39.649350 0.011050
141.648347 39.432224 0.573298
141.571395 39.215035 0.370669
141.494922 38.997784 0.019893
141.418922 38.780472 0.257635
141.343388 38.563100 0.006963
141.268313 38.345669 0.006988
141.193688 38.128181 0.935927
141.119507 37.910636 0.804879
141.045764 37.693036 0.008210
140.972451 37.475383 0.006682
140.899562 37.257675 0.006155
140.827090 37.039916 0.005151
140.755028 36.822106 0.005895
140.683371 36.604246 0.008290
140.612111 36.386337 0.011709
140.541243 36.168381 0.014219
140.470760 35.950377 0.022572
140.400656 35.732328 0.043050
140.330925 35.514234 0.015624
140.261561 35.296096 0.008203
140.192559 35.077915 0.004927
140.123913 34.859692 0.000027
141.857873 40.789933 0.000027
141.778651 40.572954 0.025929
141.699950 40.355909 0.045706
141.621761 40.138798 0.328410
141.544077 39.921622 0.394842
141.466889 39.704383 0.942023
141.390190 39.487083 0.838928
141.313972 39.269721 0.446832
141.238228 39.052300 0.328893
141.162951 38.834821 0.258763
141.088132 38.617284 0.051078
141.013765 38.399691 0.146486
140.939843 38.182043 0.564953
140.866359 37.964341 0.070115
140.793305 37.746586 0.007932
140.720676 37.528780 0.008270
140.648464 37.310922 0.018025
140.576663 37.093015 0.169407
140.505267 36.875059 0.365331
140.434268 36.657056 0.148292
140.363661 36.439005 0.045990
140.293440 36.220910 0.548628
140.223598 36.002769 1.265686
140.154130 35.784585 0.089343
140.085029 35.566359 0.013682
140.016289 35.348091 0.008426
139.947905 35.129782 0.005630
139.879871 34.911433 0.000027
