139.547653 39.185562 0.838592 -0.321875 019B
130.600006 31.823999 0.013815 0.006086 AIRA
102.234985 51.769707 0.003217 -0.000324 BADG
115.891998 39.609001 0.008887 0.000474 BJFS
142.199997 27.070000 -0.001474 -0.000752 CCJ2
125.444000 43.791000 0.019698 -0.005829 CHAN
145.742996 15.230000 -0.000573 0.000756 CNMR
100.533936 13.735914 0.000907 0.000578 CUSV
127.374001 36.398998 0.025349 0.003567 DAEJ
135.928299 33.877003 0.041014 0.015427 G000
135.087646 35.419525 0.075987 0.018463 G001
135.340698 35.333458 0.077182 0.019639 G002
135.634216 35.155182 0.075559 0.020806 G003
135.219940 34.326462 0.048600 0.016446 G004
134.376114 34.760426 0.052123 0.015221 G006
136.041901 34.710644 0.065027 0.020849 G007
136.173141 34.493874 0.058850 0.019978 G008
136.002640 34.292927 0.051848 0.018231 G009
135.854797 34.241966 0.049767 0.017579 G010
135.554001 33.940796 0.041451 0.015288 G011
135.882095 33.668758 0.036429 0.014062 G012
135.533844 33.658344 0.035702 0.013718 G013
134.195267 35.529858 0.066184 0.014730 G014
133.495132 35.506935 0.057435 0.012531 G015
133.869751 35.493202 0.061420 0.013680 G016
134.155945 35.340591 0.061765 0.014781 G017
132.921997 35.491909 0.051460 0.011065 G018
133.192093 35.310692 0.051373 0.011943 G019
132.902695 35.309727 0.048826 0.011238 G020
132.669006 35.233078 0.045951 0.010782 G021
132.385559 35.031902 0.041568 0.010332 G022
132.685165 34.856747 0.041462 0.010984 G023
132.109467 34.777946 0.037225 0.009902 G024
131.810318 34.624344 0.034241 0.009420 G025
133.680756 35.282959 0.055581 0.013306 G026
133.912689 35.105026 0.054671 0.014061 G027
133.800446 34.738079 0.047345 0.013559 G028
133.972595 34.590286 0.046055 0.013834 G029
132.902100 35.035213 0.045179 0.011416 G030
132.908112 34.633671 0.040079 0.011403 G031
133.341293 34.612202 0.042370 0.012326 G032
133.140182 34.515621 0.039886 0.011810 G033
132.691956 34.184635 0.033784 0.010669 G035
132.531631 34.069233 0.031939 0.010296 G036
131.735321 34.195274 0.030154 0.009214 G037
132.052734 34.090061 0.030382 0.009601 G038
131.113037 34.020523 0.026738 0.008351 G039
132.119965 33.845917 0.028432 0.009487 G040
134.457306 33.993687 0.038544 0.013539 G041
134.211166 33.934563 0.036665 0.012907 G042
134.175980 34.478535 0.045429 0.014167 G044
133.899384 34.325920 0.041315 0.013213 G045
133.350693 33.974171 0.033967 0.011494 G046
133.047394 33.884090 0.031821 0.010854 G047
132.798523 33.642731 0.028519 0.010113 G048
132.743683 33.305054 0.025210 0.009472 G049
132.633636 33.096088 0.023212 0.008992 G050
133.531021 33.625805 0.030357 0.011052 G051
133.154495 33.607021 0.029124 0.010512 G052
134.099319 33.497108 0.030198 0.011435 G053
133.089539 33.416664 0.027000 0.010056 G054
134.205536 33.394894 0.029112 0.011231 G055
132.972137 33.193138 0.024633 0.009482 G056
132.831467 32.961067 0.022397 0.008895 G058
132.555435 32.738613 0.020323 0.008276 G059
130.722427 33.929722 0.025016 0.007887 G060
130.971115 33.867008 0.025279 0.008129 G061
130.296906 33.683071 0.022502 0.007384 G062
130.675674 33.579769 0.022745 0.007688 G063
130.995422 33.564732 0.023363 0.007985 G064
130.079269 33.503036 0.021079 0.007123 G065
130.097214 33.292004 0.020034 0.007039 G066
129.862946 33.073387 0.018600 0.006748 G067
129.958954 32.768307 0.017338 0.006623 G068
130.621765 33.060135 0.019692 0.007293 G069
130.872650 32.995934 0.019723 0.007428 G070
130.748367 32.709232 0.018016 0.007074 G071
130.827347 32.396080 0.016529 0.006801 G073
130.179886 32.367409 0.015808 0.006438 G074
130.656494 32.343513 0.016127 0.006659 G075
130.986389 32.292397 0.016160 0.006765 G076
131.521149 33.514332 0.024217 0.008475 G077
131.291672 33.383755 0.022823 0.008130 G078
131.748413 33.096195 0.021737 0.008232 G079
132.039047 32.936356 0.021082 0.008247 G080
131.441528 32.898895 0.019984 0.007750 G081
131.629227 32.852222 0.019952 0.007828 G082
131.364700 32.527931 0.017725 0.007245 G083
131.583023 32.316231 0.016753 0.007076 G084
131.347488 32.111889 0.015528 0.006699 G085
131.254456 32.001804 0.014940 0.006520 G086
130.976959 31.877796 0.014230 0.006272 G087
131.470062 31.785973 0.014025 0.006295 G088
130.735672 31.743780 0.013551 0.006040 G089
130.998306 31.564604 0.012916 0.005897 G090
130.340057 31.450253 0.012278 0.005615 G091
130.540588 31.377237 0.012073 0.005583 G092
130.867111 31.242748 0.011651 0.005486 G093
127.993683 26.386345 0.003220 0.001895 G094
127.760361 26.312714 0.003201 0.001885 G095
127.677628 26.194576 0.003121 0.001839 G096
153.978653 24.290094 -0.005740 0.007066 G098
137.550842 36.114304 0.187415 0.035413 G099
138.727310 35.360771 0.151466 0.041762 G100
140.858307 43.209526 0.039441 -0.053169 G101
139.489197 42.078789 0.114271 -0.113656 G102
140.859207 40.897495 0.277649 -0.281236 G103
139.703461 39.942116 0.577016 -0.334847 G104
139.545959 38.563339 1.015052 -0.244198 G105
140.249451 35.129383 0.128811 0.028083 G107
139.615540 35.160152 0.138473 0.037728 G108
138.281250 37.814758 0.471595 -0.029774 G109
138.508514 37.356544 0.474405 0.001906 G110
136.900330 37.405727 0.240210 0.004359 G111
136.148849 36.254585 0.133274 0.022041 G112
139.132965 34.895485 0.098149 0.028892 G113
138.764206 34.806900 0.089043 0.027704 G114
138.327408 34.870670 0.092692 0.029573 G115
136.823837 34.903965 0.080476 0.025318 G116
135.191544 34.144146 0.044444 0.015600 G117
134.315933 35.593685 0.069193 0.015075 G118
131.604645 34.627590 0.033320 0.009104 G119
133.243500 33.333500 0.026495 0.010048 G120
129.849289 33.473080 0.020486 0.006923 G121
134.178116 33.266125 0.027470 0.010786 G122
130.191071 32.017410 0.014360 0.006127 G123
127.824677 26.179472 0.003083 0.001817 G124
132.982178 32.869484 0.021834 0.008813 G125
132.810654 32.762100 0.020778 0.008479 G126
137.814484 35.777534 0.166724 0.038578 G127
136.728745 35.405132 0.104903 0.027843 G128
136.431931 34.603333 0.064364 0.021529 G129
135.589935 33.747604 0.037540 0.014268 G130
133.940872 33.722511 0.032738 0.011875 G131
133.043228 33.545834 0.028193 0.010254 G132
132.488770 33.039463 0.022523 0.008769 G133
132.922653 33.391029 0.026380 0.009820 G134
133.699570 35.490398 0.059409 0.013154 G135
137.636871 34.702118 0.077035 0.025833 G136
131.384033 33.078835 0.021019 0.007909 G137
137.595978 36.576969 0.237508 0.030349 G138
136.540482 34.285072 0.053944 0.019304 G139
136.081070 20.425549 -0.000191 -0.000924 G140
132.961685 33.103912 0.023814 0.009290 G141
132.675827 32.927689 0.021913 0.008713 G142
136.295578 34.930733 0.075650 0.023106 G143
138.794662 34.970566 0.105032 0.031957 G144
141.283188 38.901936 3.237883 -1.439151 G145
135.426102 34.085499 0.044161 0.015815 G146
131.835007 34.043789 0.029221 0.009268 G147
136.728226 34.490002 0.062015 0.021458 G148
136.693192 34.296612 0.054892 0.019667 G149
140.898788 42.557934 0.061438 -0.079124 G150
132.650330 34.492138 0.037004 0.010829 G151
133.924103 33.622295 0.031378 0.011577 G152
134.114166 33.774574 0.033984 0.012284 G153
135.305313 33.769405 0.037322 0.014037 G154
135.970596 33.660805 0.036367 0.014065 G155
136.024353 33.820427 0.039911 0.015154 G156
132.339813 34.397049 0.034494 0.010232 G157
136.772705 37.000721 0.206871 0.015238 G158
141.054657 39.362015 1.713065 -0.986599 G159
137.723373 34.672314 0.075810 0.025546 G160
137.442459 34.680382 0.074675 0.025153 G161
139.533829 38.511196 1.014429 -0.231783 G162
139.276184 36.602337 0.508489 0.045192 G163
132.268814 34.575432 0.035988 0.010174 G164
141.685333 45.407822 0.009184 -0.012129 G201
144.285797 44.019413 0.006289 0.001411 G202
144.371399 42.975571 0.008552 0.003542 G203
140.724533 41.781658 0.120604 -0.138976 G204
139.824921 34.918789 0.096872 0.023420 G206
137.224579 36.762173 0.224031 0.023308 G207
135.773193 33.475948 0.032602 0.012833 G208
132.066208 34.897312 0.038188 0.009796 G209
129.866196 32.735119 0.017078 0.006543 G210
131.409302 31.576969 0.013075 0.005994 G211
127.665207 26.213327 0.003138 0.001848 G212
142.194611 27.093943 -0.001480 -0.000765 G213
144.869995 13.590000 -0.000434 0.000411 GUAM
144.800003 13.430000 -0.000424 0.000386 GUUG
139.542297 36.295162 0.481129 0.056925 I001
140.174271 36.263268 0.733775 0.034034 I002
139.810532 36.203671 0.530580 0.058499 I003
140.544479 36.181309 0.893180 -0.029101 I004
139.345169 36.120953 0.373927 0.059487 I005
140.343155 36.096935 0.722007 0.036818 I006
139.636719 36.087227 0.427186 0.063051 I007
139.799927 36.010895 0.439023 0.065953 I008
140.659241 35.955456 0.743016 -0.013413 I009
140.402954 35.970409 0.653338 0.051771 I010
139.464279 35.925503 0.332912 0.062045 I011
139.992722 35.940292 0.462277 0.069330 I012
139.651855 35.937469 0.372115 0.065145 I013
140.145493 35.873650 0.473408 0.072880 I014
140.407013 35.803329 0.510310 0.072736 I015
139.812805 35.780212 0.340075 0.067580 I016
140.024750 35.786465 0.387444 0.072549 I018
139.488266 35.710369 0.268765 0.059508 I019
140.315140 35.717453 0.414639 0.077023 I020
140.646820 35.777302 0.558193 0.039425 I021
140.837234 35.726357 0.540580 -0.027528 I022
139.902359 35.675465 0.309866 0.067274 I023
140.448303 35.642353 0.384103 0.073079 I024
140.186569 35.544144 0.284246 0.066782 I025
139.673355 35.563404 0.241915 0.058106 I026
140.318237 35.530117 0.289378 0.066677 I027
139.467834 35.521408 0.214530 0.053343 I028
139.322571 35.482639 0.196719 0.050229 I029
140.051331 35.447784 0.229701 0.057497 I030
139.045181 35.415352 0.170841 0.045519 I031
139.653748 35.436485 0.203224 0.052041 I032
140.337372 35.421127 0.231624 0.055315 I033
139.466064 35.326683 0.168995 0.045368 I034
139.262695 35.304901 0.158570 0.043380 I035
139.825516 35.311703 0.176246 0.046362 I036
140.146790 35.333141 0.190382 0.048107 I037
138.881653 35.321602 0.150390 0.041774 I038
139.843567 35.143711 0.136397 0.035744 I039
140.268021 35.165901 0.137776 0.030662 I041
139.110443 35.148605 0.130154 0.037391 I042
138.901855 35.110016 0.122068 0.035903 I043
140.079269 35.111862 0.127950 0.030692 I044
139.954346 35.254807 0.163457 0.042531 I045
138.997925 35.014828 0.111441 0.033070 I046
139.864075 34.954082 0.101627 0.024599 I047
139.131165 34.939308 0.103146 0.030335 I048
138.924820 34.916115 0.099995 0.030250 I049
137.672333 34.835331 0.085200 0.027767 I050
139.381393 34.784420 0.085028 0.023354 I051
138.017532 34.785950 0.084492 0.027706 I052
138.989822 34.751350 0.083853 0.025271 I053
139.433212 34.686787 0.074697 0.019474 I055
139.257904 34.371826 0.052576 0.012875 I057
139.134460 34.200478 0.044466 0.010662 I058
139.503845 34.121067 0.035775 0.004459 I059
139.547150 34.059113 0.032466 0.002811 I060
139.013687 34.921822 0.100887 0.030179 I061
139.124359 34.878475 0.096278 0.028385 I062
139.268127 35.723759 0.249970 0.056118 I063
138.975861 35.623348 0.205541 0.049988 I064
139.157227 35.610275 0.214592 0.051961 I065
139.204865 35.428520 0.179796 0.047269 I066
139.664841 35.267094 0.161395 0.043311 I067
139.049332 35.245514 0.143306 0.040396 I068
138.445251 35.443581 0.153362 0.041289 I069
138.814041 35.496590 0.174888 0.045533 I070
138.563431 35.362080 0.146762 0.040658 I071
138.770676 35.305538 0.145083 0.040711 I072
138.445694 35.289463 0.134888 0.038451 I073
138.253510 35.200977 0.121383 0.035739 I074
138.616989 35.203182 0.128629 0.037490 I075
138.721542 35.173592 0.127055 0.037177 I076
138.524704 35.067406 0.112352 0.034076 I077
138.368698 35.103458 0.113781 0.034380 I078
138.134903 35.103912 0.110333 0.033491 I079
138.378296 34.990524 0.103332 0.032096 I081
137.695236 35.079292 0.101843 0.031144 I084
138.786057 34.776073 0.086338 0.026848 I085
138.838425 34.610001 0.072703 0.022429 I086
138.074860 34.939796 0.096077 0.030454 I088
137.932144 34.843857 0.087862 0.028526 I089
137.817947 34.941345 0.093573 0.029727 I090
138.136917 34.757755 0.083190 0.027308 I091
138.225601 34.738308 0.082204 0.026956 I092
138.053543 34.715252 0.079959 0.026521 I093
138.129288 34.642902 0.075539 0.025241 I094
137.937439 34.670422 0.076655 0.025717 I095
137.911270 34.755394 0.081850 0.027067 I096
137.791794 34.792835 0.083466 0.027444 I097
137.823425 34.671883 0.076259 0.025655 I098
137.575485 34.937675 0.090709 0.028813 I099
137.434006 34.864815 0.084812 0.027396 I102
137.554337 34.808727 0.082610 0.027078 I103
137.514938 34.718052 0.077162 0.025796 I104
139.171036 35.040627 0.115919 0.033664 I105
139.797241 33.119949 0.007868 -0.007356 I113
104.316177 52.219021 0.003420 -0.000499 IRKJ
104.316238 52.219025 0.003420 -0.000499 IRKM
104.316002 52.219002 0.003420 -0.000499 IRKT
141.750443 45.402992 0.009011 -0.011785 J001
143.224182 44.433685 0.008040 -0.005992 J002
141.756317 44.397949 0.014354 -0.019618 J003
144.675842 43.915691 0.005559 0.003714 J004
144.449005 43.507858 0.006901 0.003109 J005
142.482483 43.589657 0.016326 -0.019984 J007
141.510376 43.854012 0.021081 -0.029536 J008
145.129623 43.070080 0.004988 0.007855 J009
144.431931 42.963261 0.008280 0.004131 J010
143.459229 43.028625 0.013774 -0.008756 J011
142.401978 42.980515 0.024404 -0.030937 J012
141.030914 43.177853 0.038041 -0.051810 J013
141.730667 42.983253 0.033172 -0.045523 J014
143.331009 42.321594 0.022551 -0.017906 J015
142.364609 42.356903 0.038847 -0.049550 J016
139.857666 42.450733 0.084522 -0.094068 J017
140.942413 42.374214 0.069743 -0.088664 J018
143.156525 42.005856 0.031872 -0.030736 J019
139.519592 42.153545 0.108250 -0.109523 J020
140.107330 42.008076 0.112420 -0.121927 J021
140.747833 41.826073 0.115434 -0.134298 J022
140.040649 41.466377 0.174206 -0.170094 J023
141.213272 41.300774 0.169043 -0.195067 J024
140.272980 40.778984 0.318404 -0.278117 J026
141.789093 40.133450 0.741507 -0.707470 J027
141.939957 39.572384 2.017693 -1.481725 J028
141.203918 39.110626 2.474736 -1.248898 J029
139.776154 39.967903 0.581136 -0.345931 J030
140.048233 39.398697 0.978835 -0.470887 J031
139.808853 38.894604 1.105110 -0.368420 J032
140.318741 38.758595 1.637249 -0.551942 J033
140.366089 38.331028 1.892402 -0.439070 J035
141.441162 38.449196 4.909297 -1.683021 J036
140.954178 38.317486 3.221580 -0.856240 J037
140.908081 37.800671 2.959834 -0.490223 J038
139.791504 37.643696 1.122262 -0.086637 J040
140.902512 37.090714 1.971944 -0.291013 J041
140.611832 36.539928 1.220222 -0.088079 J042
139.726425 36.401848 0.586593 0.049785 J043
138.906265 36.697025 0.439922 0.039977 J044
138.865402 36.259033 0.329708 0.051397 J045
137.851120 36.499767 0.251639 0.034479 J046
137.943802 35.923580 0.189328 0.040365 J047
138.583298 35.590336 0.178851 0.044999 J048
139.509567 38.230690 1.013973 -0.170530 J049
138.988861 37.896469 0.704048 -0.065228 J050
138.574402 37.397678 0.497015 -0.001782 J051
137.487228 36.928959 0.261878 0.020933 J052
136.889160 37.382374 0.237974 0.005108 J053
136.649933 36.663410 0.178548 0.020984 J054
136.172974 36.231174 0.132998 0.022377 J055
136.105804 35.602562 0.101223 0.024021 J056
135.233383 35.549904 0.082249 0.019091 J057
137.347916 36.135994 0.178223 0.033121 J058
137.248367 35.800484 0.145760 0.032999 J059
136.900024 35.526073 0.115928 0.029500 J060
137.467575 35.396767 0.121081 0.033090 J061
136.158234 35.094727 0.080489 0.023224 J062
137.041290 35.128109 0.095040 0.028188 J063
136.502289 34.758999 0.070902 0.022899 J064
136.851135 34.465389 0.061705 0.021515 J065
136.198364 34.060658 0.046215 0.017021 J066
135.500977 34.837997 0.064018 0.019322 J067
135.851410 34.392300 0.053849 0.018449 J068
135.221497 34.157684 0.044868 0.015725 J069
135.764420 33.483360 0.032730 0.012874 J070
134.550385 34.784813 0.054049 0.015804 J071
133.058655 35.433876 0.051927 0.011473 J074
132.208969 35.002811 0.040127 0.010010 J075
131.610367 34.616493 0.033250 0.009114 J076
133.527985 34.548798 0.042590 0.012694 J077
132.575439 34.340355 0.034965 0.010601 J078
130.913635 33.996555 0.025986 0.008116 J079
134.023911 34.286026 0.041336 0.013411 J080
134.626022 33.926857 0.038060 0.013626 J081
134.122131 33.315895 0.027979 0.010895 J082
133.578262 33.529148 0.029355 0.010885 J083
133.241791 33.272900 0.025887 0.009912 J084
132.966415 32.755737 0.020893 0.008559 J085
132.281174 33.469009 0.025624 0.009237 J086
130.476776 33.730721 0.023185 0.007569 J087
131.691376 33.461544 0.024220 0.008599 J088
130.967819 33.331085 0.021846 0.007790 J089
131.876373 32.924587 0.020768 0.008106 J090
129.850296 33.476070 0.020502 0.006925 J091
130.645599 32.546410 0.017084 0.006855 J093
131.632324 32.445446 0.017514 0.007280 J094
131.469681 32.021755 0.015152 0.006621 J095
130.190140 32.013245 0.014343 0.006123 J096
130.466446 31.503769 0.012514 0.005702 J097
130.299484 31.264591 0.011618 0.005414 J098
131.087540 31.258533 0.011738 0.005532 J099
127.768921 26.144814 0.003066 0.001807 J100
142.169739 45.335827 0.008074 -0.009689 J101
141.038208 45.275967 0.011954 -0.016747 J102
142.537094 45.002399 0.008177 -0.008912 J103
141.741394 44.892460 0.011357 -0.015258 J104
142.265244 44.728497 0.010148 -0.012412 J105
141.330063 44.427048 0.016480 -0.023160 J106
142.625595 44.294567 0.010774 -0.012035 J107
144.029770 44.063873 0.006831 -0.000324 J108
145.186096 44.019184 0.004378 0.005408 J109
142.151688 44.006779 0.015044 -0.019660 J110
143.333694 44.005619 0.009198 -0.006395 J111
143.926941 42.894516 0.011417 -0.001681 J112
144.986969 43.549397 0.005212 0.005880 J113
143.787262 43.848896 0.008143 -0.002409 J114
145.131439 43.661823 0.004736 0.006080 J115
144.774323 43.408688 0.006018 0.005305 J116
141.431183 43.404678 0.028422 -0.039615 J117
145.114960 43.382526 0.004945 0.006798 J118
145.801132 43.366852 0.002717 0.007856 J119
140.597076 43.292583 0.040470 -0.053646 J120
143.562424 43.289471 0.011474 -0.006083 J121
144.325027 43.232933 0.008032 0.002614 J122
143.298019 43.231995 0.013449 -0.010305 J123
144.126526 43.120609 0.009296 0.000806 J124
144.843018 43.057594 0.006202 0.006722 J125
140.499176 43.056828 0.048541 -0.062619 J126
140.543945 42.985252 0.050310 -0.064827 J127
141.290329 42.971378 0.039875 -0.054455 J128
140.883347 42.857887 0.049673 -0.065506 J129
140.603516 42.802719 0.056117 -0.071631 J130
140.233200 42.786434 0.062312 -0.075992 J131
141.863983 42.729443 0.037410 -0.050667 J132
142.295807 42.727238 0.030538 -0.039555 J133
143.103256 42.699268 0.020227 -0.018994 J134
141.074951 42.667877 0.053473 -0.070630 J135
141.602264 42.655529 0.044225 -0.059926 J136
140.825684 42.646290 0.058854 -0.075841 J137
143.461151 42.551647 0.017972 -0.011832 J138
141.361481 42.549801 0.052701 -0.070364 J139
140.354202 42.494362 0.074526 -0.089406 J140
142.060226 42.481281 0.041110 -0.054562 J141
142.567459 42.247726 0.037924 -0.046370 J142
140.250488 42.243679 0.091707 -0.105115 J143
142.935394 42.130936 0.033417 -0.036058 J144
140.003952 42.130848 0.104046 -0.113129 J145
140.568863 42.098606 0.095960 -0.112904 J146
140.805542 42.042969 0.094702 -0.114222 J147
140.315887 41.599026 0.151782 -0.159294 J149
140.880508 41.455299 0.156830 -0.176288 J150
140.635895 41.043221 0.243891 -0.244007 J151
141.367966 40.968243 0.234964 -0.263247 J152
141.197830 40.625069 0.367757 -0.373658 J153
139.928116 40.577644 0.368954 -0.282922 J154
140.578140 40.523655 0.418683 -0.363480 J155
141.511276 40.515358 0.409970 -0.427068 J156
141.076477 40.291077 0.565877 -0.508066 J157
141.713135 40.405201 0.470218 -0.489492 J158
141.293686 40.291149 0.570756 -0.533639 J159
141.461945 40.048599 0.833347 -0.718561 J160
141.225067 39.980576 0.873949 -0.705276 J161
141.950546 39.869370 1.205290 -1.046398 J162
141.164856 39.851246 1.020855 -0.765754 J163
141.803848 39.849174 1.254127 -1.037244 J164
140.964508 39.701092 1.138874 -0.767336 J165
141.172104 39.596573 1.407000 -0.929099 J166
141.955261 39.458160 2.404629 -1.667596 J167
141.534164 39.338055 2.432709 -1.454497 J169
141.798035 39.253517 3.048827 -1.852324 J170
141.739853 39.023781 3.955356 -2.092183 J171
141.572586 38.902859 4.059442 -1.903319 J172
140.990585 38.815342 2.645331 -1.064654 J173
140.801636 38.748936 2.338427 -0.870203 J174
141.449371 38.682697 4.401274 -1.751022 J175
141.147537 38.539482 3.636505 -1.231047 J176
140.851364 38.411758 2.822514 -0.806113 J177
140.642853 38.205742 2.397101 -0.526937 J178
140.843994 38.029659 2.907961 -0.568589 J179
140.442581 37.989929 1.988061 -0.316569 J180
140.577347 40.325047 0.518186 -0.421517 J181
140.263657 40.271156 0.517434 -0.384570 J182
140.787338 40.215439 0.603484 -0.494755 J183
140.048676 40.247295 0.503227 -0.353842 J184
140.401993 40.006878 0.691161 -0.477025 J185
140.132370 39.936054 0.675242 -0.426816 J186
140.597046 39.749161 0.946517 -0.606727 J187
140.234207 39.658310 0.884653 -0.504000 J188
140.386627 39.549294 1.034934 -0.577640 J189
140.559784 39.327003 1.348536 -0.697133 J190
139.907715 39.206062 1.017595 -0.425894 J191
140.161987 39.164211 1.208228 -0.520907 J192
140.629593 39.051903 1.720663 -0.766076 J193
139.547653 39.185562 0.838592 -0.321875 J194
139.957367 38.759720 1.277796 -0.396956 J195
139.831772 38.594036 1.225960 -0.322047 J196
139.742249 38.146175 1.189523 -0.188841 J197
140.093521 37.963608 1.506918 -0.204853 J198
140.077576 38.197544 1.526399 -0.279099 J199
140.466492 37.683308 1.877213 -0.222557 J200
140.755081 37.560555 2.328143 -0.295544 J201
140.072678 37.566948 1.336635 -0.109631 J202
141.006607 37.533691 2.851191 -0.362686 J203
139.528625 37.473461 0.892327 -0.038327 J204
140.662109 37.325470 1.943717 -0.217749 J205
139.364349 37.302799 0.756309 -0.009321 J206
139.503769 37.281490 0.819657 -0.012774 J207
139.871429 37.261070 1.038830 -0.036430 J209
140.259933 37.126293 1.298397 -0.081820 J210
140.561646 37.089294 1.626991 -0.172325 J211
140.413269 36.862091 1.306530 -0.089293 J212
140.293427 36.650566 1.056222 -0.027996 J213
140.753906 36.800308 1.584150 -0.187631 J214
140.077942 36.364914 0.736233 0.033347 J215
140.476334 36.344368 0.978821 -0.033088 J216
140.039261 36.854233 0.969618 -0.010341 J217
139.619247 36.665985 0.651305 0.036853 J218
139.923462 36.598946 0.769634 0.025992 J219
139.224899 36.769691 0.543980 0.036863 J220
138.552719 36.507996 0.334977 0.042648 J221
139.330383 36.421627 0.466363 0.052449 J222
139.075684 35.986893 0.294316 0.055991 J223
139.795990 35.895969 0.386694 0.067706 J224
140.048096 35.657207 0.324114 0.070315 J225
140.384903 35.243244 0.158350 0.034178 J226
139.974884 35.002792 0.107972 0.025434 J227
139.630646 35.663696 0.270027 0.060913 J228
139.162598 35.336208 0.161146 0.043911 J229
139.142410 35.268600 0.149135 0.041534 J230
139.253342 38.465393 0.849733 -0.175858 J231
138.513092 38.319347 0.556545 -0.085788 J232
138.471680 38.063278 0.537357 -0.058278 J233
139.351471 37.929382 0.887850 -0.095459 J234
138.273071 37.815903 0.469751 -0.029665 J235
139.477890 37.685905 0.917947 -0.065893 J236
138.780502 37.667522 0.596958 -0.029938 J237
139.059113 37.662296 0.700874 -0.039308 J238
138.998016 37.467720 0.641119 -0.015617 J239
138.789978 37.311314 0.542167 0.002513 J240
138.333572 37.231121 0.417747 0.010932 J241
138.933716 37.166035 0.556156 0.012408 J242
138.100189 37.160789 0.365913 0.014748 J243
138.608719 37.079132 0.452414 0.019617 J244
137.873840 37.045174 0.318555 0.019124 J245
138.830841 36.993458 0.489345 0.024657 J246
138.198669 36.865402 0.341601 0.027990 J247
136.996124 36.740620 0.205427 0.022069 J248
137.195190 36.634335 0.211350 0.025609 J249
137.439896 36.578705 0.224889 0.028804 J250
136.920563 36.401878 0.176319 0.026643 J251
136.919266 37.850494 0.261797 -0.011661 J252
137.270050 37.446026 0.279222 0.002455 J253
136.388947 36.394455 0.150028 0.022522 J255
136.633942 36.165291 0.147074 0.026321 J256
136.278946 36.145618 0.132462 0.023698 J257
136.504929 35.984909 0.131596 0.026220 J258
135.989761 35.945004 0.113696 0.022646 J259
136.197388 35.792782 0.112286 0.024472 J260
135.907639 35.534409 0.094152 0.022780 J261
135.608887 35.462715 0.085842 0.021065 J262
138.316391 35.855980 0.202704 0.044670 J263
138.695129 35.746876 0.209960 0.048504 J264
138.436172 36.801708 0.369352 0.032252 J265
137.872330 36.706470 0.278723 0.030156 J266
138.247467 36.665154 0.318650 0.035036 J267
138.322525 36.386177 0.284072 0.042149 J268
138.637802 36.346012 0.315891 0.047000 J269
137.902817 36.322372 0.234573 0.037741 J270
138.216492 36.208466 0.246165 0.042874 J271
138.460968 36.130638 0.256478 0.046720 J272
137.983017 36.121109 0.215736 0.040438 J273
137.696259 35.783619 0.162165 0.037367 J274
138.038315 35.556129 0.152282 0.039250 J275
137.815231 35.521091 0.141259 0.036926 J276
137.925278 35.317142 0.125380 0.035550 J277
137.587662 35.246998 0.112373 0.032524 J278
137.147171 36.335510 0.183929 0.029438 J279
136.952759 36.033047 0.151490 0.029813 J280
137.534866 35.973457 0.172993 0.035758 J281
136.863174 35.866940 0.136703 0.029504 J282
136.975296 35.757782 0.133150 0.030538 J283
137.424774 35.657188 0.140496 0.034305 J284
136.488770 35.636154 0.111901 0.026648 J285
136.611389 35.632896 0.114858 0.027546 J286
137.174149 35.612087 0.129130 0.031963 J287
136.687286 35.488323 0.108620 0.027830 J288
137.124695 35.478699 0.118494 0.031018 J289
136.549744 35.371708 0.099483 0.026533 J291
137.110229 35.367371 0.110822 0.030302 J292
137.405609 35.261967 0.109872 0.031507 J293
136.593445 35.227905 0.093053 0.026211 J294
137.980408 35.031517 0.102161 0.031683 J295
138.515671 34.986496 0.104313 0.032233 J296
138.922256 34.865589 0.094812 0.028809 J297
136.929977 35.334759 0.105041 0.028880 J298
136.828827 35.190105 0.095044 0.027397 J299
137.253555 35.138752 0.099028 0.029471 J300
137.313171 35.039463 0.093804 0.028827 J301
137.059784 34.994991 0.087907 0.027171 J302
137.299942 34.919746 0.086585 0.027509 J303
136.867645 34.823357 0.077129 0.024831 J304
137.119003 34.794872 0.078105 0.025511 J305
137.277832 34.648663 0.072050 0.024395 J306
137.068069 34.609238 0.068908 0.023448 J307
136.636505 34.913803 0.078827 0.024555 J309
136.183456 34.742874 0.067399 0.021567 J310
136.550659 34.547047 0.063101 0.021463 J311
136.334259 34.433140 0.057828 0.020002 J312
136.820618 34.253441 0.053821 0.019454 J314
136.085907 33.875137 0.041291 0.015583 J315
136.010895 33.741272 0.038128 0.014617 J316
136.197952 35.557331 0.101190 0.024605 J317
136.053665 35.466286 0.094185 0.023617 J318
135.913208 35.351254 0.086927 0.022639 J319
136.062820 35.318974 0.088168 0.023422 J320
136.235611 35.269440 0.088976 0.024279 J321
135.870804 35.137039 0.078155 0.021919 J322
136.145035 34.986385 0.076055 0.022688 J323
135.906158 34.939602 0.071541 0.021391 J324
136.054825 34.869328 0.070676 0.021725 J326
135.173218 35.752354 0.087479 0.018482 J327
134.932281 35.555683 0.077448 0.017661 J328
135.164032 35.292336 0.073394 0.018789 J329
135.366898 35.163788 0.072286 0.019572 J331
135.564514 35.077583 0.072101 0.020298 J332
135.665436 34.988571 0.070434 0.020501 J333
135.864151 34.746971 0.064646 0.020364 J334
135.685455 34.777840 0.063974 0.019815 J335
135.518494 34.677906 0.059566 0.018795 J336
135.481339 34.527309 0.055171 0.018043 J337
135.627335 34.479107 0.054869 0.018267 J338
135.586945 34.424809 0.053160 0.017886 J339
135.364151 34.406452 0.051330 0.017173 J340
134.582489 35.436749 0.069229 0.016290 J341
134.818497 35.314899 0.069340 0.017296 J342
135.181900 35.105286 0.068252 0.018667 J343
134.585953 35.094456 0.061220 0.016306 J344
134.972595 35.090786 0.065406 0.017783 J345
134.403778 34.997593 0.057241 0.015593 J346
134.767303 34.984684 0.060545 0.016856 J347
135.325989 34.976788 0.066241 0.019018 J348
135.176422 34.944794 0.063746 0.018341 J349
134.545242 34.897266 0.056418 0.015960 J350
135.215912 34.812187 0.060574 0.018157 J351
134.997238 34.804916 0.058387 0.017348 J352
135.341782 34.790905 0.061164 0.018560 J353
134.828781 34.786961 0.056469 0.016725 J354
135.380386 34.724251 0.059682 0.018478 J355
135.172287 34.686989 0.056950 0.017629 J356
134.519562 34.669880 0.051410 0.015496 J357
134.965698 34.669739 0.054864 0.016892 J358
135.024078 34.577053 0.053136 0.016804 J359
134.860977 34.493320 0.050120 0.016060 J360
134.881531 34.349770 0.047194 0.015655 J361
134.735184 34.334332 0.046049 0.015231 J362
134.736542 34.223671 0.043891 0.014876 J363
136.050385 34.567032 0.060370 0.020057 J364
135.731003 34.539223 0.057255 0.018883 J365
135.704178 34.388302 0.052889 0.018027 J366
135.963745 34.038166 0.044949 0.016516 J367
135.357956 34.256138 0.047716 0.016485 J368
135.065979 34.271461 0.046552 0.015837 J369
135.590118 34.221828 0.048031 0.016865 J370
135.384857 33.961674 0.041357 0.015118 J371
135.180084 33.913853 0.039727 0.014540 J372
135.782089 33.815201 0.039333 0.014875 J373
135.508392 33.785488 0.038117 0.014381 J374
135.396179 33.744274 0.037060 0.014025 J375
135.920715 33.583912 0.034762 0.013549 J376
135.599197 33.505619 0.032986 0.012924 J377
134.046677 35.456753 0.062822 0.014306 J378
133.439072 35.345535 0.054233 0.012566 J379
134.237366 35.265862 0.061147 0.015096 J380
133.308533 35.164574 0.050221 0.012346 J381
133.239883 36.285290 0.066527 0.009752 J382
132.984375 36.093208 0.060406 0.009851 J383
132.743210 35.392616 0.048561 0.010783 J384
132.995422 35.195614 0.048049 0.011551 J385
132.507324 35.185955 0.044174 0.010479 J386
132.720505 35.019772 0.043686 0.011022 J387
131.923141 34.767345 0.036134 0.009587 J388
133.792480 35.263538 0.056363 0.013653 J389
134.319641 35.099640 0.058554 0.015371 J390
134.234772 35.020882 0.056106 0.015051 J391
133.734497 35.002960 0.051277 0.013528 J392
133.960861 34.982544 0.052874 0.014179 J393
133.598083 34.809692 0.047036 0.013084 J394
133.929047 34.791386 0.049205 0.013957 J395
134.165756 34.657722 0.048571 0.014452 J396
133.796738 34.438568 0.042504 0.013173 J397
133.120224 34.943451 0.045531 0.011938 J398
132.277328 34.726898 0.037609 0.010204 J399
132.540237 34.678814 0.038530 0.010688 J400
133.107529 34.672451 0.041764 0.011844 J401
132.824005 34.571301 0.038842 0.011203 J402
132.463470 34.539158 0.036581 0.010508 J403
133.009796 34.378685 0.037467 0.011428 J405
131.416550 34.439861 0.030956 0.008835 J407
130.943146 34.294609 0.028124 0.008213 J408
131.562790 34.283737 0.030252 0.009008 J409
131.953293 34.259083 0.031536 0.009556 J410
131.346085 34.189491 0.028730 0.008693 J411
131.530823 34.057240 0.028321 0.008877 J412
131.286041 33.977715 0.026951 0.008537 J413
132.104446 33.975067 0.029527 0.009584 J414
134.351974 34.096989 0.039821 0.013644 J415
134.560135 34.059906 0.040086 0.013954 J416
134.049179 34.051498 0.037801 0.012920 J417
134.230225 34.038418 0.038352 0.013236 J418
133.681290 33.936672 0.034724 0.011983 J419
134.389099 33.878933 0.036443 0.013050 J420
134.058197 33.877514 0.035267 0.012482 J421
134.667801 33.830242 0.036585 0.013348 J422
134.533005 33.725090 0.034503 0.012760 J423
134.372025 33.618500 0.032493 0.012167 J424
134.314209 34.472374 0.046178 0.014510 J425
134.241974 34.254578 0.041941 0.013829 J426
133.715057 34.217396 0.038759 0.012615 J427
133.647522 34.068073 0.036361 0.012197 J428
133.925507 34.164169 0.038960 0.012939 J429
132.990234 34.077888 0.033804 0.011047 J430
133.538239 33.938660 0.034220 0.011744 J431
133.201309 33.921204 0.032783 0.011156 J432
132.911636 33.796497 0.030424 0.010513 J433
132.683975 33.722599 0.028981 0.010086 J434
132.937881 33.569225 0.028160 0.010166 J435
132.693405 33.446766 0.026386 0.009664 J436
132.561829 32.963905 0.022039 0.008694 J437
133.655777 33.766975 0.032440 0.011558 J438
133.805023 33.654152 0.031459 0.011498 J439
134.106903 33.603786 0.031615 0.011769 J440
134.280807 33.527760 0.031012 0.011749 J441
133.903641 33.505737 0.029858 0.011225 J442
133.280914 33.468403 0.027970 0.010385 J443
134.007126 33.427795 0.029127 0.011120 J444
133.402985 33.407703 0.027601 0.010389 J445
132.792694 33.171646 0.024124 0.009273 J447
132.999237 32.991234 0.022886 0.009085 J448
132.703720 32.840607 0.021265 0.008566 J449
130.250824 33.536140 0.021598 0.007283 J450
130.521957 33.500378 0.021955 0.007504 J451
130.828751 33.465462 0.022384 0.007761 J452
130.564651 33.205875 0.020390 0.007357 J453
130.268723 33.274853 0.020246 0.007165 J454
130.094162 33.098476 0.019070 0.006928 J455
129.482056 34.655552 0.025516 0.006592 J456
129.311508 34.268208 0.023142 0.006551 J457
129.734726 33.742657 0.021586 0.006906 J458
129.537018 33.362202 0.019402 0.006642 J459
129.690659 33.063103 0.018298 0.006623 J460
130.271332 32.870686 0.018217 0.006899 J461
128.843109 32.669384 0.015640 0.005907 J462
130.154602 32.636913 0.016976 0.006646 J463
130.547729 32.933495 0.018912 0.007138 J464
130.764801 32.842098 0.018731 0.007210 J465
131.099304 32.740650 0.018609 0.007333 J466
129.987305 32.326241 0.015462 0.006305 J467
130.506836 32.299156 0.015795 0.006540 J468
130.802628 32.238674 0.015757 0.006618 J469
131.564163 33.671192 0.025463 0.008658 J470
131.168930 33.496235 0.023304 0.008106 J471
131.347275 33.254044 0.022080 0.008060 J472
131.798065 33.239437 0.022829 0.008453 J473
131.286087 33.009029 0.020430 0.007756 J474
131.587845 32.986858 0.020753 0.007966 J475
131.756836 32.704018 0.019182 0.007714 J476
131.327621 32.684834 0.018568 0.007416 J477
131.148865 32.456642 0.017132 0.007040 J478
131.185226 32.245857 0.016084 0.006802 J479
131.515854 32.170433 0.015931 0.006844 J480
131.078568 31.965048 0.014674 0.006412 J481
131.021515 31.740314 0.013655 0.006118 J482
131.368866 31.676546 0.013499 0.006121 J483
131.217392 31.469376 0.012583 0.005818 J484
130.597809 32.057503 0.014796 0.006335 J485
130.759674 31.855528 0.014026 0.006174 J486
129.795441 31.768684 0.013181 0.005752 J487
130.278152 31.717379 0.013239 0.005869 J488
130.836060 31.617376 0.013078 0.005922 J489
130.640366 31.235224 0.011587 0.005444 J490
130.723053 31.106205 0.011149 0.005309 J491
130.964218 30.530867 0.009290 0.004652 J492
130.638382 30.381721 0.008904 0.004502 J493
129.489029 28.399088 0.005122 0.002885 J494
128.432327 27.032185 0.003719 0.002174 J495
127.898453 26.694811 0.003504 0.002056 J496
131.227798 25.831211 0.001904 0.000870 J497
125.373795 24.753119 0.002494 0.001457 J498
122.942841 24.454168 0.002556 0.001463 J499
123.792038 24.426273 0.002481 0.001434 J500
141.167099 45.137711 0.012251 -0.017125 J501
142.964462 44.582043 0.008338 -0.007556 J502
143.615677 44.219723 0.007547 -0.003341 J503
143.076813 44.191944 0.009419 -0.008190 J504
144.293304 43.988789 0.006333 0.001481 J505
142.577713 43.908405 0.013239 -0.015462 J506
144.115250 43.828079 0.007174 0.000328 J507
142.409607 43.738522 0.015551 -0.019333 J508
141.873840 43.740841 0.019489 -0.026693 J509
142.903015 43.771412 0.012309 -0.012451 J510
143.578156 43.670502 0.009581 -0.004814 J511
145.258957 43.232105 0.004488 0.007661 J512
144.079620 43.438835 0.008406 0.000149 J513
142.395340 43.336266 0.019633 -0.024802 J514
144.597656 43.307011 0.006794 0.004536 J515
141.890930 43.248409 0.026004 -0.035574 J516
140.860611 43.209507 0.039413 -0.053140 J517
142.809723 43.165527 0.017790 -0.019503 J518
145.520493 43.195164 0.003508 0.008198 J519
141.540115 43.077587 0.033670 -0.046468 J520
143.170563 42.938862 0.016865 -0.014824 J521
141.577423 42.884430 0.037869 -0.051871 J522
141.407089 42.773190 0.043875 -0.059544 J523
140.767624 42.551380 0.064220 -0.081523 J525
140.876373 42.473904 0.065909 -0.084023 J526
139.446152 42.060505 0.116075 -0.114309 J527
140.666870 42.123142 0.091916 -0.109941 J528
140.715439 41.976688 0.102384 -0.120994 J529
140.071228 41.803028 0.132489 -0.138238 J530
144.719147 42.982571 0.006851 0.006267 J531
143.315689 42.125587 0.026090 -0.021674 J532
141.447586 41.404705 0.141558 -0.170595 J533
140.490768 41.185078 0.215357 -0.215802 J534
140.821991 41.145546 0.215082 -0.227227 J535
141.131805 40.862362 0.278638 -0.294710 J537
140.589218 40.706276 0.345183 -0.316243 J538
141.376205 40.676399 0.336337 -0.356685 J539
140.478531 40.624344 0.374565 -0.327623 J540
140.803345 40.643566 0.368899 -0.348012 J541
140.451569 40.910175 0.281131 -0.263313 J542
141.066330 39.953079 0.872397 -0.676996 J543
140.769180 39.351299 1.474807 -0.805884 J544
141.575485 39.143089 3.142807 -1.712430 J546
141.675293 39.596127 1.849234 -1.290071 J547
140.847870 38.546215 2.680533 -0.861427 J548
141.212906 38.425056 4.089026 -1.281054 J549
141.500687 38.301186 5.339841 -1.678671 J550
139.848938 39.891136 0.631682 -0.369381 J551
140.044724 39.825809 0.715710 -0.423367 J552
140.732849 39.702682 1.042275 -0.672092 J553
140.506699 39.199097 1.442821 -0.685917 J554
139.927490 39.015972 1.132645 -0.421702 J555
140.365158 38.496769 1.837886 -0.503484 J556
140.271133 38.148098 1.765993 -0.320814 J557
140.205658 37.615952 1.496391 -0.141992 J559
140.372894 37.620731 1.704464 -0.180690 J560
140.135880 37.424507 1.331813 -0.096008 J561
139.586166 37.097248 0.799863 0.003229 J563
139.461685 38.056183 0.971097 -0.129201 J564
138.369888 38.023685 0.507596 -0.050419 J565
138.706940 37.535831 0.554803 -0.015390 J566
138.516373 37.348541 0.475141 0.002409 J567
139.020248 37.319870 0.618693 -0.001753 J568
138.242584 37.056683 0.376120 0.020115 J569
137.893875 36.950871 0.310387 0.022773 J570
139.073914 37.752064 0.721624 -0.051109 J571
137.369522 36.736958 0.233680 0.024992 J572
137.031891 36.649563 0.201186 0.024011 J573
137.138550 37.306969 0.256647 0.007640 J574
136.718765 37.156746 0.211925 0.011274 J575
136.996063 37.123158 0.231818 0.013024 J576
136.755646 36.817478 0.194462 0.019002 J577
136.605331 36.370068 0.158352 0.024388 J578
136.184998 35.968887 0.120486 0.023894 J579
136.055984 35.836842 0.110611 0.023414 J580
140.497604 36.743027 1.310619 -0.090885 J581
139.987762 36.300705 0.653724 0.045808 J582
139.931503 36.114815 0.532816 0.061156 J583
140.202438 36.031338 0.601446 0.059286 J584
140.164764 36.952305 1.118054 -0.041416 J585
139.805740 36.979580 0.875346 0.001518 J586
139.854263 36.776371 0.813727 0.016251 J587
140.157684 36.692455 0.971471 -0.009669 J588
139.490585 36.624172 0.585339 0.042359 J589
140.179306 36.542217 0.901445 0.003808 J590
138.591446 36.616318 0.361654 0.040127 J591
139.066635 36.234669 0.355696 0.054465 J592
138.912415 36.142754 0.309934 0.053202 J593
139.434021 34.761543 0.082139 0.022005 J594
139.358582 34.737614 0.080407 0.021986 J595
139.270935 34.519634 0.062496 0.016416 J596
139.210938 34.333122 0.050801 0.012549 J597
139.137573 34.239914 0.046461 0.011408 J598
139.478806 34.075783 0.034159 0.004050 J600
139.612854 33.884125 0.025120 -0.000527 J601
139.764618 32.463501 0.003050 -0.007754 J602
142.162766 26.635151 -0.001325 -0.000709 J603
138.690384 35.649517 0.193461 0.047095 J606
139.025772 35.511868 0.187295 0.047962 J607
137.984543 36.239029 0.230775 0.039623 J608
137.871750 36.228371 0.220743 0.038331 J609
138.499283 36.284714 0.287135 0.045958 J610
137.682632 36.084663 0.192072 0.037034 J611
138.214478 36.026161 0.219836 0.043693 J612
138.583023 35.974148 0.240756 0.048646 J613
137.598267 35.880001 0.167138 0.036507 J614
137.983887 35.726292 0.168775 0.040115 J615
137.676392 35.343735 0.121865 0.034127 J616
136.904266 36.261467 0.165494 0.027907 J617
137.363022 36.285645 0.192430 0.032090 J618
137.200668 35.911633 0.152638 0.032493 J619
138.776520 34.855034 0.093477 0.028918 J620
138.928360 35.204395 0.134844 0.038710 J621
138.098282 34.679924 0.077826 0.025909 J622
138.182968 34.677753 0.077933 0.025841 J623
138.046524 34.666409 0.076798 0.025678 J624
138.159042 34.634541 0.075071 0.025069 J625
138.906891 35.047241 0.114505 0.034081 J626
140.086304 36.103634 0.592266 0.057405 J627
138.939331 34.698906 0.079409 0.024118 J628
137.073563 35.239086 0.102091 0.029210 J629
136.965805 35.168423 0.096112 0.028057 J630
136.862747 34.984394 0.084864 0.026133 J631
136.831879 34.904385 0.080585 0.025357 J632
136.694244 35.050911 0.085924 0.025765 J633
136.393265 34.854900 0.073684 0.023095 J634
136.329758 34.648750 0.065246 0.021508 J635
136.628403 34.431442 0.059331 0.020713 J636
136.342926 34.208157 0.050823 0.018341 J637
136.264740 35.420357 0.096258 0.024849 J638
136.041199 35.085724 0.078551 0.022599 J639
135.034042 35.685078 0.082861 0.017941 J640
135.415833 35.482216 0.083182 0.020048 J641
135.549530 35.275860 0.078416 0.020606 J642
135.773300 35.053135 0.073896 0.021194 J643
135.772400 34.952641 0.070473 0.020851 J644
134.677383 35.621201 0.075175 0.016460 J645
134.728714 35.461262 0.071866 0.016867 J646
135.022034 35.237881 0.069948 0.018129 J647
134.771225 35.162743 0.064910 0.017052 J648
134.945038 34.936188 0.061153 0.017436 J649
135.528351 34.311840 0.049936 0.017174 J650
135.167740 34.025391 0.041889 0.015025 J652
135.496201 33.554413 0.033734 0.013122 J653
133.339691 35.436008 0.054679 0.012196 J654
134.325272 35.361443 0.064208 0.015365 J655
133.137894 35.563534 0.054571 0.011484 J656
132.457321 34.892658 0.040458 0.010522 J657
132.013565 34.571064 0.034704 0.009743 J658
131.864319 34.439720 0.032806 0.009485 J659
133.563995 35.169662 0.052559 0.013031 J660
133.396271 34.993362 0.048348 0.012615 J662
132.851578 34.811604 0.041963 0.011332 J663
133.337631 34.777790 0.044714 0.012421 J664
132.194656 34.370346 0.033581 0.009981 J665
132.455551 34.260921 0.033601 0.010341 J666
132.884384 34.210068 0.034883 0.011025 J667
131.152390 34.764347 0.032404 0.008425 J668
131.176163 34.342087 0.029285 0.008507 J669
131.065674 34.179771 0.027720 0.008343 J670
132.358337 33.909935 0.029770 0.009875 J672
134.605026 34.171810 0.042279 0.014409 J673
133.874985 34.039738 0.036906 0.012561 J674
134.301468 33.789532 0.034789 0.012623 J675
133.998672 34.445454 0.043792 0.013664 J676
133.780670 34.383400 0.041562 0.013047 J677
133.189102 34.252445 0.036758 0.011632 J678
132.781738 33.959473 0.031713 0.010555 J679
132.487259 33.611595 0.027384 0.009675 J680
132.543762 33.177589 0.023732 0.009055 J681
133.228470 33.326908 0.026399 0.010018 J683
133.128632 33.215431 0.025121 0.009676 J684
130.749557 33.745506 0.023927 0.007843 J685
131.016525 33.697403 0.024273 0.008089 J686
130.823883 33.640465 0.023449 0.007863 J687
130.701157 33.327225 0.021316 0.007555 J688
129.940094 33.196030 0.019298 0.006870 J689
129.690018 33.266121 0.019220 0.006718 J690
129.125504 33.255791 0.018270 0.006313 J691
129.026337 32.885628 0.016660 0.006110 J692
130.166428 32.795700 0.017722 0.006774 J693
130.335953 32.793015 0.017924 0.006882 J694
130.216660 32.712292 0.017394 0.006743 J695
130.352280 32.722572 0.017606 0.006835 J696
130.290710 32.660652 0.017240 0.006747 J697
128.619354 32.634274 0.015274 0.005769 J698
131.062897 33.121956 0.020754 0.007691 J699
130.748627 33.011292 0.019621 0.007349 J700
130.996216 32.870747 0.019200 0.007399 J701
130.794907 32.576725 0.017393 0.006972 J702
131.093430 32.950653 0.019793 0.007549 J703
131.132156 32.845001 0.019239 0.007468 J704
131.356644 33.537125 0.024000 0.008326 J705
131.588425 33.349854 0.023199 0.008380 J706
131.121140 33.270271 0.021761 0.007875 J707
131.579483 33.228428 0.022342 0.008241 J709
130.915741 33.190575 0.020909 0.007631 J710
131.530670 32.557049 0.018056 0.007377 J711
131.334015 32.384399 0.016918 0.007047 J712
131.486023 32.069107 0.015396 0.006692 J713
130.865631 32.047718 0.014925 0.006431 J714
131.306305 31.842098 0.014220 0.006327 J715
131.305862 31.399105 0.012314 0.005739 J716
130.179657 32.197075 0.015086 0.006287 J717
130.439651 31.908840 0.014075 0.006119 J718
130.651886 31.624098 0.013038 0.005882 J719
130.708542 31.591841 0.012932 0.005860 J720
130.637360 31.552221 0.012754 0.005798 J721
130.699402 31.496153 0.012559 0.005750 J722
130.274979 30.784655 0.010082 0.004918 J723
131.028595 30.753325 0.009974 0.004911 J724
130.198242 30.461390 0.009159 0.004588 J725
130.903229 30.398676 0.008912 0.004505 J726
130.424377 30.395756 0.008966 0.004523 J727
130.554550 30.236353 0.008522 0.004353 J728
129.705750 29.615330 0.007200 0.003817 J729
129.693573 28.487219 0.005199 0.002917 J730
130.028961 28.371132 0.004927 0.002767 J731
129.921677 28.293980 0.004848 0.002732 J732
129.320450 28.137583 0.004796 0.002727 J733
128.894470 27.816637 0.004484 0.002576 J734
128.650726 27.401239 0.004057 0.002355 J735
127.945053 26.944489 0.003727 0.002179 J736
128.248367 26.859344 0.003590 0.002104 J737
128.144028 26.708273 0.003471 0.002037 J738
127.231628 26.582876 0.003511 0.002054 J739
127.972397 26.482731 0.003305 0.001944 J740
127.832733 26.446926 0.003300 0.001941 J741
127.143646 26.372936 0.003348 0.001963 J742
126.739151 26.347830 0.003380 0.001974 J743
127.345245 26.178795 0.003163 0.001862 J744
127.826187 26.168608 0.003074 0.001811 J745
131.290680 25.953726 0.001962 0.000900 J746
125.170975 24.827959 0.002556 0.001490 J747
124.692444 24.641615 0.002506 0.001457 J748
124.301285 24.536625 0.002491 0.001445 J749
124.172653 24.338877 0.002409 0.001398 J750
123.795853 24.061501 0.002318 0.001346 J751
139.056732 36.539257 0.434106 0.046997 J752
139.269333 36.003735 0.325695 0.059044 J753
139.182205 35.884048 0.281581 0.057089 J754
139.365967 35.800800 0.281004 0.059122 J755
140.249161 35.288383 0.175599 0.042703 J756
139.369904 35.616428 0.231656 0.055068 J758
139.613846 35.160866 0.138584 0.037765 J759
135.789841 34.882030 0.068321 0.020657 J760
135.618820 34.621052 0.058762 0.018901 J761
134.659668 34.864120 0.056727 0.016296 J762
135.706024 34.698334 0.061739 0.019551 J763
135.819870 34.574001 0.058912 0.019346 J764
134.175797 34.809566 0.051470 0.014684 J765
133.757019 34.579147 0.044473 0.013275 J766
133.288116 34.450439 0.039833 0.012060 J767
132.820221 34.334873 0.036032 0.011032 J768
132.219131 34.191181 0.031945 0.009917 J769
129.954849 33.372181 0.020183 0.006966 J770
130.444519 33.346489 0.020944 0.007350 J771
129.989685 32.945587 0.018188 0.006760 J772
130.430450 32.581673 0.017025 0.006763 J773
130.085190 32.524532 0.016400 0.006517 J774
130.323639 32.426273 0.016201 0.006565 J775
130.469452 31.675102 0.013163 0.005885 J776
130.135757 31.415892 0.012091 0.005530 J777
141.598236 45.219769 0.010265 -0.013838 J778
142.351837 45.126774 0.008281 -0.009563 J779
142.717911 44.780170 0.008408 -0.008624 J780
141.793915 44.639927 0.012564 -0.016946 J781
142.264526 44.365128 0.012017 -0.015051 J782
141.664597 44.148754 0.016906 -0.023440 J783
144.506409 43.722778 0.006300 0.003120 J784
141.370590 43.624329 0.025413 -0.035590 J785
142.643066 43.431633 0.016558 -0.019301 J787
143.901993 43.101692 0.010545 -0.001875 J788
142.870056 43.013653 0.018883 -0.020200 J789
142.084595 42.933773 0.029302 -0.039203 J790
143.494965 42.806507 0.015224 -0.009313 J791
141.081055 42.420547 0.064344 -0.083287 J792
143.151978 42.486412 0.022576 -0.020722 J793
140.371231 41.934853 0.114004 -0.127388 J794
141.452591 39.849018 1.136436 -0.880376 J795
140.988449 39.127007 2.060017 -1.024442 J796
140.645630 37.984406 2.370329 -0.411313 J797
140.822906 40.044975 0.740064 -0.570078 J798
140.094635 38.434341 1.523309 -0.365451 J799
140.841644 37.018448 1.862611 -0.272348 J800
139.402237 37.036934 0.692304 0.015419 J801
138.944824 36.778061 0.468541 0.036514 J802
140.199921 38.288982 1.672426 -0.352619 J803
139.521927 35.419270 0.192153 0.049856 J804
139.226044 37.828159 0.805007 -0.070184 J805
138.880447 37.776989 0.646805 -0.045381 J806
138.779541 37.498657 0.571501 -0.013503 J807
138.456818 35.673695 0.184731 0.044787 J809
138.920273 37.589737 0.634203 -0.026108 J810
137.528778 35.575092 0.137053 0.034829 J811
136.470306 35.359730 0.097345 0.025985 J812
138.973862 35.114166 0.123553 0.036121 J813
138.876465 34.719475 0.081349 0.025001 J814
138.609970 35.117153 0.118764 0.035449 J815
138.209976 35.066975 0.108151 0.033124 J817
138.081680 35.044884 0.104552 0.032277 J818
137.946808 34.902050 0.092066 0.029499 J819
138.176743 34.849415 0.090035 0.029020 J820
137.680771 34.752041 0.080203 0.026619 J821
136.788818 35.300838 0.100350 0.027777 J822
134.588211 35.283344 0.065641 0.016376 J823
136.096985 34.179951 0.049109 0.017687 J824
135.735184 33.969482 0.042628 0.015734 J825
135.708786 33.637173 0.035569 0.013747 J826
134.393433 34.217796 0.042072 0.014074 J827
132.046097 33.367970 0.024285 0.008854 J828
132.475342 33.384373 0.025342 0.009324 J829
133.362640 33.704285 0.030789 0.010991 J830
130.464996 33.097355 0.019644 0.007203 J831
129.720718 32.839611 0.017354 0.006518 J832
131.206802 33.127842 0.021031 0.007815 J833
130.360657 32.098434 0.014809 0.006276 J834
130.238968 31.906164 0.013948 0.006041 J835
130.408005 31.796021 0.013606 0.005992 J836
130.599594 31.824060 0.013815 0.006086 J837
138.762787 34.690254 0.079178 0.024782 J838
138.331223 34.836166 0.089968 0.028877 J840
139.069901 34.949757 0.104195 0.030882 J841
138.249893 34.954346 0.098931 0.031118 J842
134.049545 35.174889 0.057320 0.014487 J843
140.810532 40.834408 0.298634 -0.295517 J844
140.324387 37.361824 1.496495 -0.124243 J845
133.461807 33.818356 0.032450 0.011374 J846
137.868759 35.160450 0.110805 0.033105 J847
141.955246 45.514114 0.008045 -0.010051 J848
141.881790 45.230106 0.009299 -0.012007 J849
142.292252 44.990505 0.008957 -0.010660 J850
142.021774 44.916065 0.010183 -0.013039 J851
142.038712 44.743240 0.010950 -0.014118 J852
142.571167 44.546501 0.009818 -0.010992 J853
142.935837 44.332294 0.009370 -0.008877 J854
141.872177 44.317665 0.014313 -0.019344 J855
143.364594 44.260853 0.008172 -0.005332 J856
142.400894 44.165474 0.012541 -0.015305 J857
142.601242 44.114449 0.011845 -0.013536 J858
144.993500 44.065033 0.004716 0.004732 J859
141.860748 44.052105 0.016506 -0.022514 J860
143.534149 43.909927 0.008819 -0.004691 J861
142.236542 43.889290 0.015451 -0.019930 J862
143.176697 43.878723 0.010389 -0.008557 J863
145.056870 43.794029 0.004822 0.005520 J864
142.132309 43.725658 0.017648 -0.023348 J865
143.381088 43.710323 0.010264 -0.006922 J866
142.794403 43.646908 0.013757 -0.014863 J867
143.991730 43.644562 0.008084 -0.000686 J868
145.220367 43.555996 0.004553 0.006611 J869
144.719040 43.545929 0.005993 0.004676 J870
142.187607 43.521576 0.019347 -0.025459 J871
141.616776 43.504215 0.024856 -0.034618 J872
143.753860 43.473579 0.009639 -0.003242 J873
143.187042 43.366470 0.013245 -0.011208 J874
140.378281 43.320705 0.042239 -0.054917 J875
141.345963 43.240528 0.032603 -0.045155 J876
141.652023 43.220894 0.029272 -0.040519 J877
144.970734 43.218189 0.005545 0.006782 J878
143.027756 43.171329 0.015903 -0.015387 J879
142.567032 43.165047 0.020050 -0.024208 J880
144.496490 43.149391 0.007521 0.004205 J881
141.203293 43.140396 0.036709 -0.050370 J882
143.597702 43.123894 0.012214 -0.006117 J883
140.811111 43.082596 0.043551 -0.058009 J884
142.532257 42.890633 0.024254 -0.029748 J885
143.655533 42.800343 0.013946 -0.006302 J886
142.953690 42.803341 0.020570 -0.021192 J887
140.011780 42.685337 0.069965 -0.081955 J888
143.312790 42.673962 0.018233 -0.014243 J889
142.395920 42.554260 0.032879 -0.041754 J890
142.767944 42.277233 0.033004 -0.037910 J891
140.929337 41.740593 0.119003 -0.140369 J892
140.535019 41.711327 0.133234 -0.147621 J893
141.094467 41.466160 0.147511 -0.171425 J894
140.983810 41.199665 0.197863 -0.216978 J895
141.385696 41.160934 0.187596 -0.217157 J896
140.293533 41.121723 0.231437 -0.220469 J897
140.011002 40.730633 0.326493 -0.266528 J898
141.106018 40.579983 0.392150 -0.387151 J899
141.332001 40.508759 0.422167 -0.426262 J901
140.941589 40.447632 0.463317 -0.425981 J902
141.484863 40.271042 0.589611 -0.564533 J903
141.046463 40.106747 0.715117 -0.593129 J904
141.662186 39.970955 0.987122 -0.844427 J905
141.970230 39.738960 1.526389 -1.238323 J906
141.426132 39.639370 1.529314 -1.057705 J907
140.836319 39.554455 1.259386 -0.771772 J908
141.292999 39.464695 1.772734 -1.107203 J909
141.311676 39.235374 2.353674 -1.297074 J910
141.400848 39.012108 3.217033 -1.567237 J911
141.148529 38.995464 2.639855 -1.227241 J912
140.833191 38.934029 2.141341 -0.914676 J913
141.317856 38.743221 3.788805 -1.525431 J914
141.004333 38.686134 2.906524 -1.069283 J915
141.160721 38.660629 3.446415 -1.277103 J916
140.727722 38.571812 2.384169 -0.763036 J917
141.304398 38.509842 4.288643 -1.475809 J918
140.943695 38.177120 3.254288 -0.749069 J919
140.727661 37.824600 2.479151 -0.387405 J920
140.027573 40.339397 0.461981 -0.334315 J921
140.408157 40.183315 0.582004 -0.432178 J922
140.005493 40.099701 0.564486 -0.371667 J923
140.535858 39.921391 0.783044 -0.536114 J924
140.053925 39.527565 0.898920 -0.462859 J925
140.596085 39.508137 1.180152 -0.674340 J926
140.278931 39.296745 1.186044 -0.567190 J927
140.715057 39.146202 1.694861 -0.815362 J928
140.447327 39.054379 1.534000 -0.657472 J929
140.183472 38.938103 1.382579 -0.515995 J930
140.497253 38.752155 1.858540 -0.649843 J931
139.674530 38.701168 1.075033 -0.299659 J932
140.220505 38.628414 1.598644 -0.473991 J933
140.393875 38.170441 1.945820 -0.378164 J934
139.879410 37.920586 1.276643 -0.154515 J935
140.446793 37.833496 1.928425 -0.259731 J936
139.972656 37.669289 1.284247 -0.113603 J937
140.571655 37.591091 1.993290 -0.234269 J938
139.835526 37.461288 1.092385 -0.061461 J939
140.464035 37.444870 1.725180 -0.171394 J940
139.686340 37.326210 0.940137 -0.029113 J941
140.212738 37.293041 1.340346 -0.091009 J942
140.450974 37.210564 1.560586 -0.142533 J943
140.716003 37.183090 1.901312 -0.232967 J944
140.376266 37.023582 1.363432 -0.101774 J945
140.690155 36.932621 1.662359 -0.200565 J946
140.385696 36.475849 1.012620 -0.025321 J947
140.035416 37.124699 1.099505 -0.039193 J948
139.505310 36.872246 0.680356 0.025833 J949
139.752792 36.537632 0.656086 0.040535 J950
139.902512 36.456581 0.689654 0.038844 J951
139.060852 36.837357 0.514218 0.033561 J952
138.847885 36.591377 0.402813 0.043496 J954
139.016708 36.395348 0.388141 0.050827 J955
139.254639 36.267693 0.400579 0.056142 J956
138.702988 36.200268 0.295378 0.049713 J957
138.926056 35.929928 0.264225 0.053451 J958
139.968475 35.143803 0.136159 0.034580 J959
139.366058 35.391487 0.179056 0.047332 J960
139.111450 37.540340 0.700364 -0.027001 J961
138.634598 37.212112 0.482189 0.011137 J962
139.247101 37.157616 0.664336 0.008487 J963
138.457352 37.107086 0.424328 0.017966 J964
140.296494 36.778957 1.138796 -0.046432 J965
137.026428 36.919510 0.220459 0.018423 J966
137.551331 36.864346 0.262210 0.023206 J967
137.154480 36.757950 0.218254 0.022874 J968
136.806396 36.592091 0.183017 0.023196 J969
137.239227 36.472801 0.200940 0.028613 J970
137.033936 37.432259 0.254031 0.003354 J971
136.908768 37.226437 0.230877 0.009851 J972
136.540680 36.537266 0.165188 0.021999 J973
136.361649 36.229565 0.139954 0.023742 J974
136.048950 36.109734 0.122977 0.022294 J975
136.657745 35.901413 0.131869 0.027712 J976
136.339584 35.888218 0.121065 0.025277 J977
135.755646 35.486572 0.089358 0.021883 J978
138.444214 35.904934 0.218501 0.046531 J979
138.949997 35.753872 0.229515 0.051976 J980
138.606873 35.467693 0.162263 0.043081 J981
138.624252 36.856686 0.414140 0.031267 J982
138.096725 36.706646 0.305070 0.032324 J983
138.120941 36.523605 0.282212 0.037107 J984
138.366043 36.260986 0.268585 0.044398 J985
137.785431 35.944603 0.182988 0.038547 J986
138.095703 35.878418 0.192496 0.042075 J987
137.450882 35.815552 0.154876 0.034956 J988
137.620163 35.661228 0.147638 0.036126 J989
137.080521 36.140263 0.165087 0.030439 J990
136.784622 35.723488 0.125001 0.028943 J991
137.309097 35.523129 0.126487 0.032694 J992
136.545288 35.480061 0.104990 0.026818 J993
137.252319 35.300552 0.109437 0.030820 J994
137.575333 35.100021 0.101525 0.030806 J995
137.152390 34.917339 0.084816 0.026866 J996
137.338776 34.785915 0.079539 0.026150 J997
136.938477 34.740051 0.073911 0.024347 J998
136.474457 34.420326 0.058154 0.020258 J999
139.488007 35.709999 0.268630 0.059497 KGNI
135.046005 48.521000 0.009530 -0.010835 KHAJ
130.878571 31.425312 0.012336 0.005704 KNYA
140.658005 35.955002 0.742223 -0.012680 KSMV
102.796997 25.030001 0.001974 0.000909 KUNM
150.810379 59.577644 0.000324 0.000441 MAGJ
153.979996 24.290001 -0.005740 0.007066 MCIL
141.132996 39.134998 2.281080 -1.159928 MIZU
139.559998 35.680000 0.267412 0.060042 MTKA
100.713654 14.043016 0.000930 0.000589 NIMT
127.768921 26.144817 0.003066 0.001807 OKN1
158.649994 53.020000 -0.000043 0.000496 PETS
121.080002 14.640000 0.000535 0.000195 PIMO
130.878571 31.425308 0.012336 0.005704 S004
141.844818 43.528645 0.022318 -0.030688 S005
142.195023 27.067532 -0.001471 -0.000759 S007
139.081970 35.006851 0.111038 0.032692 S106
139.101685 34.971863 0.106900 0.031502 S107
140.087189 36.106113 0.594160 0.057141 S110
121.199997 31.100000 0.007172 0.002725 SHAO
135.936951 33.577854 0.034656 0.013518 SMST
141.845001 43.528999 0.022312 -0.030678 STK2
127.054001 37.276001 0.026395 0.002259 SUWN
120.989998 24.799999 0.002794 0.001543 TCMS
120.989998 24.799999 0.002794 0.001543 TNML
140.089996 36.110001 0.597657 0.056661 TSK2
140.087006 36.105999 0.594020 0.057179 TSKB
121.160004 24.950001 0.002855 0.001573 TWTF
107.050003 47.869999 0.004666 -0.000419 ULAB
138.362000 36.132999 0.247696 0.045336 USUD
114.357002 30.532000 0.004717 0.001708 WUHN
142.720001 47.029999 0.003736 -0.002957 YSSK
136.503754 35.104763 0.085781 0.025079 Z101
138.185791 35.322075 0.132089 0.037375 Z102
137.423126 34.967480 0.090819 0.028555 Z103
136.981750 34.543915 0.065565 0.022572 Z104
136.802002 34.373581 0.058023 0.020555 Z105
136.388489 34.297928 0.053742 0.019114 Z106
136.139969 33.932949 0.042797 0.016040 Z107
135.743454 34.155849 0.047083 0.016835 Z108
135.290344 34.090851 0.043731 0.015567 Z109
135.399124 33.854500 0.039217 0.014596 Z110
135.871094 33.799084 0.039161 0.014870 Z111
135.406006 33.647251 0.035269 0.013534 Z112
135.834137 33.520081 0.033462 0.013120 Z113
134.510025 33.932796 0.037739 0.013439 Z114
133.796951 33.838840 0.033832 0.011950 Z115
134.484558 33.821980 0.035867 0.013022 Z116
132.564697 33.510353 0.026660 0.009618 Z117
132.360382 33.202183 0.023598 0.008925 Z118
133.431702 33.545727 0.029178 0.010740 Z119
133.699844 33.542534 0.029813 0.011071 Z120
134.056198 33.367382 0.028485 0.010990 Z121
132.974030 33.312130 0.025740 0.009722 Z123
132.822083 33.060120 0.023213 0.009084 Z124
