81.836479 11.993977 0.000172
83.672913 11.987956 0.000175
85.509300 11.981938 0.000178
87.345657 11.975924 0.000181
89.181969 11.969913 0.000183
91.018242 11.963904 0.000185
92.854477 11.957899 0.000188
94.690666 11.951898 0.000190
96.526817 11.945898 0.000192
98.362923 11.939902 0.000193
100.198997 11.933909 0.000195
102.035027 11.927920 0.000198
103.871017 11.921934 0.000200
105.706963 11.915951 0.000204
107.542870 11.909970 0.000208
109.378738 11.903993 0.000213
111.214569 11.898019 0.000220
113.050362 11.892048 0.000227
114.886108 11.886080 0.000236
116.721817 11.880115 0.000244
118.557487 11.874153 0.000253
120.393112 11.868194 0.000261
122.228706 11.862238 0.000266
124.064255 11.856286 0.000268
125.899765 11.850336 0.000264
127.735229 11.844390 0.000252
129.570663 11.838447 0.000229
131.406052 11.832506 0.000194
133.241409 11.826569 0.000148
135.076721 11.820635 0.000111
136.911987 11.814703 0.000143
138.747223 11.808775 0.000251
140.582413 11.802850 0.000399
142.417572 11.796928 0.000575
144.252686 11.791009 0.000769
146.087753 11.785093 0.000974
147.922791 11.779181 0.001185
149.757782 11.773271 0.001393
151.592743 11.767365 0.001593
153.427658 11.761460 0.001782
155.262543 11.755560 0.001954
157.097382 11.749662 0.002108
158.932175 11.743768 0.002244
160.766937 11.737876 0.002361
162.601669 11.731988 0.002461
164.436356 11.726102 0.002543
166.270996 11.720220 0.002610
168.105606 11.714340 0.002664
169.940170 11.708464 0.002705
171.774704 11.702591 0.002735
173.609192 11.696720 0.002756
175.443634 11.690853 0.002770
177.278061 11.684989 0.002777
179.112427 11.679128 0.002779
180.946762 11.673269 0.002776
182.781067 11.667414 0.002770
184.615326 11.661562 0.002761
186.449539 11.655713 0.002749
188.283722 11.649866 0.002735
190.117874 11.644024 0.002718
191.951965 11.638184 0.002700
193.786041 11.632346 0.002681
195.620071 11.626513 0.002659
197.454056 11.620681 0.002637
199.288010 11.614853 0.002613
201.121933 11.609028 0.002588
81.849709 13.800868 0.000167
83.699356 13.793908 0.000170
85.548950 13.786952 0.000173
87.398491 13.780000 0.000175
89.247978 13.773050 0.000177
91.097412 13.766105 0.000179
92.946793 13.759163 0.000181
94.796112 13.752225 0.000182
96.645386 13.745291 0.000183
98.494598 13.738359 0.000184
100.343758 13.731432 0.000184
102.192863 13.724508 0.000184
104.041916 13.717588 0.000185
105.890915 13.710672 0.000186
107.739853 13.703759 0.000188
109.588745 13.696851 0.000191
111.437584 13.689945 0.000196
113.286362 13.683043 0.000201
115.135086 13.676145 0.000209
116.983765 13.669250 0.000217
118.832382 13.662359 0.000227
120.680946 13.655472 0.000238
122.529465 13.648587 0.000247
124.377922 13.641707 0.000255
126.226326 13.634830 0.000258
128.074677 13.627957 0.000253
129.922974 13.621088 0.000236
131.771225 13.614222 0.000205
133.619415 13.607360 0.000158
135.467560 13.600501 0.000112
137.315643 13.593646 0.000139
139.163681 13.586794 0.000261
141.011658 13.579947 0.000434
142.859573 13.573102 0.000639
144.707458 13.566261 0.000865
146.555267 13.559423 0.001100
148.403046 13.552590 0.001336
150.250763 13.545760 0.001562
152.098419 13.538934 0.001774
153.946030 13.532110 0.001968
155.793594 13.525291 0.002143
157.641098 13.518476 0.002294
159.488541 13.511662 0.002423
161.335938 13.504854 0.002530
163.183289 13.498049 0.002617
165.030594 13.491247 0.002687
166.877838 13.484449 0.002740
168.725021 13.477654 0.002780
170.572159 13.470864 0.002807
172.419250 13.464076 0.002824
174.266281 13.457293 0.002833
176.113266 13.450512 0.002834
177.960190 13.443735 0.002830
179.807068 13.436962 0.002822
181.653900 13.430193 0.002810
183.500671 13.423427 0.002795
185.347397 13.416664 0.002778
187.194077 13.409904 0.002758
189.040695 13.403149 0.002738
190.887253 13.396397 0.002716
192.733780 13.389648 0.002692
194.580246 13.382903 0.002667
196.426651 13.376162 0.002642
198.273026 13.369424 0.002615
200.119339 13.362689 0.002587
81.864983 15.607481 0.000165
83.729897 15.599567 0.000168
85.594742 15.591659 0.000171
87.459511 15.583754 0.000173
89.324211 15.575852 0.000176
91.188835 15.567956 0.000178
93.053398 15.560064 0.000179
94.917885 15.552176 0.000180
96.782295 15.544291 0.000181
98.646645 15.536412 0.000180
100.510918 15.528537 0.000180
102.375114 15.520665 0.000178
104.239250 15.512798 0.000177
106.103310 15.504935 0.000175
107.967300 15.497076 0.000174
109.831223 15.489222 0.000173
111.695068 15.481371 0.000174
113.558853 15.473525 0.000176
115.422562 15.465683 0.000179
117.286201 15.457845 0.000186
119.149773 15.450011 0.000195
121.013268 15.442182 0.000207
122.876701 15.434356 0.000221
124.740059 15.426535 0.000235
126.603348 15.418717 0.000246
128.466568 15.410905 0.000250
130.329727 15.403096 0.000244
132.192810 15.395291 0.000220
134.055817 15.387490 0.000176
135.918762 15.379694 0.000113
137.781631 15.371902 0.000115
139.644440 15.364114 0.000261
141.507172 15.356330 0.000476
143.369843 15.348550 0.000733
145.232437 15.340775 0.001012
147.094971 15.333002 0.001295
148.957428 15.325235 0.001563
150.819809 15.317472 0.001806
152.682129 15.309712 0.002021
154.544388 15.301957 0.002207
156.406570 15.294207 0.002369
158.268692 15.286459 0.002510
160.130737 15.278717 0.002624
161.992722 15.270978 0.002715
163.854630 15.263244 0.002784
165.716476 15.255513 0.002835
167.578247 15.247787 0.002871
169.439957 15.240065 0.002893
171.301605 15.232346 0.002905
173.163162 15.224632 0.002907
175.024673 15.216922 0.002901
176.886108 15.209216 0.002890
178.747482 15.201514 0.002874
180.608780 15.193816 0.002855
182.470016 15.186123 0.002833
184.331177 15.178433 0.002809
186.192276 15.170748 0.002784
188.053314 15.163066 0.002758
189.914276 15.155389 0.002730
191.775177 15.147716 0.002702
193.636002 15.140046 0.002674
195.496765 15.132381 0.002644
197.357468 15.124720 0.002614
199.218094 15.117063 0.002584
201.078659 15.109410 0.002552
81.882393 17.413780 0.000166
83.764694 17.404898 0.000169
85.646912 17.396019 0.000173
87.529030 17.387146 0.000176
89.411064 17.378277 0.000180
91.292999 17.369413 0.000182
93.174850 17.360556 0.000184
95.056610 17.351702 0.000186
96.938278 17.342852 0.000187
98.819855 17.334007 0.000187
100.701347 17.325167 0.000185
102.582748 17.316332 0.000183
104.464058 17.307503 0.000180
106.345276 17.298677 0.000176
108.226402 17.289856 0.000172
110.107445 17.281040 0.000167
111.988396 17.272230 0.000162
113.869255 17.263424 0.000158
115.750031 17.254622 0.000155
117.630707 17.245825 0.000155
119.511307 17.237034 0.000160
121.391808 17.228247 0.000170
123.272224 17.219463 0.000186
125.152550 17.210686 0.000205
127.032791 17.201914 0.000227
128.912949 17.193144 0.000248
130.792999 17.184381 0.000266
132.672974 17.175623 0.000270
134.552856 17.166868 0.000241
136.432663 17.158119 0.000162
138.312363 17.149374 0.000074
140.191986 17.140635 0.000241
142.071518 17.131899 0.000525
143.950974 17.123169 0.000864
145.830322 17.114443 0.001231
147.709595 17.105722 0.001592
149.588776 17.097006 0.001918
151.467865 17.088295 0.002185
153.346878 17.079588 0.002388
155.225800 17.070887 0.002537
157.104630 17.062189 0.002655
158.983383 17.053495 0.002757
160.862045 17.044807 0.002846
162.740616 17.036123 0.002912
164.619095 17.027445 0.002956
166.497498 17.018772 0.002984
168.375809 17.010101 0.002997
170.254044 17.001438 0.002999
172.132187 16.992777 0.002992
174.010239 16.984121 0.002978
175.888214 16.975471 0.002957
177.766098 16.966825 0.002932
179.643890 16.958183 0.002904
181.521591 16.949547 0.002874
183.399231 16.940916 0.002843
185.276764 16.932287 0.002810
187.154221 16.923666 0.002777
189.031586 16.915047 0.002744
190.908875 16.906433 0.002711
192.786072 16.897825 0.002678
194.663177 16.889221 0.002644
196.540207 16.880621 0.002611
198.417160 16.872026 0.002577
200.294006 16.863436 0.002542
81.902031 19.219734 0.000169
83.803940 19.209864 0.000174
85.705742 19.199997 0.000179
87.607430 19.190138 0.000184
89.509003 19.180283 0.000189
91.410469 19.170433 0.000193
93.311813 19.160589 0.000197
95.213051 19.150751 0.000200
97.114174 19.140919 0.000202
99.015182 19.131092 0.000203
100.916084 19.121269 0.000203
102.816864 19.111452 0.000201
104.717545 19.101641 0.000199
106.618103 19.091835 0.000195
108.518555 19.082035 0.000190
110.418892 19.072241 0.000183
112.319115 19.062450 0.000176
114.219231 19.052668 0.000166
116.119240 19.042889 0.000156
118.019127 19.033115 0.000144
119.918907 19.023348 0.000135
121.818581 19.013584 0.000133
123.718140 19.003828 0.000142
125.617592 18.994076 0.000165
127.516930 18.984329 0.000212
129.416153 18.974588 0.000280
131.315277 18.964853 0.000347
133.214279 18.955122 0.000383
135.113174 18.945398 0.000368
137.011963 18.935678 0.000288
138.910645 18.925964 0.000135
140.809219 18.916254 0.000136
142.707672 18.906551 0.000481
144.606018 18.896852 0.000922
146.504257 18.887161 0.001420
148.402390 18.877474 0.001921
150.300415 18.867790 0.002362
152.198318 18.858114 0.002695
154.096130 18.848442 0.002903
155.993820 18.838776 0.003004
157.891418 18.829115 0.003040
159.788895 18.819460 0.003053
161.686264 18.809811 0.003081
163.583527 18.800165 0.003112
165.480682 18.790525 0.003125
167.377716 18.780891 0.003123
169.274658 18.771261 0.003111
171.171494 18.761639 0.003090
173.068222 18.752020 0.003064
174.964828 18.742407 0.003032
176.861343 18.732800 0.002996
178.757736 18.723196 0.002957
180.654037 18.713598 0.002918
182.550217 18.704006 0.002877
184.446304 18.694420 0.002837
186.342285 18.684839 0.002796
188.238144 18.675262 0.002757
190.133911 18.665691 0.002717
192.029556 18.656126 0.002679
193.925110 18.646566 0.002641
195.820557 18.637011 0.002603
197.715897 18.627460 0.002565
199.611115 18.617916 0.002528
201.506241 18.608376 0.002490
81.923996 21.025311 0.000176
83.847855 21.014431 0.000182
85.771568 21.003557 0.000189
87.695145 20.992689 0.000196
89.618584 20.981827 0.000203
91.541885 20.970972 0.000210
93.465042 20.960121 0.000216
95.388062 20.949278 0.000221
97.310944 20.938442 0.000226
99.233688 20.927610 0.000229
101.156296 20.916786 0.000232
103.078766 20.905968 0.000233
105.001099 20.895155 0.000234
106.923294 20.884348 0.000233
108.845352 20.873547 0.000231
110.767265 20.862753 0.000228
112.689049 20.851965 0.000223
114.610695 20.841183 0.000214
116.532204 20.830406 0.000201
118.453575 20.819635 0.000183
120.374809 20.808872 0.000161
122.295906 20.798115 0.000141
124.216866 20.787363 0.000131
126.137695 20.776617 0.000152
128.058380 20.765877 0.000237
129.978943 20.755142 0.000339
131.899353 20.744415 0.000416
133.819641 20.733694 0.000477
135.739792 20.722979 0.000534
137.659805 20.712269 0.000558
139.579681 20.701565 0.000488
141.499435 20.690868 0.000264
143.419037 20.680176 0.000148
145.338516 20.669491 0.000691
147.257858 20.658812 0.001348
149.177063 20.648138 0.002051
151.096146 20.637470 0.002710
153.015076 20.626810 0.003218
154.933884 20.616154 0.003504
156.852554 20.605505 0.003580
158.771103 20.594862 0.003520
160.689499 20.584223 0.003418
162.607773 20.573593 0.003331
164.525925 20.562967 0.003303
166.443924 20.552347 0.003278
168.361801 20.541733 0.003244
170.279541 20.531126 0.003204
172.197159 20.520525 0.003159
174.114639 20.509930 0.003112
176.031982 20.499338 0.003063
177.949203 20.488756 0.003013
179.866287 20.478178 0.002962
181.783234 20.467606 0.002911
183.700058 20.457039 0.002861
185.616745 20.446480 0.002813
187.533310 20.435925 0.002766
189.449738 20.425377 0.002720
191.366043 20.414835 0.002676
193.282211 20.404299 0.002632
195.198242 20.393768 0.002590
197.114151 20.383244 0.002549
199.029938 20.372725 0.002508
200.945587 20.362213 0.002467
81.948425 22.830481 0.000184
83.896675 22.818567 0.000193
85.844757 22.806662 0.000203
87.792671 22.794762 0.000212
89.740417 22.782869 0.000222
91.687996 22.770985 0.000231
93.635406 22.759106 0.000241
95.582642 22.747234 0.000249
97.529716 22.735369 0.000257
99.476624 22.723511 0.000265
101.423355 22.711660 0.000272
103.369926 22.699816 0.000278
105.316330 22.687979 0.000284
107.262558 22.676147 0.000291
109.208626 22.664324 0.000296
111.154533 22.652508 0.000301
113.100266 22.640697 0.000304
115.045830 22.628895 0.000303
116.991234 22.617098 0.000295
118.936470 22.605309 0.000284
120.881538 22.593525 0.000281
122.826447 22.581749 0.000266
124.771187 22.569981 0.000211
126.715759 22.558218 0.000192
128.660172 22.546463 0.000226
130.604416 22.534714 0.000267
132.548492 22.522972 0.000358
134.492416 22.511236 0.000580
136.436172 22.499508 0.000866
138.379761 22.487785 0.001036
140.323181 22.476070 0.000950
142.266449 22.464363 0.000583
144.209549 22.452662 0.000220
146.152481 22.440968 0.000758
148.095261 22.429279 0.001407
150.037872 22.417599 0.002090
151.980316 22.405924 0.002847
153.922607 22.394255 0.003570
155.864731 22.382595 0.004050
157.806686 22.370941 0.004177
159.748489 22.359293 0.004043
161.690125 22.347652 0.003807
163.631607 22.336018 0.003596
165.572922 22.324390 0.003468
167.514084 22.312769 0.003403
169.455078 22.301155 0.003334
171.395920 22.289547 0.003266
173.336594 22.277946 0.003199
175.277115 22.266354 0.003133
177.217468 22.254765 0.003068
179.157654 22.243185 0.003004
181.097702 22.231609 0.002942
183.037582 22.220043 0.002882
184.977295 22.208483 0.002825
186.916855 22.196928 0.002770
188.856262 22.185381 0.002717
190.795502 22.173840 0.002667
192.734589 22.162306 0.002618
194.673508 22.150778 0.002571
196.612274 22.139256 0.002526
198.550888 22.127741 0.002482
200.489349 22.116234 0.002438
81.975456 24.635214 0.000195
83.950699 24.622240 0.000207
85.925743 24.609276 0.000219
87.900589 24.596319 0.000231
89.875229 24.583368 0.000244
91.849663 24.570427 0.000257
93.823898 24.557493 0.000270
95.797928 24.544567 0.000283
97.771751 24.531649 0.000295
99.745377 24.518738 0.000308
101.718803 24.505833 0.000321
103.692024 24.492937 0.000335
105.665047 24.480049 0.000349
107.637871 24.467169 0.000366
109.610489 24.454296 0.000383
111.582916 24.441431 0.000400
113.555130 24.428574 0.000416
115.527153 24.415724 0.000427
117.498978 24.402882 0.000441
119.470596 24.390047 0.000478
121.442017 24.377220 0.000495
123.413246 24.364401 0.000445
125.384270 24.351589 0.000430
127.355095 24.338785 0.000525
129.325729 24.325989 0.000607
131.296158 24.313200 0.000489
133.266388 24.300419 0.000340
135.236435 24.287643 0.000806
137.206268 24.274878 0.001258
139.175903 24.262119 0.001327
141.145355 24.249369 0.000895
143.114609 24.236624 0.000397
145.083664 24.223888 0.001359
147.052521 24.211161 0.002388
149.021179 24.198439 0.002982
150.989655 24.185724 0.003101
152.957932 24.173019 0.003265
154.926010 24.160320 0.003809
156.893890 24.147629 0.004433
158.861572 24.134947 0.004692
160.829071 24.122271 0.004524
162.796371 24.109602 0.004166
164.763489 24.096941 0.003828
166.730392 24.084288 0.003591
168.697113 24.071640 0.003484
170.663651 24.059002 0.003383
172.629990 24.046371 0.003290
174.596130 24.033747 0.003202
176.562088 24.021132 0.003120
178.527847 24.008522 0.003042
180.493408 23.995920 0.002968
182.458786 23.983326 0.002897
184.423981 23.970739 0.002831
186.388977 23.958160 0.002767
188.353775 23.945589 0.002707
190.318405 23.933025 0.002651
192.282822 23.920467 0.002597
194.247055 23.907919 0.002546
196.211105 23.895376 0.002496
198.174957 23.882841 0.002449
200.138626 23.870314 0.002402
82.005249 26.439484 0.000207
84.010254 26.425421 0.000221
86.015015 26.411367 0.000236
88.019539 26.397322 0.000252
90.023819 26.383286 0.000268
92.027855 26.369259 0.000285
94.031647 26.355238 0.000302
96.035194 26.341228 0.000320
98.038506 26.327227 0.000338
100.041580 26.313232 0.000357
102.044411 26.299248 0.000378
104.046997 26.285271 0.000401
106.049347 26.271303 0.000428
108.051460 26.257345 0.000458
110.053329 26.243393 0.000490
112.054962 26.229452 0.000524
114.056358 26.215517 0.000559
116.057510 26.201593 0.000600
118.058434 26.187675 0.000687
120.059113 26.173767 0.000757
122.059555 26.159868 0.000759
124.059761 26.145977 0.000886
126.059731 26.132093 0.001245
128.059464 26.118219 0.001596
130.058960 26.104353 0.001564
132.058212 26.090496 0.000956
134.057251 26.076647 0.000481
136.056030 26.062807 0.001221
138.054596 26.048975 0.001944
140.052917 26.035151 0.002042
142.050995 26.021336 0.001165
144.048859 26.007528 0.001166
146.046478 25.993731 0.003133
148.043869 25.979940 0.004837
150.041016 25.966160 0.005857
152.037933 25.952385 0.005792
154.034622 25.938622 0.004688
156.031082 25.924864 0.004274
158.027313 25.911116 0.004701
160.023300 25.897377 0.005066
162.019073 25.883646 0.004889
164.014603 25.869923 0.004423
166.009903 25.856207 0.003970
168.004974 25.842501 0.003652
169.999817 25.828802 0.003509
171.994431 25.815113 0.003382
173.988815 25.801432 0.003269
175.982971 25.787758 0.003166
177.976898 25.774094 0.003072
179.970596 25.760437 0.002985
181.964066 25.746788 0.002903
183.957306 25.733149 0.002827
185.950317 25.719517 0.002756
187.943115 25.705893 0.002689
189.935669 25.692278 0.002626
191.928009 25.678671 0.002567
193.920120 25.665071 0.002511
195.912003 25.651482 0.002458
197.903656 25.637897 0.002407
199.895096 25.624325 0.002358
201.886307 25.610758 0.002311
82.038002 28.243263 0.000219
84.075706 28.228077 0.000236
86.113136 28.212902 0.000254
88.150269 28.197737 0.000274
90.187111 28.182579 0.000294
92.223679 28.167433 0.000315
94.259949 28.152296 0.000337
96.295937 28.137167 0.000360
98.331635 28.122049 0.000385
100.367050 28.106941 0.000412
102.402184 28.091841 0.000443
104.437035 28.076752 0.000478
106.471596 28.061672 0.000519
108.505875 28.046600 0.000566
110.539871 28.031540 0.000618
112.573578 28.016489 0.000675
114.607010 28.001446 0.000741
116.640160 27.986414 0.000877
118.673019 27.971390 0.001017
120.705605 27.956377 0.001094
122.737907 27.941372 0.001403
124.769936 27.926378 0.002115
126.801674 27.911392 0.002914
128.833130 27.896416 0.003163
130.864319 27.881451 0.002500
132.895218 27.866493 0.001581
134.925842 27.851545 0.000734
136.956192 27.836607 0.002078
138.986267 27.821678 0.003502
141.016052 27.806759 0.003116
143.045563 27.791849 0.001215
145.074814 27.776947 0.004230
147.103775 27.762056 0.007363
149.132446 27.747173 0.008920
151.160858 27.732302 0.008962
153.188995 27.717438 0.008612
155.216858 27.702583 0.006959
157.244446 27.687738 0.005030
159.271759 27.672903 0.004947
161.298798 27.658077 0.005298
163.325562 27.643259 0.005086
165.352051 27.628452 0.004525
167.378265 27.613653 0.003994
169.404205 27.598864 0.003635
171.429886 27.584084 0.003471
173.455292 27.569313 0.003327
175.480423 27.554552 0.003201
177.505280 27.539801 0.003090
179.529877 27.525057 0.002989
181.554199 27.510323 0.002896
183.578247 27.495598 0.002811
185.602036 27.480883 0.002732
187.625549 27.466177 0.002659
189.648788 27.451479 0.002590
191.671768 27.436792 0.002527
193.694473 27.422113 0.002467
195.716919 27.407444 0.002411
197.739105 27.392782 0.002357
199.761002 27.378132 0.002306
201.782654 27.363489 0.002256
82.073914 30.046530 0.000231
84.147491 30.030184 0.000251
86.220726 30.013849 0.000273
88.293617 29.997524 0.000296
90.366173 29.981211 0.000320
92.438393 29.964907 0.000345
94.510277 29.948614 0.000372
96.581818 29.932333 0.000402
98.653023 29.916061 0.000434
100.723892 29.899801 0.000471
102.794418 29.883553 0.000513
104.864616 29.867313 0.000563
106.934479 29.851084 0.000622
109.004005 29.834866 0.000689
111.073204 29.818659 0.000766
113.142059 29.802462 0.000854
115.210587 29.786276 0.001024
117.278778 29.770100 0.001241
119.346642 29.753935 0.001395
121.414177 29.737780 0.001859
123.481377 29.721636 0.002935
125.548241 29.705502 0.004320
127.614784 29.689379 0.005057
129.680984 29.673265 0.004752
131.746872 29.657164 0.004782
133.812424 29.641071 0.003636
135.877640 29.624990 0.001283
137.942535 29.608919 0.004071
140.007111 29.592859 0.006883
142.071350 29.576809 0.004146
144.135254 29.560768 0.005480
146.198853 29.544739 0.013013
148.262115 29.528721 0.016279
150.325058 29.512712 0.015151
152.387665 29.496714 0.013366
154.449951 29.480726 0.010660
156.511917 29.464750 0.008842
158.573563 29.448782 0.005680
160.634888 29.432825 0.005136
162.695892 29.416880 0.005402
164.756561 29.400944 0.005086
166.816925 29.385017 0.004445
168.876953 29.369102 0.003891
170.936676 29.353197 0.003544
172.996063 29.337303 0.003371
175.055145 29.321417 0.003220
177.113907 29.305544 0.003090
179.172333 29.289679 0.002976
181.230453 29.273825 0.002873
183.288269 29.257982 0.002780
185.345749 29.242147 0.002694
187.402924 29.226326 0.002615
189.459778 29.210512 0.002543
191.516312 29.194710 0.002475
193.572540 29.178917 0.002412
195.628448 29.163134 0.002353
197.684052 29.147362 0.002297
199.739319 29.131599 0.002244
201.794296 29.115849 0.002193
82.113243 31.849258 0.000241
84.226082 31.831711 0.000265
86.338516 31.814175 0.000290
88.450562 31.796650 0.000317
90.562202 31.779137 0.000345
92.673447 31.761637 0.000375
94.784294 31.744148 0.000408
96.894745 31.726671 0.000444
99.004799 31.709208 0.000486
101.114464 31.691753 0.000533
103.223724 31.674313 0.000589
105.332596 31.656883 0.000656
107.441078 31.639465 0.000735
109.549164 31.622061 0.000827
111.656860 31.604666 0.000935
113.764160 31.587284 0.001113
115.871071 31.569914 0.001399
117.977592 31.552555 0.001629
120.083725 31.535208 0.002158
122.189461 31.517872 0.003511
124.294815 31.500547 0.005506
126.399780 31.483236 0.006965
128.504364 31.465937 0.007421
130.608551 31.448647 0.009410
132.712357 31.431370 0.010011
134.815781 31.414104 0.008748
136.918808 31.396851 0.002591
139.021469 31.379608 0.010553
141.123734 31.362379 0.015824
143.225616 31.345160 0.004671
145.327118 31.327951 0.023049
147.428238 31.310757 0.031534
149.528976 31.293571 0.029238
151.629318 31.276400 0.022750
153.729309 31.259239 0.016846
155.828903 31.242088 0.011961
157.928116 31.224951 0.009492
160.026947 31.207825 0.005760
162.125412 31.190708 0.005201
164.223495 31.173605 0.005351
166.321198 31.156513 0.004872
168.418533 31.139433 0.004190
170.515488 31.122362 0.003671
172.612076 31.105305 0.003390
174.708267 31.088259 0.003216
176.804108 31.071224 0.003069
178.899567 31.054199 0.002942
180.994644 31.037188 0.002830
183.089355 31.020187 0.002731
185.183701 31.003197 0.002640
187.277679 30.986219 0.002557
189.371277 30.969252 0.002481
191.464508 30.952295 0.002410
193.557358 30.935352 0.002345
195.649857 30.918419 0.002284
197.741974 30.901497 0.002227
199.833725 30.884586 0.002173
201.925110 30.867687 0.002121
82.156250 33.651428 0.000251
84.312027 33.632629 0.000277
86.467339 33.613846 0.000306
88.622185 33.595078 0.000336
90.776558 33.576321 0.000369
92.930473 33.557575 0.000404
95.083923 33.538845 0.000443
97.236908 33.520126 0.000487
99.389427 33.501423 0.000537
101.541481 33.482735 0.000597
103.693077 33.464054 0.000669
105.844208 33.445389 0.000755
107.994881 33.426739 0.000857
110.145096 33.408100 0.000979
112.294853 33.389477 0.001143
114.444153 33.370861 0.001469
116.592987 33.352264 0.001781
118.741371 33.333679 0.002274
120.889297 33.315105 0.003715
123.036774 33.296543 0.006172
125.183792 33.277996 0.008544
127.330353 33.259464 0.009744
129.476471 33.240944 0.014083
131.622131 33.222435 0.018361
133.767334 33.203938 0.023386
135.912094 33.185455 0.024557
138.056396 33.166988 0.006447
140.200256 33.148533 0.038398
142.343658 33.130089 0.023877
144.486618 33.111656 0.045839
146.629135 33.093239 0.068196
148.771194 33.074837 0.057761
150.912827 33.056442 0.040245
153.054001 33.038063 0.027135
155.194733 33.019699 0.017865
157.335022 33.001343 0.011811
159.474869 32.983006 0.008624
161.614273 32.964676 0.005316
163.753235 32.946362 0.005158
165.891754 32.928059 0.005086
168.029831 32.909767 0.004454
170.167480 32.891491 0.003807
172.304672 32.873226 0.003377
174.441437 32.854977 0.003179
176.577774 32.836739 0.003018
178.713669 32.818512 0.002882
180.849121 32.800297 0.002764
182.984146 32.782097 0.002660
185.118729 32.763908 0.002567
187.252884 32.745731 0.002481
189.386597 32.727570 0.002403
191.519882 32.709419 0.002332
193.652740 32.691280 0.002266
195.785172 32.673157 0.002204
197.917160 32.655045 0.002146
200.048721 32.636944 0.002092
82.203255 35.453018 0.000258
84.405968 35.432922 0.000287
86.608131 35.412838 0.000319
88.809746 35.392769 0.000353
91.010818 35.372715 0.000390
93.211349 35.352676 0.000430
95.411331 35.332653 0.000475
97.610779 35.312645 0.000527
99.809677 35.292652 0.000588
102.008041 35.272671 0.000661
104.205864 35.252705 0.000750
106.403145 35.232754 0.000856
108.599892 35.212818 0.000985
110.796097 35.192898 0.001140
112.991776 35.172993 0.001448
115.186913 35.153099 0.001839
117.381516 35.133224 0.002256
119.575592 35.113361 0.003544
121.769127 35.093510 0.006137
123.962135 35.073677 0.009400
126.154617 35.053860 0.011156
128.346558 35.034054 0.017122
130.537979 35.014263 0.024960
132.728882 34.994488 0.038592
134.919250 34.974728 0.060223
137.109085 34.954979 0.079351
139.298401 34.935246 0.069546
141.487198 34.915527 0.898170
143.675461 34.895824 0.106787
145.863205 34.876137 0.168423
148.050430 34.856461 0.118724
150.237137 34.836800 0.070726
152.423325 34.817154 0.041116
154.608994 34.797520 0.024206
156.794144 34.777901 0.015838
158.978775 34.758297 0.010643
161.162888 34.738708 0.006492
163.346497 34.719131 0.004844
165.529587 34.699574 0.004974
167.712158 34.680023 0.004572
169.894211 34.660492 0.003899
172.075760 34.640972 0.003379
174.256805 34.621468 0.003104
176.437332 34.601978 0.002935
178.617355 34.582500 0.002794
180.796860 34.563038 0.002673
182.975876 34.543591 0.002568
185.154373 34.524158 0.002474
187.332367 34.504738 0.002389
189.509842 34.485332 0.002311
191.686829 34.465939 0.002239
193.863312 34.446560 0.002174
196.039291 34.427197 0.002112
198.214767 34.407845 0.002055
200.389740 34.388508 0.002001
82.254631 37.254013 0.000263
84.508621 37.232555 0.000295
86.761978 37.211117 0.000329
89.014694 37.189690 0.000366
91.266769 37.168285 0.000407
93.518219 37.146893 0.000453
95.769028 37.125519 0.000504
98.019211 37.104160 0.000565
100.268761 37.082821 0.000636
102.517677 37.061493 0.000723
104.765968 37.040184 0.000829
107.013626 37.018894 0.000957
109.260666 36.997616 0.001113
111.507072 36.976357 0.001352
113.752861 36.955116 0.001781
115.998016 36.933887 0.002185
118.242561 36.912678 0.003120
120.486481 36.891483 0.005460
122.729774 36.870304 0.009173
124.972458 36.849140 0.011858
127.214516 36.827995 0.017226
129.455963 36.806866 0.026973
131.696793 36.785751 0.045136
133.937012 36.764656 0.082766
136.176620 36.743572 0.153317
138.415604 36.722507 0.285713
140.653992 36.701458 0.504799
142.891754 36.680424 0.016823
145.128922 36.659409 0.426121
147.365463 36.638409 0.223002
149.601410 36.617420 0.108398
151.836761 36.596451 0.056552
154.071503 36.575500 0.031805
156.305634 36.554562 0.017747
158.539154 36.533638 0.011293
160.772095 36.512733 0.007956
163.004425 36.491844 0.004721
165.236160 36.470970 0.004599
167.467285 36.450111 0.004482
169.697830 36.429268 0.003881
171.927765 36.408440 0.003321
174.157104 36.387630 0.002983
176.385864 36.366837 0.002814
178.614029 36.346054 0.002674
180.841583 36.325291 0.002556
183.068573 36.304543 0.002453
185.294952 36.283810 0.002361
187.520752 36.263092 0.002278
189.745972 36.242393 0.002203
191.970596 36.221706 0.002133
194.194641 36.201035 0.002069
196.418091 36.180382 0.002010
198.640961 36.159740 0.001954
200.863251 36.139118 0.001901
82.310783 39.054390 0.000264
84.620819 39.031509 0.000298
86.930115 39.008648 0.000335
89.238663 38.985802 0.000376
91.546478 38.962978 0.000420
93.853546 38.940170 0.000471
96.159874 38.917381 0.000529
98.465469 38.894611 0.000597
100.770332 38.871861 0.000680
103.074455 38.849125 0.000780
105.377846 38.826412 0.000903
107.680504 38.803715 0.001053
109.982437 38.781036 0.001237
112.283638 38.758373 0.001613
114.584114 38.735733 0.002073
116.883865 38.713108 0.002650
119.182892 38.690502 0.004425
121.481194 38.667915 0.007872
123.778770 38.645344 0.011793
126.075630 38.622795 0.014884
128.371780 38.600262 0.025292
130.667206 38.577744 0.041828
132.961914 38.555248 0.077588
135.255905 38.532768 0.152882
137.549179 38.510307 0.324371
139.841751 38.487865 0.835718
142.133606 38.465439 1.468538
144.424759 38.443031 0.359917
146.715195 38.420643 0.263570
149.004929 38.398270 0.122292
151.293961 38.375916 0.060838
153.582291 38.353580 0.033042
155.869919 38.331261 0.018428
158.156845 38.308960 0.011726
160.443069 38.286678 0.008162
162.728592 38.264412 0.004651
165.013412 38.242165 0.004120
167.297546 38.219933 0.004199
169.580978 38.197723 0.003727
171.863724 38.175526 0.003185
174.145782 38.153351 0.002824
176.427139 38.131191 0.002656
178.707809 38.109047 0.002524
180.987808 38.086922 0.002412
183.267105 38.064816 0.002316
185.545715 38.042725 0.002230
187.823639 38.020653 0.002152
190.100891 37.998600 0.002080
192.377457 37.976562 0.002014
194.653336 37.954540 0.001954
196.928543 37.932537 0.001897
199.203079 37.910553 0.001843
201.476929 37.888584 0.001793
82.372192 40.854137 0.000262
84.743523 40.829758 0.000298
87.113983 40.805401 0.000337
89.483574 40.781063 0.000380
91.852303 40.756748 0.000428
94.220169 40.732452 0.000483
96.587173 40.708179 0.000547
98.953323 40.683926 0.000623
101.318611 40.659691 0.000715
103.683044 40.635479 0.000828
106.046623 40.611286 0.000966
108.409355 40.587112 0.001136
110.771233 40.562962 0.001389
113.132263 40.538834 0.001857
115.492455 40.514721 0.002311
117.851791 40.490631 0.003357
120.210289 40.466560 0.005994
122.567947 40.442513 0.010217
124.924767 40.418484 0.013196
127.280746 40.394474 0.020281
129.635880 40.370487 0.032199
131.990189 40.346519 0.055948
134.343674 40.322571 0.107047
136.696320 40.298641 0.206969
139.048126 40.274734 0.390557
141.399124 40.250847 0.562400
143.749283 40.226978 0.159460
146.098618 40.203129 0.062249
148.447144 40.179302 0.069393
150.794830 40.155495 0.044291
153.141708 40.131706 0.026893
155.487762 40.107941 0.016138
157.833008 40.084190 0.010401
160.177444 40.060463 0.007263
162.521057 40.036755 0.004284
164.863861 40.013065 0.003599
167.205856 39.989395 0.003783
169.547043 39.965748 0.003442
171.887436 39.942116 0.002962
174.227005 39.918507 0.002622
176.565781 39.894917 0.002464
178.903763 39.871346 0.002346
181.240936 39.847794 0.002247
183.577316 39.824265 0.002160
185.912888 39.800751 0.002082
188.247681 39.777260 0.002011
190.581665 39.753784 0.001945
192.914871 39.730331 0.001885
195.247284 39.706898 0.001828
197.578903 39.683483 0.001775
199.909744 39.660088 0.001725
202.239792 39.636711 0.001677
82.439423 42.653236 0.000256
84.877831 42.627281 0.000293
87.315224 42.601345 0.000334
89.751610 42.575436 0.000379
92.186989 42.549549 0.000430
94.621361 42.523682 0.000488
97.054733 42.497841 0.000557
99.487099 42.472023 0.000640
101.918472 42.446228 0.000740
104.348846 42.420460 0.000863
106.778221 42.394711 0.001015
109.206612 42.368984 0.001201
111.634010 42.343281 0.001555
114.060417 42.317604 0.002033
116.485840 42.291946 0.002562
118.910278 42.266312 0.004192
121.333740 42.240704 0.007550
123.756218 42.215115 0.011711
126.177719 42.189548 0.014297
128.598251 42.164005 0.023932
131.017807 42.138489 0.037049
133.436386 42.112991 0.061165
135.854004 42.087517 0.101660
138.270660 42.062065 0.144728
140.686340 42.036636 0.103873
143.101074 42.011230 0.056505
145.514832 41.985844 0.042381
147.927643 41.960484 0.010913
150.339493 41.935143 0.018757
152.750381 41.909828 0.015884
155.160324 41.884533 0.011026
157.569321 41.859261 0.007759
159.977371 41.834011 0.005771
162.384476 41.808784 0.003496
164.790634 41.783577 0.003050
167.195847 41.758392 0.003299
169.600128 41.733234 0.003059
172.003464 41.708092 0.002664
174.405869 41.682976 0.002377
176.807343 41.657883 0.002245
179.207886 41.632809 0.002147
181.607483 41.607758 0.002062
184.006180 41.582726 0.001988
186.403931 41.557720 0.001921
188.800766 41.532734 0.001858
191.196671 41.507771 0.001800
193.591675 41.482826 0.001746
195.985748 41.457909 0.001695
198.378906 41.433010 0.001647
200.771149 41.408131 0.001601
82.513107 44.451679 0.000246
85.025032 44.424049 0.000284
87.535774 44.396446 0.000326
90.045341 44.368870 0.000372
92.553726 44.341316 0.000425
95.060936 44.313793 0.000486
97.566978 44.286297 0.000558
100.071854 44.258823 0.000645
102.575569 44.231377 0.000752
105.078117 44.203960 0.000882
107.579498 44.176563 0.001042
110.079735 44.149197 0.001246
112.578812 44.121857 0.001669
115.076736 44.094540 0.002117
117.573509 44.067249 0.002841
120.069145 44.039986 0.004934
122.563629 44.012749 0.008644
125.056976 43.985535 0.011987
127.549187 43.958351 0.015086
130.040268 43.931190 0.023611
132.530197 43.904053 0.034376
135.019012 43.876942 0.048264
137.506699 43.849857 0.059005
139.993256 43.822800 0.043526
142.478699 43.795765 0.001782
144.963013 43.768757 0.020938
147.446213 43.741776 0.009969
149.928299 43.714817 0.003851
152.409286 43.687885 0.006462
154.889145 43.660976 0.005835
157.367905 43.634094 0.004839
159.845566 43.607235 0.004004
162.322128 43.580402 0.002515
164.797577 43.553596 0.002515
167.271942 43.526814 0.002790
169.745209 43.500057 0.002618
172.217377 43.473324 0.002319
174.688477 43.446617 0.002104
177.158478 43.419933 0.002007
179.627396 43.393276 0.001932
182.095230 43.366642 0.001866
184.561981 43.340031 0.001806
187.027664 43.313446 0.001751
189.492279 43.286888 0.001698
191.955811 43.260349 0.001649
194.418274 43.233841 0.001602
196.879684 43.207352 0.001556
199.340012 43.180889 0.001513
201.799301 43.154453 0.001471
82.594009 46.249443 0.000232
85.186630 46.220036 0.000270
87.777878 46.190659 0.000312
90.367737 46.161316 0.000359
92.956223 46.131996 0.000412
95.543335 46.102711 0.000474
98.129082 46.073456 0.000549
100.713463 46.044228 0.000638
103.296486 46.015030 0.000748
105.878151 45.985863 0.000881
108.458458 45.956722 0.001043
111.037415 45.927612 0.001287
113.615021 45.898533 0.001720
116.191292 45.869484 0.002119
118.766212 45.840462 0.003047
121.339798 45.811470 0.005363
123.912056 45.782505 0.008921
126.482979 45.753571 0.011221
129.052582 45.724667 0.014062
131.620850 45.695793 0.019676
134.187805 45.666943 0.024518
136.753433 45.638126 0.026189
139.317749 45.609337 0.020548
141.880768 45.580574 0.005984
144.442474 45.551842 0.006568
147.002869 45.523140 0.007115
149.561966 45.494465 0.002939
152.119766 45.465820 0.001525
154.676285 45.437202 0.002349
157.231491 45.408611 0.002596
159.785431 45.380051 0.002258
162.338074 45.351517 0.001674
164.889435 45.323013 0.002036
167.439514 45.294537 0.002280
169.988327 45.266087 0.002161
172.535873 45.237667 0.001958
175.082138 45.209274 0.001823
177.627151 45.180908 0.001763
180.170883 45.152573 0.001712
182.713364 45.124264 0.001664
185.254593 45.095982 0.001620
187.794571 45.067726 0.001576
190.333298 45.039501 0.001534
192.870773 45.011303 0.001493
195.407013 44.983131 0.001454
197.942001 44.954990 0.001415
200.475754 44.926872 0.001377
82.683006 48.046520 0.000215
85.364395 48.015217 0.000251
88.044159 47.983952 0.000292
90.722305 47.952717 0.000338
93.398834 47.921520 0.000391
96.073761 47.890354 0.000453
98.747086 47.859222 0.000527
101.418816 47.828125 0.000617
104.088943 47.797058 0.000725
106.757484 47.766029 0.000856
109.424446 47.735031 0.001013
112.089821 47.704067 0.001287
114.753624 47.673138 0.001683
117.415848 47.642239 0.002038
120.076508 47.611374 0.003055
122.735603 47.580544 0.005299
125.393143 47.549747 0.008305
128.049118 47.518982 0.009695
130.703552 47.488251 0.011038
133.356430 47.457550 0.013627
136.007782 47.426884 0.013397
138.657578 47.396252 0.010386
141.305847 47.365650 0.004330
143.952591 47.335083 0.002197
146.597809 47.304546 0.003864
149.241501 47.274044 0.002851
151.883667 47.243572 0.001261
154.524338 47.213131 0.000650
157.163483 47.182724 0.001113
159.801132 47.152351 0.000959
162.437286 47.122009 0.001138
165.071930 47.091698 0.001613
167.705093 47.061420 0.001792
170.336761 47.031174 0.001726
172.966934 47.000957 0.001611
175.595642 46.970776 0.001549
178.222870 46.940620 0.001521
180.848618 46.910503 0.001493
183.472900 46.880413 0.001464
186.095718 46.850357 0.001433
188.717072 46.820332 0.001402
191.336975 46.790337 0.001370
193.955414 46.760372 0.001338
196.572403 46.730438 0.001305
199.187958 46.700539 0.001272
201.802063 46.670670 0.001240
82.781151 49.842896 0.000194
85.560394 49.809563 0.000228
88.337730 49.776272 0.000267
91.113167 49.743015 0.000311
93.886703 49.709801 0.000363
96.658356 49.676624 0.000423
99.428123 49.643486 0.000494
102.196014 49.610386 0.000580
104.962036 49.577324 0.000683
107.726189 49.544304 0.000805
110.488487 49.511318 0.000950
113.248924 49.478371 0.001224
116.007507 49.445465 0.001558
118.764252 49.412594 0.001855
121.519165 49.379761 0.002791
124.272232 49.346966 0.004684
127.023483 49.314209 0.006958
129.772903 49.281490 0.007706
132.520508 49.248806 0.007356
135.266312 49.216164 0.007582
138.010300 49.183556 0.005946
140.752487 49.150986 0.002953
143.492889 49.118454 0.000913
146.231491 49.085957 0.002013
148.968307 49.053497 0.002039
151.703339 49.021076 0.001303
154.436615 48.988693 0.000523
157.168106 48.956345 0.000254
159.897842 48.924030 0.000351
162.625809 48.891754 0.000826
165.352036 48.859516 0.001219
168.076508 48.827312 0.001352
170.799225 48.795147 0.001340
173.520218 48.763020 0.001301
176.239471 48.730923 0.001295
178.957001 48.698864 0.001291
181.672806 48.666843 0.001282
184.386902 48.634857 0.001269
187.099274 48.602905 0.001252
189.809937 48.570992 0.001231
192.518890 48.539112 0.001209
195.226151 48.507267 0.001184
197.931717 48.475460 0.001158
200.635590 48.443684 0.001131
82.889687 51.638554 0.000173
85.777115 51.603035 0.000203
88.662292 51.567562 0.000238
91.545227 51.532135 0.000279
94.425926 51.496750 0.000326
97.304405 51.461414 0.000382
100.180656 51.426117 0.000448
103.054703 51.390869 0.000527
105.926537 51.355659 0.000620
108.796173 51.320499 0.000728
111.663620 51.285381 0.000855
114.528885 51.250305 0.001099
117.391975 51.215275 0.001357
120.252892 51.180286 0.001564
123.111649 51.145344 0.002266
125.968246 51.110443 0.003625
128.822693 51.075584 0.005146
131.675003 51.040771 0.005583
134.525177 51.005997 0.004561
137.373230 50.971268 0.003289
140.219147 50.936584 0.001880
143.062973 50.901939 0.000621
145.904663 50.867340 0.001076
148.744278 50.832779 0.001364
151.581787 50.798264 0.001100
154.417206 50.763790 0.000692
157.250549 50.729359 0.000320
160.081818 50.694965 0.000142
162.911011 50.660618 0.000580
165.738159 50.626312 0.000864
168.563248 50.592045 0.000985
171.386276 50.557823 0.001017
174.207275 50.523640 0.001037
177.026230 50.489498 0.001063
179.843170 50.455399 0.001079
182.658081 50.421337 0.001085
185.470978 50.387321 0.001085
188.281860 50.353344 0.001079
191.090744 50.319405 0.001068
193.897629 50.285511 0.001053
196.702515 50.251656 0.001035
199.505417 50.217838 0.001015
202.306351 50.184063 0.000993
83.010094 53.433479 0.000152
86.017509 53.395599 0.000176
89.022255 53.357769 0.000206
92.024353 53.319992 0.000241
95.023796 53.282265 0.000283
98.020607 53.244587 0.000333
101.014786 53.206966 0.000391
104.006348 53.169392 0.000459
106.995300 53.131870 0.000539
109.981659 53.094398 0.000627
112.965424 53.056980 0.000729
115.946602 53.019608 0.000922
118.925209 52.982288 0.001100
121.901260 52.945019 0.001193
124.874756 52.907799 0.001579
127.845703 52.870632 0.002357
130.814117 52.833511 0.003183
133.779999 52.796440 0.003438
136.743378 52.759418 0.002775
139.704239 52.722446 0.001612
142.662598 52.685528 0.000581
145.618469 52.648651 0.000481
148.571854 52.611828 0.000741
151.522766 52.575050 0.000758
154.471222 52.538326 0.000613
157.417206 52.501644 0.000337
160.360748 52.465015 0.000027
163.301849 52.428432 0.000353
166.240524 52.391899 0.000578
169.176773 52.355412 0.000698
172.110611 52.318974 0.000762
175.042038 52.282581 0.000816
177.971069 52.246235 0.000858
180.897720 52.209938 0.000887
183.821976 52.173691 0.000905
186.743866 52.137486 0.000914
189.663391 52.101330 0.000916
192.580551 52.065220 0.000913
195.495361 52.029160 0.000905
198.407837 51.993141 0.000893
201.317978 51.957172 0.000878
83.144173 55.227657 0.000137
86.285156 55.187202 0.000152
89.422966 55.146812 0.000174
92.557610 55.106480 0.000201
95.689095 55.066208 0.000236
98.817451 55.025993 0.000276
101.942680 54.985844 0.000324
105.064789 54.945751 0.000379
108.183800 54.905716 0.000441
111.299721 54.865742 0.000506
114.412567 54.825825 0.000575
117.522346 54.785969 0.000705
120.629074 54.746170 0.000809
123.732758 54.706429 0.000800
126.833420 54.666748 0.000886
129.931061 54.627121 0.001165
133.025696 54.587555 0.001439
136.117325 54.548046 0.001457
139.205994 54.508595 0.001112
142.291672 54.469196 0.000564
145.374405 54.429859 0.000278
148.454178 54.390575 0.000527
151.531021 54.351353 0.000665
154.604935 54.312183 0.000603
157.675949 54.273067 0.000380
160.744049 54.234013 0.000095
163.809250 54.195011 0.000187
166.871582 54.156063 0.000369
169.931030 54.117172 0.000480
172.987640 54.078339 0.000561
176.041382 54.039558 0.000628
179.092300 54.000832 0.000679
182.140381 53.962162 0.000716
185.185654 53.923546 0.000742
188.228119 53.884983 0.000758
191.267776 53.846474 0.000767
194.304657 53.808022 0.000769
197.338760 53.769619 0.000765
200.370117 53.731274 0.000758
83.294113 57.021057 0.000134
86.584412 56.977791 0.000137
89.870895 56.934597 0.000148
93.153587 56.891476 0.000165
96.432510 56.848423 0.000188
99.707672 56.805443 0.000217
102.979095 56.762531 0.000252
106.246788 56.719688 0.000291
109.510780 56.676914 0.000332
112.771080 56.634212 0.000371
116.027702 56.591576 0.000405
119.280670 56.549011 0.000471
122.529991 56.506512 0.000512
125.775681 56.464081 0.000448
129.017761 56.421719 0.000357
132.256241 56.379425 0.000329
135.491150 56.337196 0.000308
138.722488 56.295036 0.000266
141.950272 56.252941 0.000344
145.174515 56.210911 0.000549
148.395248 56.168949 0.000712
151.612473 56.127056 0.000740
154.826202 56.085224 0.000620
158.036469 56.043461 0.000396
161.243256 56.001762 0.000156
164.446609 55.960129 0.000097
167.646530 55.918560 0.000219
170.843033 55.877052 0.000317
174.036118 55.835613 0.000402
177.225830 55.794235 0.000471
180.412155 55.752922 0.000525
183.595123 55.711674 0.000566
186.774750 55.670486 0.000596
189.951035 55.629364 0.000617
193.124008 55.588306 0.000629
196.293671 55.547306 0.000635
199.460037 55.506374 0.000635
202.623123 55.465500 0.000631
83.462616 58.813652 0.000147
86.920616 58.767296 0.000139
90.374016 58.721020 0.000137
93.822845 58.674831 0.000141
97.267128 58.628723 0.000150
100.706879 58.582699 0.000164
104.142120 58.536758 0.000182
107.572884 58.490898 0.000203
110.999184 58.445118 0.000222
114.421043 58.399422 0.000236
117.838493 58.353809 0.000238
121.251534 58.308273 0.000245
124.660202 58.262817 0.000241
128.064514 58.217445 0.000185
131.464493 58.172150 0.000179
134.860168 58.126934 0.000315
138.251541 58.081799 0.000474
141.638641 58.036743 0.000622
145.021500 57.991764 0.000732
148.400116 57.946861 0.000766
151.774521 57.902039 0.000701
155.144745 57.857292 0.000550
158.510788 57.812622 0.000364
161.872681 57.768032 0.000202
165.230438 57.723515 0.000106
168.584076 57.679073 0.000121
171.933624 57.634708 0.000197
175.279099 57.590420 0.000273
178.620514 57.546207 0.000340
181.957886 57.502068 0.000394
185.291245 57.458004 0.000436
188.620590 57.414013 0.000468
191.945969 57.370098 0.000490
195.267365 57.326256 0.000505
198.584824 57.282486 0.000513
201.898361 57.238789 0.000515
83.653023 60.605408 0.000173
87.300423 60.555622 0.000159
90.942230 60.505936 0.000149
94.578476 60.456348 0.000142
98.209198 60.406860 0.000137
101.834412 60.357475 0.000136
105.454163 60.308182 0.000137
109.068474 60.258991 0.000138
112.677376 60.209896 0.000138
116.280891 60.160900 0.000133
119.879066 60.112000 0.000121
123.471916 60.063190 0.000111
127.059471 60.014481 0.000122
130.641754 59.965866 0.000180
134.218811 59.917347 0.000296
137.790665 59.868919 0.000439
141.357330 59.820587 0.000562
144.918839 59.772346 0.000633
148.475235 59.724201 0.000637
152.026520 59.676147 0.000576
155.572739 59.628185 0.000474
159.113907 59.580311 0.000361
162.650055 59.532532 0.000253
166.181229 59.484840 0.000158
169.707413 59.437241 0.000096
173.228668 59.389732 0.000114
176.745010 59.342312 0.000173
180.256454 59.294979 0.000232
183.763031 59.247734 0.000282
187.264786 59.200581 0.000323
190.761703 59.153511 0.000354
194.253845 59.106529 0.000377
197.741211 59.059635 0.000392
201.223846 59.012829 0.000400
83.869553 62.396275 0.000208
87.732201 62.342659 0.000194
91.587975 62.289165 0.000181
95.436928 62.235794 0.000170
99.279091 62.182537 0.000161
103.114525 62.129406 0.000154
106.943253 62.076389 0.000148
110.765327 62.023491 0.000145
114.580788 61.970707 0.000145
118.389671 61.918045 0.000153
122.192017 61.865494 0.000173
125.987877 61.813061 0.000213
129.777267 61.760738 0.000268
133.560257 61.708534 0.000339
137.336868 61.656441 0.000421
141.107132 61.604462 0.000497
144.871094 61.552593 0.000546
148.628799 61.500835 0.000554
152.380280 61.449192 0.000523
156.125565 61.397655 0.000462
159.864700 61.346230 0.000384
163.597717 61.294910 0.000296
167.324661 61.243702 0.000207
171.045563 61.192600 0.000130
174.760437 61.141605 0.000086
178.469345 61.090721 0.000102
182.172318 61.039940 0.000146
185.869385 60.989262 0.000189
189.560562 60.938690 0.000226
193.245926 60.888226 0.000255
196.925461 60.837864 0.000276
200.599243 60.787601 0.000290
84.117599 64.186188 0.000250
88.226608 64.128258 0.000236
92.327095 64.070480 0.000225
96.419113 64.012848 0.000216
100.502724 63.955364 0.000210
104.577980 63.898026 0.000206
108.644958 63.840832 0.000207
112.703705 63.783779 0.000213
116.754280 63.726868 0.000228
120.796738 63.670097 0.000253
124.831139 63.613472 0.000291
128.857544 63.556984 0.000342
132.875992 63.500633 0.000401
136.886551 63.444420 0.000460
140.889282 63.388348 0.000510
144.884216 63.332405 0.000540
148.871414 63.276604 0.000545
152.850937 63.220936 0.000521
156.822845 63.165398 0.000472
160.787155 63.109997 0.000405
164.743958 63.054726 0.000328
168.693268 62.999584 0.000250
172.635162 62.944576 0.000176
176.569672 62.889694 0.000114
180.496841 62.834946 0.000080
184.416748 62.780319 0.000087
188.329407 62.725826 0.000115
192.234894 62.671455 0.000144
196.133224 62.617210 0.000168
200.024460 62.563091 0.000186
84.404152 65.975060 0.000293
88.797485 65.912231 0.000282
93.180092 65.849586 0.000274
97.552063 65.787125 0.000269
101.913490 65.724838 0.000268
106.264450 65.662735 0.000271
110.605042 65.600815 0.000280
114.935333 65.539062 0.000296
119.255409 65.477493 0.000321
123.565361 65.416092 0.000355
127.865265 65.354866 0.000397
132.155197 65.293816 0.000444
136.435242 65.232933 0.000490
140.705475 65.172211 0.000527
144.965973 65.111664 0.000548
149.216812 65.051285 0.000547
153.458069 64.991074 0.000524
157.689804 64.931023 0.000481
161.912109 64.871132 0.000422
166.125046 64.811401 0.000355
170.328690 64.751839 0.000285
174.523117 64.692429 0.000217
178.708374 64.633179 0.000157
182.884552 64.574089 0.000108
187.051697 64.515160 0.000078
191.209900 64.456375 0.000073
195.359222 64.397751 0.000083
199.499725 64.339279 0.000098
203.631454 64.280952 0.000110
84.738426 67.762764 0.000338
89.463036 67.694298 0.000330
94.173950 67.626068 0.000325
98.871307 67.558067 0.000324
103.555237 67.490295 0.000328
108.225868 67.422745 0.000338
112.883324 67.355415 0.000354
117.527725 67.288307 0.000376
122.159195 67.221428 0.000405
126.777863 67.154755 0.000440
131.383835 67.088303 0.000478
135.977234 67.022064 0.000513
140.558167 66.956032 0.000541
145.126755 66.890213 0.000555
149.683105 66.824608 0.000551
154.227325 66.759201 0.000528
158.759521 66.694000 0.000488
163.279816 66.629005 0.000436
167.788300 66.564209 0.000376
172.285080 66.499611 0.000313
176.770248 66.435211 0.000253
181.243927 66.371010 0.000198
185.706207 66.307007 0.000150
190.157166 66.243187 0.000112
194.596939 66.179565 0.000086
199.025574 66.116135 0.000071
203.443207 66.052887 0.000065
85.132881 69.549133 0.000381
90.247772 69.474113 0.000376
95.344887 69.399391 0.000374
100.424416 69.324966 0.000378
105.486557 69.250832 0.000386
110.531517 69.176979 0.000401
115.559471 69.103416 0.000420
120.570618 69.030128 0.000446
125.565132 68.957130 0.000475
130.543198 68.884399 0.000505
135.505005 68.811943 0.000533
140.450699 68.739754 0.000553
145.380478 68.667839 0.000561
150.294495 68.596184 0.000554
155.192917 68.524796 0.000531
160.075928 68.453659 0.000494
164.943649 68.382782 0.000447
169.796265 68.312164 0.000393
174.633926 68.241791 0.000338
179.456772 68.171677 0.000284
184.264969 68.101799 0.000235
189.058655 68.032173 0.000192
193.837982 67.962784 0.000156
198.603073 67.893639 0.000129
203.354095 67.824730 0.000109
85.604691 71.333923 0.000422
91.185463 71.251167 0.000419
96.742645 71.168800 0.000421
102.276558 71.086815 0.000428
107.787521 71.005219 0.000439
113.275826 70.923988 0.000456
118.741783 70.843132 0.000477
124.185677 70.762642 0.000501
129.607803 70.682510 0.000526
135.008423 70.602737 0.000547
140.387833 70.523315 0.000562
145.746292 70.444244 0.000566
151.084061 70.365509 0.000557
156.401398 70.287125 0.000534
161.698563 70.209068 0.000500
166.975800 70.131340 0.000456
172.233337 70.053947 0.000408
177.471420 69.976875 0.000358
182.690308 69.900124 0.000311
187.890182 69.823685 0.000268
193.071304 69.747559 0.000231
198.233887 69.671745 0.000201
203.378128 69.596237 0.000177
86.178246 73.116768 0.000460
92.323860 73.024727 0.000459
98.437393 72.933205 0.000463
104.519363 72.842209 0.000472
110.570290 72.751717 0.000486
116.590675 72.661720 0.000503
122.581001 72.572220 0.000523
128.541748 72.483208 0.000542
134.473373 72.394676 0.000559
140.376328 72.306610 0.000569
146.251038 72.219009 0.000570
152.097961 72.131866 0.000559
157.917496 72.045174 0.000536
163.710052 71.958923 0.000504
169.476044 71.873108 0.000464
175.215820 71.787727 0.000420
180.929794 71.702774 0.000377
186.618332 71.618240 0.000335
192.281784 71.534119 0.000299
197.920502 71.450409 0.000268
203.534836 71.367096 0.000244
86.889389 74.897148 0.000494
93.732811 74.793732 0.000495
100.531235 74.691040 0.000501
107.285561 74.589073 0.000511
113.996689 74.487801 0.000524
120.665482 74.387222 0.000540
127.292755 74.287315 0.000555
133.879333 74.188072 0.000568
140.425980 74.089478 0.000575
146.933456 73.991524 0.000572
153.402512 73.894196 0.000560
159.833817 73.797485 0.000538
166.228088 73.701378 0.000507
172.585999 73.605858 0.000470
178.908188 73.510933 0.000432
185.195267 73.416573 0.000393
191.447876 73.322777 0.000358
197.666595 73.229538 0.000328
203.852005 73.136841 0.000304
87.792908 76.674217 0.000524
95.518448 76.556526 0.000526
103.178398 76.439896 0.000532
110.774460 76.324295 0.000542
118.308273 76.209694 0.000554
125.781403 76.096077 0.000566
133.195343 75.983414 0.000575
140.551529 75.871689 0.000579
147.851349 75.760872 0.000574
155.096146 75.650948 0.000561
162.287186 75.541893 0.000539
169.425705 75.433685 0.000510
176.512863 75.326317 0.000477
183.549835 75.219757 0.000442
190.537704 75.113991 0.000410
197.477524 75.009010 0.000381
204.370331 74.904785 0.000358
88.976913 78.446617 0.000549
97.849892 78.310471 0.000552
106.622566 78.175934 0.000557
115.298355 78.042953 0.000566
123.880486 77.911476 0.000574
132.372025 77.781456 0.000581
140.775848 77.652847 0.000582
149.094711 77.525597 0.000576
157.331223 77.399673 0.000562
165.487854 77.275040 0.000540
173.566956 77.151649 0.000513
181.570770 77.029472 0.000483
189.501450 76.908478 0.000453
197.361023 76.788620 0.000427
205.151428 76.669884 0.000405
90.592300 80.211967 0.000569
101.013069 80.051041 0.000571
111.270531 79.892723 0.000576
121.372292 79.736893 0.000582
131.325363 79.583443 0.000585
141.136276 79.432266 0.000584
150.811066 79.283272 0.000577
160.355377 79.136368 0.000562
169.774475 78.991463 0.000541
179.073273 78.848495 0.000516
188.256393 78.707375 0.000490
197.328125 78.568039 0.000466
206.292542 78.430428 0.000445
