 136.84  31.75    0.00
 136.79  31.80    0.00
 136.71  32.08 -427.29
 136.67  32.08 -427.33
 136.61  32.22 -426.00
 136.70  32.32 -424.46
 136.64  32.43 -423.50
 136.74  32.58 -417.16
 136.81  32.69 -410.59
 136.81  32.82 -403.77
 136.74  32.96 -397.73
 136.67  33.15 -389.39
 136.63  33.15 -390.23
 136.41  33.35 -384.99
 136.33  33.47 -379.90
 136.21  33.60 -370.59
 136.04  33.83 -339.90
 136.01  33.92 -328.81
 136.10  34.01 -325.32
 129.62  39.40 -585.51
 129.67  39.46 -586.87
 129.69  39.50 -588.07
 129.74  39.59 -590.84
 129.75  39.59 -590.63
 129.79  39.67 -593.44
 129.81  39.71 -594.86
 129.83  39.75 -596.25
 129.85  39.78 -597.17
 129.91  39.88 -599.96
 129.94  39.95 -601.65
 130.01  40.07 -602.55
 130.04  40.13 -602.39
 130.09  40.23 -601.34
 130.15  40.35 -599.34
 130.13  40.31 -600.05
 130.17  40.39 -598.63
 130.09  40.25 -601.38
 130.03  40.12 -602.60
 129.98  40.02 -602.47
 129.99  40.00 -601.74
 129.96  39.95 -601.16
 130.00  40.03 -602.13
 130.02  40.11 -602.79
 130.00  40.05 -602.51
 130.01  40.05 -602.22
 130.02  40.09 -602.55
 130.02  40.09 -602.55
 130.03  40.12 -602.60
 130.05  40.19 -602.50
 130.08  40.29 -601.75
 130.11  40.38 -600.74
 130.12  40.41 -600.41
 130.11  40.40 -600.75
 130.14  40.48 -599.89
 130.05  40.21 -602.58
 130.03  40.13 -602.70
 130.03  40.13 -602.70
 130.06  40.26 -602.38
 130.05  40.20 -602.54
 130.04  40.14 -602.48
 130.02  40.05 -601.93
 130.03  40.06 -601.81
 130.02  40.08 -602.41
 130.01  39.94 -599.52
 130.01  39.80 -594.27
 130.01  39.78 -593.40
 130.01  39.72 -590.70
 130.03  39.57 -583.08
 129.59  39.52 -591.16
 130.04  39.58 -583.27
 130.03  39.63 -585.92
 129.57  39.53 -592.03
 130.06  39.58 -582.72
 130.05  39.67 -587.26
 130.06  39.70 -588.38
 130.05  39.78 -592.29
 130.03  40.03 -601.26
 130.03  40.20 -603.17
 130.02  40.31 -603.74
 130.03  40.45 -603.61
 130.03  40.53 -604.03
 130.84  41.09 -575.81
 130.85  41.27 -575.72
 130.85  41.44 -575.42
 130.87  41.62 -573.67
 130.89  41.85 -570.74
 130.41  41.94 -590.23
 130.43  42.37 -581.16
 130.41  42.64 -577.10
 130.26  42.95 -579.62
 130.32  43.28 -574.80
 130.37  43.46 -572.24
 129.86  44.07 -597.20
 129.90  44.20 -595.46
 130.00  44.54 -590.80
 130.16  44.96 -585.13
 130.34  45.34 -579.61
 133.99  44.80 -412.71
 134.14  45.02 -401.38
 135.81  45.12 -355.15
 135.62  45.62 -366.57
 135.81  45.87 -368.42
 135.92  46.01 -371.91
 136.21  46.31 -398.01
 136.70  46.75 -506.41
 137.82  46.38 -458.75
 138.03  46.54 -462.73
 138.41  46.45 -441.06
 138.45  46.49 -441.62
 138.18  46.77 -467.95
 138.31  46.87 -464.96
 138.43  46.97 -462.80
 138.49  47.01 -461.75
 138.51  47.03 -461.80
 138.68  47.17 -462.35
 138.76  47.24 -463.20
 138.84  47.29 -463.09
 138.95  47.39 -463.94
 139.00  47.43 -464.00
 139.17  47.55 -464.02
 139.20  47.58 -464.16
 139.24  47.61 -463.97
 139.21  47.58 -463.97
 139.33  47.69 -463.03
 139.36  47.71 -462.41
 139.23  47.62 -464.36
 139.27  47.65 -463.98
 139.17  47.57 -464.53
 139.09  47.50 -464.18
 139.34  47.73 -463.12
 139.40  47.78 -461.65
 139.38  47.78 -462.30
 139.40  47.80 -461.78
 139.45  47.85 -460.39
 139.47  47.88 -459.93
 139.76  47.88 -446.01
 140.21  48.24 -466.25
 140.29  48.32 -479.86
 140.35  48.38 -490.63
 140.43  48.45 -504.08
 141.08  48.27 -526.68
 141.18  48.35 -550.60
 141.29  48.46 -576.80
 141.37  48.54 -590.27
 141.54  48.69 -602.95
 141.62  48.77 -604.11
 141.74  48.87 -602.67
 141.84  48.96 -601.90
 141.98  49.07 -602.42
 142.04  49.11 -602.97
 142.15  49.21 -605.62
 142.32  49.33 -608.72
 142.31  49.33 -608.90
 142.44  49.43 -613.97
 142.48  49.48 -617.84
 142.54  49.53 -622.75
 142.62  49.59 -630.16
 142.75  49.68 -644.32
 143.11  49.61 -655.96
 145.34  48.50 -535.59
 145.56  48.49 -534.56
 145.67  48.57 -543.36
 145.73  48.63 -549.01
 146.06  48.59 -526.42
 146.11  48.62 -528.48
 146.21  48.68 -533.27
 146.21  48.79 -550.16
 146.34  48.90 -564.67
 146.38  48.96 -573.21
 146.46  49.02 -580.17
 146.56  49.09 -586.46
 146.63  49.13 -588.92
 146.69  49.17 -591.27
 146.77  49.23 -594.47
 146.83  49.27 -595.85
 146.86  49.28 -595.34
 146.90  49.31 -596.32
 146.90  49.38 -603.56
 146.84  49.47 -616.13
 146.91  49.52 -617.12
 147.00  49.59 -618.24
 147.04  49.60 -616.50
 147.06  49.60 -615.12
 147.12  49.66 -616.32
 147.18  49.70 -615.41
 147.24  49.75 -615.14
 147.30  49.80 -614.69
 147.37  49.86 -614.17
 147.38  49.86 -613.36
 147.40  49.86 -611.75
 147.43  49.89 -611.86
 147.50  49.95 -611.29
 147.52  49.96 -610.52
 147.58  50.02 -610.73
 147.61  50.06 -611.59
 147.66  50.11 -611.48
 147.72  50.15 -609.54
 147.79  50.23 -609.76
 147.82  50.28 -611.07
 147.89  50.35 -610.54
 147.96  50.43 -611.33
 148.01  50.47 -610.80
 148.08  50.55 -613.37
 148.09  50.58 -616.06
 148.10  50.60 -617.68
 148.10  50.60 -617.68
 148.12  50.63 -619.86
 148.15  50.68 -624.16
 148.16  50.71 -627.54
 148.24  50.81 -636.38
 148.29  50.87 -642.10
 148.35  50.95 -650.15
 148.92  50.87 -598.90
 149.01  50.96 -606.72
 149.03  51.00 -611.31
 149.09  51.08 -619.05
 149.16  51.16 -626.35
 149.33  51.17 -617.43
 149.40  51.24 -623.24
 149.45  51.32 -631.49
 149.52  51.40 -637.84
 149.60  51.49 -644.07
 149.67  51.57 -649.16
 149.74  51.65 -654.14
 149.78  51.70 -657.65
 149.89  51.83 -666.83
 150.01  51.95 -674.62
 150.05  52.01 -679.88
 150.18  52.14 -688.16
 150.20  52.18 -691.77
 150.23  52.22 -694.64
 150.30  52.29 -698.21
 151.21  52.14 -597.25
 151.29  52.22 -600.52
 151.32  52.27 -604.33
 151.49  52.30 -592.07
 151.57  52.37 -593.56
 151.57  52.38 -594.89
 151.59  52.40 -595.60
 151.61  52.43 -597.66
 151.66  52.49 -600.93
 151.69  52.54 -605.01
 151.65  52.52 -606.03
 151.68  52.56 -608.81
 151.76  52.67 -617.70
 151.83  52.75 -623.88
 151.88  52.82 -630.54
 151.95  52.90 -636.98
 152.05  53.03 -646.95
 152.09  53.09 -651.34
 152.23  53.14 -646.19
 152.38  53.24 -644.85
 152.47  53.35 -647.80
 152.51  53.40 -648.53
 152.57  53.47 -648.30
 152.63  53.53 -646.31
 152.04  53.78 -718.90
 152.09  53.83 -718.00
 152.14  53.87 -716.30
 152.22  53.99 -716.18
 152.29  54.07 -713.71
 152.33  54.13 -712.20
 152.38  54.19 -709.15
 152.44  54.26 -704.87
 152.46  54.29 -703.56
 152.51  54.36 -700.19
 152.57  54.43 -696.07
 152.61  54.49 -694.42
 152.66  54.56 -692.96
 152.71  54.63 -692.25
 152.77  54.70 -691.15
 152.82  54.78 -692.72
 152.87  54.86 -695.06
 153.00  55.00 -697.14
 153.03  55.07 -702.35
 153.09  55.13 -705.03
 153.13  55.19 -709.84
 153.21  55.31 -720.52
 153.25  55.37 -725.97
 153.95  55.28 -663.29
 153.99  55.33 -667.52
 154.00  55.36 -671.13
 155.62  55.05 -468.99
 155.67  55.12 -471.09
 155.71  55.16 -470.76
 155.70  55.18 -473.54
 155.74  55.23 -473.64
 155.74  55.25 -475.26
 155.77  55.31 -476.77
 155.81  55.37 -476.92
 155.87  55.47 -477.75
 155.83  55.45 -480.66
 155.87  55.53 -482.36
 155.90  55.59 -483.78
 155.96  55.69 -485.26
 156.81  55.71 -413.52
 158.34  55.55 -282.84
 158.43  55.65 -284.95
 158.48  55.72 -286.83
 158.63  55.78 -280.67
 158.75  55.92 -281.27
 158.81  56.00 -281.85
 158.88  56.08 -281.31
 158.95  56.17 -280.79
 159.11  56.31 -275.43
