 163.93  54.86   -5.76
 163.89  54.78   -6.12
 163.84  54.69   -6.41
 163.79  54.61   -6.56
 163.73  54.52   -6.59
 163.67  54.44   -6.56
 163.61  54.36   -6.52
 163.55  54.28   -6.49
 163.46  54.21   -6.63
 163.39  54.14   -6.68
 163.32  54.07   -6.71
 163.25  53.99   -6.70
 163.18  53.91   -6.73
 163.11  53.82   -6.78
 163.05  53.73   -6.86
 162.99  53.64   -6.99
 162.93  53.56   -7.16
 162.89  53.47   -7.22
 162.84  53.38   -7.35
 162.79  53.29   -7.48
 162.71  53.20   -7.58
 162.63  53.12   -7.58
 162.56  53.05   -7.53
 162.48  52.96   -7.46
 162.40  52.88   -7.42
 162.32  52.81   -7.38
 162.24  52.72   -7.24
 162.17  52.64   -7.11
 162.10  52.56   -7.02
 162.03  52.48   -6.99
 161.96  52.40   -7.10
 161.90  52.32   -7.23
 161.85  52.24   -7.32
 161.78  52.16   -7.42
 161.70  52.08   -7.48
 161.61  52.01   -7.53
 161.52  51.94   -7.62
 161.41  51.87   -7.83
 161.32  51.80   -7.92
 161.22  51.74   -7.98
 161.11  51.66   -7.88
 161.02  51.59   -7.75
 160.92  51.52   -7.70
 160.83  51.44   -7.60
 160.75  51.37   -7.56
 160.67  51.30   -7.53
 160.60  51.22   -7.43
 160.52  51.14   -7.36
 160.45  51.06   -7.28
 160.38  50.98   -7.20
 160.31  50.90   -7.15
 160.22  50.83   -7.23
 160.13  50.76   -7.29
 160.04  50.69   -7.34
 159.95  50.62   -7.39
 159.84  50.56   -7.52
 159.74  50.49   -7.55
 159.67  50.41   -7.46
 159.60  50.33   -7.43
 159.52  50.26   -7.50
 159.43  50.19   -7.61
 159.36  50.13   -7.66
 159.26  50.05   -7.68
 159.16  49.96   -7.60
 159.07  49.88   -7.56
 158.99  49.81   -7.54
 158.90  49.73   -7.51
 158.81  49.65   -7.48
 158.73  49.57   -7.43
 158.65  49.50   -7.42
 158.57  49.41   -7.49
 158.40  49.38   -7.80
 158.26  49.34   -8.03
 158.14  49.28   -8.15
 158.03  49.23   -8.22
 157.92  49.16   -8.21
 157.82  49.09   -8.12
 157.71  49.04   -8.08
 157.57  48.99   -8.12
 157.45  48.93   -8.24
 157.36  48.87   -8.33
 157.27  48.80   -8.41
 157.20  48.73   -8.45
 157.13  48.65   -8.46
 157.07  48.57   -8.43
 157.01  48.49   -8.36
 156.94  48.41   -8.34
 156.84  48.34   -8.44
 156.76  48.27   -8.44
 156.66  48.20   -8.42
 156.56  48.14   -8.38
 156.44  48.08   -8.36
 156.34  48.03   -8.33
 156.24  47.97   -8.24
 156.12  47.90   -8.21
 156.03  47.84   -8.20
 155.94  47.77   -8.20
 155.84  47.70   -8.14
 155.74  47.63   -8.02
 155.65  47.56   -7.88
 155.55  47.49   -7.76
 155.46  47.42   -7.79
 155.37  47.34   -7.89
 155.29  47.27   -7.99
 155.20  47.20   -8.08
 155.12  47.13   -8.13
 155.04  47.06   -8.19
 154.95  46.98   -8.32
 154.86  46.91   -8.55
 154.77  46.85   -8.80
 154.73  46.75   -8.61
 154.70  46.65   -8.35
 154.59  46.59   -8.39
 154.47  46.54   -8.53
 154.37  46.48   -8.60
 154.27  46.40   -8.63
 154.18  46.34   -8.73
 154.08  46.26   -8.83
 153.99  46.20   -8.97
 153.93  46.12   -8.96
 153.86  46.03   -8.91
 153.80  45.95   -8.86
 153.69  45.89   -8.97
 153.57  45.84   -9.12
 153.46  45.78   -9.28
 153.36  45.72   -9.39
 153.26  45.66   -9.42
 153.16  45.61   -9.39
 153.05  45.55   -9.32
 152.94  45.48   -9.19
 152.85  45.42   -9.10
 152.74  45.36   -9.07
 152.64  45.30   -9.13
 152.55  45.24   -9.26
 152.46  45.18   -9.44
 152.36  45.12   -9.56
 152.26  45.06   -9.56
 152.16  45.00   -9.46
 152.07  44.93   -9.37
 151.99  44.87   -9.41
 151.89  44.81   -9.50
 151.79  44.75   -9.54
 151.69  44.70   -9.53
 151.59  44.64   -9.45
 151.50  44.59   -9.38
 151.38  44.53   -9.27
 151.28  44.48   -9.14
 151.17  44.43   -9.10
 151.07  44.38   -9.17
 150.97  44.33   -9.34
 150.86  44.28   -9.62
 150.74  44.23   -9.91
 150.63  44.19  -10.13
 150.51  44.14  -10.27
 150.40  44.10  -10.31
 150.29  44.05  -10.18
 150.17  44.00   -9.98
 150.08  43.96   -9.85
 149.97  43.90   -9.76
 149.93  43.81   -9.48
 149.81  43.77   -9.63
 149.70  43.73   -9.74
 149.59  43.68   -9.77
 149.49  43.63   -9.75
 149.39  43.57   -9.60
 149.30  43.51   -9.36
 149.20  43.45   -9.16
 149.11  43.39   -9.08
 149.02  43.33   -9.15
 148.55  43.03   -9.52
 148.46  42.97   -9.47
 148.37  42.91   -9.46
 148.28  42.85   -9.45
 148.18  42.79   -9.45
 148.08  42.73   -9.45
 147.98  42.67   -9.44
 147.89  42.62   -9.47
 147.79  42.56   -9.42
 147.68  42.50   -9.32
 147.58  42.45   -9.23
 147.46  42.38   -9.00
 147.36  42.33   -8.84
 147.27  42.27   -8.53
 147.17  42.21   -8.20
 147.07  42.15   -7.87
 146.98  42.09   -7.57
 146.88  42.03   -7.36
 146.78  41.99   -7.37
 146.66  41.95   -7.52
 146.56  41.90   -7.64
 146.46  41.84   -7.74
 146.37  41.80   -7.87
 146.26  41.74   -7.96
 146.14  41.69   -8.03
 146.05  41.65   -8.05
 145.95  41.59   -8.01
 145.86  41.53   -7.91
 145.77  41.47   -7.78
 145.67  41.42   -7.72
 145.56  41.38   -7.73
 145.45  41.35   -7.84
 145.36  41.31   -7.93
 145.26  41.27   -8.03
 145.15  41.22   -8.11
 145.04  41.18   -8.21
 144.92  41.13   -8.31
 144.84  41.11   -8.43
 144.73  41.07   -8.56
 144.65  41.02   -8.58
 144.63  40.94   -8.31
 144.62  40.87   -8.16
 144.61  40.72   -8.07
 144.59  40.70   -8.12
 144.55  40.63   -8.23
 144.49  40.57   -8.41
 144.45  40.49   -8.52
 144.42  40.41   -8.62
 144.39  40.34   -8.78
 144.36  40.27   -8.97
 144.32  40.19   -9.21
 144.30  40.11   -9.37
 144.27  40.02   -9.50
 144.26  39.94   -9.46
 144.24  39.85   -9.37
 144.23  39.79   -9.27
 144.23  39.70   -9.06
 144.23  39.61   -8.86
 144.23  39.52   -8.69
 144.21  39.43   -8.59
 144.20  39.36   -8.51
 144.20  39.27   -8.43
 144.19  39.18   -8.36
 144.18  39.09   -8.30
 144.15  38.99   -8.25
 144.11  38.89   -8.24
 144.09  38.80   -8.23
 144.06  38.72   -8.26
 144.04  38.62   -8.26
 144.01  38.52   -8.28
 143.99  38.42   -8.24
 143.97  38.32   -8.14
 143.94  38.23   -8.09
 143.92  38.12   -8.00
 143.91  38.02   -7.97
 143.89  37.93   -8.09
 143.87  37.83   -8.32
 143.85  37.73   -8.59
 143.81  37.63   -8.92
 143.78  37.56   -9.13
 143.74  37.47   -9.35
 143.68  37.37   -9.66
 143.63  37.27   -9.95
 143.58  37.19  -10.23
 143.54  37.10  -10.45
 143.49  37.01  -10.69
 143.45  36.94  -10.81
 143.40  36.85  -10.85
 143.35  36.76  -10.76
 143.30  36.68  -10.61
 143.24  36.61  -10.51
 143.16  36.53  -10.39
 143.09  36.44  -10.18
 143.03  36.36   -9.96
 143.00  36.27   -9.52
 142.94  36.19   -9.24
 142.82  36.13   -9.25
 142.70  36.08   -9.30
 142.60  36.00   -9.13
 142.55  35.92   -8.91
 142.51  35.82   -8.70
 142.48  35.73   -8.62
 142.45  35.64   -8.62
 142.42  35.55   -8.68
 142.39  35.46   -8.73
 142.36  35.37   -8.82
 142.33  35.29   -8.95
 142.39  35.15   -8.66
 142.26  35.10   -9.18
 142.31  34.98   -8.95
 142.27  34.89   -9.05
 142.24  34.80   -9.13
 142.20  34.72   -9.26
 142.15  34.63   -9.45
 142.11  34.54   -9.65
 142.07  34.45   -9.94
 142.02  34.37  -10.44
 142.16  33.42   -9.96
 142.17  33.33   -9.95
 142.18  33.24   -9.94
 142.19  33.17   -9.93
 142.20  33.08   -9.93
 142.21  32.99   -9.93
 142.22  32.92   -9.93
 142.23  32.81   -9.99
 142.24  32.74  -10.01
 142.24  32.66  -10.05
 142.25  32.58   -9.98
 142.26  32.43   -9.70
 142.26  32.41   -9.65
 142.26  32.32   -9.41
 142.27  32.23   -9.05
 142.27  32.15   -8.71
 142.27  32.04   -8.12
 142.28  31.99    0.00
 142.28  31.90    0.00
