144.855361 40.110362 0.000001
144.767634 39.895766 0.003959
144.680501 39.681072 0.011074
144.593953 39.466283 0.727864
144.507983 39.251398 1.547419
144.422582 39.036420 1.457409
144.337741 38.821350 0.508848
144.253452 38.606190 0.609541
144.169708 38.390941 3.475836
144.086500 38.175604 6.268736
144.003821 37.960180 5.615730
143.921663 37.744672 4.858216
143.840017 37.529080 5.543813
143.758878 37.313406 5.679239
143.678237 37.097651 4.576857
143.598087 36.881816 3.087181
143.518421 36.665903 2.050566
143.439232 36.449912 1.434774
143.360513 36.233846 0.864889
143.282257 36.017705 0.279425
143.204457 35.801491 0.010869
143.127106 35.585205 0.005235
143.050198 35.368847 0.004794
142.973727 35.152420 0.004400
142.897686 34.935924 0.003631
142.822068 34.719360 0.003138
142.746868 34.502730 0.002801
142.672079 34.286035 0.000001
144.578161 40.177021 0.000001
144.491187 39.962183 0.015949
144.404801 39.747249 3.438956
144.318995 39.532223 9.460999
144.233760 39.317105 14.181220
144.149087 39.101896 14.083347
144.064968 38.886598 10.546561
143.981396 38.671213 12.688496
143.898362 38.455741 27.831501
143.815858 38.240184 43.027506
143.733877 38.024544 42.059632
143.652411 37.808822 40.695577
143.571452 37.593019 46.046518
143.490993 37.377136 47.372952
143.411027 37.161175 40.552494
143.331546 36.945137 30.303856
143.252543 36.729023 22.236167
143.174012 36.512835 16.999095
143.095945 36.296573 12.603096
143.018335 36.080239 8.076392
142.941175 35.863835 3.944560
142.864460 35.647360 1.055552
142.788182 35.430818 0.005586
142.712335 35.214208 0.003470
142.636912 34.997531 0.003005
142.561908 34.780790 0.002487
142.487315 34.563985 0.002149
142.413129 34.347117 0.000001
144.300376 40.243036 0.000001
144.214164 40.027960 0.016240
144.128533 39.812791 4.998781
144.043476 39.597532 14.089374
143.958983 39.382184 21.604987
143.875047 39.166748 21.645618
143.791659 38.951226 14.591059
143.708811 38.735619 14.029689
143.626495 38.519929 34.477597
143.544703 38.304157 57.017493
143.463428 38.088304 47.208862
143.382661 37.872371 42.718028
143.302396 37.656361 56.606283
143.222625 37.440273 61.789421
143.143341 37.224110 51.131548
143.064536 37.007872 35.267750
142.986203 36.791562 25.455460
142.908336 36.575179 21.160227
142.830927 36.358726 17.351514
142.753970 36.142203 12.270107
142.677458 35.925612 7.039692
142.601384 35.708954 3.003772
142.525742 35.492229 0.658907
142.450525 35.275440 0.003238
142.375727 35.058588 0.002747
142.301342 34.841672 0.002309
142.227364 34.624696 0.001959
142.153786 34.407659 0.000001
144.022010 40.308403 0.000001
143.936569 40.093092 0.004768
143.851702 39.877692 4.161118
143.767402 39.662204 13.603537
143.683661 39.446630 23.275096
143.600469 39.230971 26.668281
143.517819 39.015229 22.040772
143.435703 38.799405 21.232923
143.354113 38.583501 33.761137
143.273040 38.367517 53.345030
143.192478 38.151455 32.327530
143.112419 37.935316 22.436229
143.032855 37.719102 44.609672
142.953779 37.502813 52.513823
142.875183 37.286452 38.082149
142.797061 37.070019 19.108466
142.719406 36.853515 13.249916
142.642210 36.636942 15.241375
142.565466 36.420301 15.520461
142.489169 36.203593 12.502420
142.413310 35.986819 8.680625
142.337884 35.769981 5.677479
142.262884 35.553079 3.030630
142.188304 35.336114 0.185043
142.114138 35.119089 0.002039
142.040378 34.902004 0.001760
141.967019 34.684859 0.001406
141.894056 34.467657 0.000001
143.743071 40.373117 0.000001
143.658409 40.157575 0.001870
143.574315 39.941947 1.446643
143.490781 39.726235 7.509955
143.407798 39.510439 15.875702
143.325359 39.294562 20.961912
143.243455 39.078603 18.630173
143.162079 38.862566 18.240741
143.081222 38.646451 24.591720
143.000877 38.430259 44.189100
142.921035 38.213992 41.222067
142.841690 37.997651 23.186133
142.762835 37.781237 33.714353
142.684461 37.564752 37.814942
142.606561 37.348196 20.123801
142.529129 37.131571 0.000968
142.452157 36.914878 0.002542
142.375639 36.698119 7.518855
142.299567 36.481294 10.572239
142.223936 36.264404 9.222170
142.148738 36.047452 7.337134
142.073966 35.830437 6.351348
141.999615 35.613361 4.884120
141.925678 35.396226 1.202743
141.852148 35.179031 0.002003
141.779020 34.961779 0.001245
141.706287 34.744471 0.000903
141.633944 34.527107 0.000001
143.467121 40.436367 0.000001
143.383236 40.220602 0.000992
143.299912 40.004754 0.001378
143.217142 39.788823 0.517295
143.134917 39.572813 4.150923
143.053229 39.356723 8.409240
142.972069 39.140556 12.650147
142.891431 38.924312 20.232147
142.811305 38.707992 30.816492
142.731685 38.491600 43.591131
142.652562 38.275134 38.305663
142.573930 38.058597 22.650964
142.495781 37.841990 27.122527
142.418107 37.625314 31.542223
142.340901 37.408570 18.807819
142.264157 37.191760 0.000914
142.187867 36.974884 0.001465
142.112024 36.757944 4.034850
142.036623 36.540942 5.195128
141.961655 36.323877 3.582077
141.887115 36.106752 2.501846
141.812996 35.889566 2.000335
141.739291 35.672323 0.551685
141.665994 35.455022 0.002941
141.593100 35.237664 0.001203
141.520601 35.020252 0.000527
141.448492 34.802785 0.000369
141.376767 34.585265 0.000001
143.193546 40.498309 0.000001
143.110438 40.282326 0.000444
143.027885 40.066263 0.000695
142.945879 39.850122 0.000844
142.864411 39.633902 0.000747
142.783474 39.417607 0.001289
142.703058 39.201236 2.345232
142.623157 38.984791 9.279370
142.543763 38.768274 19.697744
142.464867 38.551686 24.919664
142.386463 38.335028 14.839791
142.308542 38.118301 11.420737
142.231098 37.901507 18.676664
142.154124 37.684646 22.958260
142.077612 37.467720 18.437973
142.001555 37.250731 4.506468
141.925946 37.033678 0.000678
141.850778 36.816564 0.507672
141.776046 36.599389 1.460983
141.701741 36.382154 0.009936
141.627858 36.164862 0.004379
141.554390 35.947512 0.896207
141.481331 35.730106 0.833254
141.408675 35.512645 0.003069
141.336414 35.295130 0.000419
141.264544 35.077562 0.000181
141.193058 34.859943 0.000135
141.121950 34.642272 0.000001
142.918811 40.559754 0.000001
142.836490 40.343558 0.000254
142.754717 40.127285 0.000441
142.673484 39.910935 0.000887
142.592783 39.694510 0.002475
142.512605 39.478012 2.541092
142.432943 39.261442 3.841492
142.353788 39.044800 0.105043
142.275133 38.828089 1.942949
142.196971 38.611309 4.872823
142.119294 38.394462 5.142864
142.042094 38.177549 7.428153
141.965364 37.960571 6.777243
141.889098 37.743529 4.640693
141.813287 37.526424 3.619692
141.737925 37.309258 0.001973
141.663005 37.092032 0.000939
141.588521 36.874746 3.024640
141.514465 36.657403 4.625933
141.440831 36.440002 1.531712
141.367613 36.222546 0.672699
141.294804 36.005035 3.435113
141.222398 35.787470 3.889866
141.150388 35.569852 0.278106
141.078769 35.352183 0.000179
141.007535 35.134463 0.000084
140.936678 34.916694 0.000069
140.866194 34.698876 0.000001
142.648485 40.619479 0.000001
142.566945 40.403077 0.000154
142.485946 40.186601 0.000294
142.405480 39.970051 0.001939
142.325539 39.753429 2.135707
142.246115 39.536735 4.249266
142.167199 39.319973 6.364226
142.088785 39.103142 5.272076
142.010864 38.886243 7.827222
141.933429 38.669279 9.603674
141.856472 38.452250 9.517657
141.779986 38.235157 13.818260
141.703964 38.018002 13.287091
141.628399 37.800786 6.896775
141.553284 37.583510 6.321102
141.478611 37.366175 8.589532
141.404374 37.148782 6.987260
141.330567 36.931332 7.991006
141.257182 36.713826 7.855110
141.184213 36.496266 4.511986
141.111653 36.278653 3.337639
141.039497 36.060987 3.894453
140.967738 35.843269 0.660579
140.896369 35.625502 0.000201
140.825386 35.407685 0.000086
140.754780 35.189820 0.000047
140.684548 34.971907 0.000038
140.614682 34.753948 0.000001
142.383789 40.677245 0.000001
142.303020 40.460646 0.000085
142.222784 40.243974 0.000122
142.143075 40.027232 0.000144
142.063884 39.810421 0.000118
141.985203 39.593541 0.000088
141.907024 39.376594 0.000108
141.829340 39.159581 0.000168
141.752143 38.942504 0.000390
141.675425 38.725363 3.332895
141.599179 38.508160 0.000199
141.523398 38.290896 0.000102
141.448074 38.073572 0.000630
141.373201 37.856189 0.002824
141.298771 37.638749 0.000350
141.224778 37.421252 0.000347
141.151214 37.203699 0.000209
141.078074 36.986093 0.000146
141.005350 36.768432 0.000162
140.933037 36.550720 0.000285
140.861127 36.332957 0.002286
140.789614 36.115143 0.049504
140.718493 35.897280 0.000524
140.647756 35.679369 0.000150
140.577399 35.461412 0.000064
140.507414 35.243408 0.000037
140.437797 35.025359 0.000027
140.368541 34.807266 0.000001
142.120584 40.733988 0.000001
142.040586 40.517197 0.000065
141.961115 40.300336 0.000082
141.882164 40.083407 0.000088
141.803725 39.866412 0.000087
141.725788 39.649350 0.000110
141.648347 39.432224 0.000177
141.571395 39.215035 0.000219
141.494922 38.997784 0.000251
141.418922 38.780472 0.001498
141.343388 38.563100 0.000267
141.268313 38.345669 0.000205
141.193688 38.128181 2.234875
141.119507 37.910636 1.866990
141.045764 37.693036 0.000154
140.972451 37.475383 0.000096
140.899562 37.257675 0.000094
140.827090 37.039916 0.000067
140.755028 36.822106 0.000071
140.683371 36.604246 0.000121
140.612111 36.386337 0.000346
140.541243 36.168381 0.001467
140.470760 35.950377 0.000363
140.400656 35.732328 0.000115
140.330925 35.514234 0.000051
140.261561 35.296096 0.000030
140.192559 35.077915 0.000022
140.123913 34.859692 0.000001
141.857873 40.789933 0.000001
141.778651 40.572954 0.000244
141.699950 40.355909 0.000637
141.621761 40.138798 0.002746
141.544077 39.921622 0.159450
141.466889 39.704383 1.891786
141.390190 39.487083 1.465252
141.313972 39.269721 0.594728
141.238228 39.052300 1.619575
141.162951 38.834821 3.640494
141.088132 38.617284 2.722425
141.013765 38.399691 0.906779
140.939843 38.182043 3.799534
140.866359 37.964341 2.207307
140.793305 37.746586 0.000757
140.720676 37.528780 0.001202
140.648464 37.310922 2.220671
140.576663 37.093015 0.472417
140.505267 36.875059 0.015232
140.434268 36.657056 0.228203
140.363661 36.439005 0.161569
140.293440 36.220910 0.003849
140.223598 36.002769 0.000252
140.154130 35.784585 0.000085
140.085029 35.566359 0.000045
140.016289 35.348091 0.000030
139.947905 35.129782 0.000023
139.879871 34.911433 0.000001
