139.547653 39.185562 0.000000 -0.027548 019B
130.600006 31.823999 0.000000 -0.000087 AIRA
102.234985 51.769707 0.000000 0.003999 BADG
115.891998 39.609001 0.000000 -0.006899 BJFS
142.199997 27.070000 0.000000 -0.028187 CCJ2
125.444000 43.791000 0.000000 -0.010560 CHAN
145.742996 15.230000 0.000000 0.015147 CNMR
100.533936 13.735914 0.000000 -0.006714 CUSV
127.374001 36.398998 0.000000 -0.006704 DAEJ
135.928299 33.877003 0.000000 -0.005031 G000
135.087646 35.419525 0.000000 -0.007790 G001
135.340698 35.333458 0.000000 0.005291 G002
135.634216 35.155182 0.000000 -0.011166 G003
135.219940 34.326462 0.000000 -0.017396 G004
134.376114 34.760426 0.000000 -0.019631 G006
136.041901 34.710644 0.000000 -0.013017 G007
136.173141 34.493874 0.000000 -0.007401 G008
136.002640 34.292927 0.000000 -0.008941 G009
135.854797 34.241966 0.000000 -0.011035 G010
135.554001 33.940796 0.000000 -0.010057 G011
135.882095 33.668758 0.000000 0.004653 G012
135.533844 33.658344 0.000000 -0.027908 G013
134.195267 35.529858 0.000000 -0.023615 G014
133.495132 35.506935 0.000000 -0.023003 G015
133.869751 35.493202 0.000000 -0.024179 G016
134.155945 35.340591 0.000000 -0.023741 G017
132.921997 35.491909 0.000000 -0.016601 G018
133.192093 35.310692 0.000000 -0.024872 G019
132.902695 35.309727 0.000000 -0.022312 G020
132.669006 35.233078 0.000000 -0.024713 G021
132.385559 35.031902 0.000000 -0.026320 G022
132.685165 34.856747 0.000000 -0.011103 G023
132.109467 34.777946 0.000000 -0.014681 G024
131.810318 34.624344 0.000000 -0.032422 G025
133.680756 35.282959 0.000000 -0.018881 G026
133.912689 35.105026 0.000000 -0.020723 G027
133.800446 34.738079 0.000000 -0.023630 G028
133.972595 34.590286 0.000000 -0.023020 G029
132.902100 35.035213 0.000000 -0.013593 G030
132.908112 34.633671 0.000000 -0.016344 G031
133.341293 34.612202 0.000000 -0.000304 G032
133.140182 34.515621 0.000000 -0.060136 G033
132.691956 34.184635 0.000000 -0.024765 G035
132.531631 34.069233 0.000000 -0.016421 G036
131.735321 34.195274 0.000000 -0.022010 G037
132.052734 34.090061 0.000000 -0.014375 G038
131.113037 34.020523 0.000000 -0.015281 G039
132.119965 33.845917 0.000000 -0.015765 G040
134.457306 33.993687 0.000000 -0.014945 G041
134.211166 33.934563 0.000000 -0.031630 G042
134.175980 34.478535 0.000000 -0.019354 G044
133.899384 34.325920 0.000000 -0.021971 G045
133.350693 33.974171 0.000000 -0.018880 G046
133.047394 33.884090 0.000000 -0.005829 G047
132.798523 33.642731 0.000000 -0.035020 G048
132.743683 33.305054 0.000000 -0.003391 G049
132.633636 33.096088 0.000000 0.001800 G050
133.531021 33.625805 0.000000 -0.018765 G051
133.154495 33.607021 0.000000 -0.022495 G052
134.099319 33.497108 0.000000 -0.016646 G053
133.089539 33.416664 0.000000 -0.011366 G054
134.205536 33.394894 0.000000 -0.001670 G055
132.972137 33.193138 0.000000 -0.000623 G056
132.831467 32.961067 0.000000 -0.021141 G058
132.555435 32.738613 0.000000 -0.008904 G059
130.722427 33.929722 0.000000 -0.007146 G060
130.971115 33.867008 0.000000 -0.024593 G061
130.296906 33.683071 0.000000 0.003062 G062
130.675674 33.579769 0.000000 0.002133 G063
130.995422 33.564732 0.000000 -0.003254 G064
130.079269 33.503036 0.000000 -0.014339 G065
130.097214 33.292004 0.000000 -0.009325 G066
129.862946 33.073387 0.000000 -0.018165 G067
129.958954 32.768307 0.000000 -0.019721 G068
130.621765 33.060135 0.000000 -0.013347 G069
130.872650 32.995934 0.000000 -0.016798 G070
130.748367 32.709232 0.000000 -0.009566 G071
130.827347 32.396080 0.000000 -0.011308 G073
130.179886 32.367409 0.000000 -0.042251 G074
130.656494 32.343513 0.000000 -0.011887 G075
130.986389 32.292397 0.000000 -0.006560 G076
131.521149 33.514332 0.000000 -0.000630 G077
131.291672 33.383755 0.000000 -0.005805 G078
131.748413 33.096195 0.000000 0.004682 G079
132.039047 32.936356 0.000000 -0.022812 G080
131.441528 32.898895 0.000000 -0.000762 G081
131.629227 32.852222 0.000000 -0.006196 G082
131.364700 32.527931 0.000000 -0.020880 G083
131.583023 32.316231 0.000000 -0.013661 G084
131.347488 32.111889 0.000000 -0.009092 G085
131.254456 32.001804 0.000000 -0.012510 G086
130.976959 31.877796 0.000000 -0.003562 G087
131.470062 31.785973 0.000000 -0.017915 G088
130.735672 31.743780 0.000000 -0.018718 G089
130.998306 31.564604 0.000000 -0.012393 G090
130.340057 31.450253 0.000000 -0.013125 G091
130.540588 31.377237 0.000000 -0.009150 G092
130.867111 31.242748 0.000000 -0.014180 G093
127.993683 26.386345 0.000000 0.008341 G094
127.760361 26.312714 0.000000 0.008496 G095
127.677628 26.194576 0.000000 -0.006401 G096
153.978653 24.290094 0.000000 0.011507 G098
137.550842 36.114304 0.000000 0.018749 G099
138.727310 35.360771 0.000000 0.012967 G100
140.858307 43.209526 0.000000 0.009329 G101
139.489197 42.078789 0.000000 0.006944 G102
140.859207 40.897495 0.000000 0.035343 G103
139.703461 39.942116 0.000000 -0.013765 G104
139.545959 38.563339 0.000000 -0.034491 G105
140.249451 35.129383 0.000000 0.070083 G107
139.615540 35.160152 0.000000 0.042323 G108
138.281250 37.814758 0.000000 0.027209 G109
138.508514 37.356544 0.000000 0.039806 G110
136.900330 37.405727 0.000000 -0.014811 G111
136.148849 36.254585 0.000000 -0.015346 G112
139.132965 34.895485 0.000000 0.032953 G113
138.764206 34.806900 0.000000 0.002692 G114
138.327408 34.870670 0.000000 0.000241 G115
136.823837 34.903965 0.000000 -0.008280 G116
135.191544 34.144146 0.000000 -0.008170 G117
134.315933 35.593685 0.000000 -0.018815 G118
131.604645 34.627590 0.000000 -0.010835 G119
133.243500 33.333500 0.000000 -0.001827 G120
129.849289 33.473080 0.000000 -0.002630 G121
134.178116 33.266125 0.000000 0.011292 G122
130.191071 32.017410 0.000000 -0.000554 G123
127.824677 26.179472 0.000000 -0.007006 G124
132.982178 32.869484 0.000000 0.018802 G125
132.810654 32.762100 0.000000 0.026042 G126
137.814484 35.777534 0.000000 0.005689 G127
136.728745 35.405132 0.000000 -0.011800 G128
136.431931 34.603333 0.000000 -0.012239 G129
135.589935 33.747604 0.000000 -0.023640 G130
133.940872 33.722511 0.000000 -0.027492 G131
133.043228 33.545834 0.000000 -0.029315 G132
132.488770 33.039463 0.000000 -0.001287 G133
132.922653 33.391029 0.000000 -0.002549 G134
133.699570 35.490398 0.000000 -0.008075 G135
137.636871 34.702118 0.000000 0.039287 G136
131.384033 33.078835 0.000000 0.036530 G137
137.595978 36.576969 0.000000 -0.020401 G138
136.540482 34.285072 0.000000 -0.000127 G139
136.081070 20.425549 0.000000 0.018628 G140
132.961685 33.103912 0.000000 -0.016822 G141
132.675827 32.927689 0.000000 -0.019191 G142
136.295578 34.930733 0.000000 -0.002548 G143
138.794662 34.970566 0.000000 0.004432 G144
141.283188 38.901936 0.000000 0.213414 G145
135.426102 34.085499 0.000000 -0.001434 G146
131.835007 34.043789 0.000000 0.026709 G147
136.728226 34.490002 0.000000 -0.004906 G148
136.693192 34.296612 0.000000 -0.000297 G149
140.898788 42.557934 0.000000 0.050350 G150
132.650330 34.492138 0.000000 -0.018206 G151
133.924103 33.622295 0.000000 -0.019553 G152
134.114166 33.774574 0.000000 -0.007434 G153
135.305313 33.769405 0.000000 -0.008514 G154
135.970596 33.660805 0.000000 -0.010214 G155
136.024353 33.820427 0.000000 -0.010048 G156
132.339813 34.397049 0.000000 -0.013480 G157
136.772705 37.000721 0.000000 -0.019117 G158
141.054657 39.362015 0.000000 0.040302 G159
137.723373 34.672314 0.000000 0.041415 G160
137.442459 34.680382 0.000000 0.021905 G161
139.533829 38.511196 0.000000 -0.022466 G162
139.276184 36.602337 0.000000 0.025449 G163
132.268814 34.575432 0.000000 -0.010712 G164
141.685333 45.407822 0.000000 0.001488 G201
144.285797 44.019413 0.000000 0.007343 G202
144.371399 42.975571 0.000000 0.000822 G203
140.724533 41.781658 0.000000 0.038253 G204
139.824921 34.918789 0.000000 0.046378 G206
137.224579 36.762173 0.000000 -0.005928 G207
135.773193 33.475948 0.000000 -0.006971 G208
132.066208 34.897312 0.000000 -0.018659 G209
129.866196 32.735119 0.000000 -0.001350 G210
131.409302 31.576969 0.000000 -0.015803 G211
127.665207 26.213327 0.000000 -0.010057 G212
142.194611 27.093943 0.000000 -0.005516 G213
144.869995 13.590000 0.000000 -0.013539 GUAM
144.800003 13.430000 0.000000 -0.025063 GUUG
139.542297 36.295162 0.000000 0.033009 I001
140.174271 36.263268 0.000000 0.052620 I002
139.810532 36.203671 0.000000 0.056375 I003
140.544479 36.181309 0.000000 0.109571 I004
139.345169 36.120953 0.000000 0.047644 I005
140.343155 36.096935 0.000000 0.090795 I006
139.636719 36.087227 0.000000 0.051624 I007
139.799927 36.010895 0.000000 0.056762 I008
140.659241 35.955456 0.000000 0.131925 I009
140.402954 35.970409 0.000000 0.092181 I010
139.464279 35.925503 0.000000 0.060722 I011
139.992722 35.940292 0.000000 0.066811 I012
139.651855 35.937469 0.000000 0.062621 I013
140.145493 35.873650 0.000000 0.073925 I014
140.407013 35.803329 0.000000 0.113775 I015
139.812805 35.780212 0.000000 0.062764 I016
140.024750 35.786465 0.000000 0.083055 I018
139.488266 35.710369 0.000000 0.044202 I019
140.315140 35.717453 0.000000 0.085663 I020
140.646820 35.777302 0.000000 0.151478 I021
140.837234 35.726357 0.000000 0.135890 I022
139.902359 35.675465 0.000000 0.075852 I023
140.448303 35.642353 0.000000 0.109093 I024
140.186569 35.544144 0.000000 0.088286 I025
139.673355 35.563404 0.000000 0.056158 I026
140.318237 35.530117 0.000000 0.092515 I027
139.467834 35.521408 0.000000 0.062155 I028
139.322571 35.482639 0.000000 0.050952 I029
140.051331 35.447784 0.000000 0.069826 I030
139.045181 35.415352 0.000000 0.037123 I031
139.653748 35.436485 0.000000 0.077251 I032
140.337372 35.421127 0.000000 0.096577 I033
139.466064 35.326683 0.000000 0.039297 I034
139.262695 35.304901 0.000000 0.049590 I035
139.825516 35.311703 0.000000 0.069445 I036
140.146790 35.333141 0.000000 0.078647 I037
138.881653 35.321602 0.000000 0.015411 I038
139.843567 35.143711 0.000000 0.059013 I039
140.268021 35.165901 0.000000 0.077555 I041
139.110443 35.148605 0.000000 0.037711 I042
138.901855 35.110016 0.000000 0.015217 I043
140.079269 35.111862 0.000000 0.069759 I044
139.954346 35.254807 0.000000 0.069756 I045
138.997925 35.014828 0.000000 0.005218 I046
139.864075 34.954082 0.000000 0.031493 I047
139.131165 34.939308 0.000000 0.036616 I048
138.924820 34.916115 0.000000 0.013118 I049
137.672333 34.835331 0.000000 0.023183 I050
139.381393 34.784420 0.000000 0.023923 I051
138.017532 34.785950 0.000000 0.030813 I052
138.989822 34.751350 0.000000 0.015769 I053
139.433212 34.686787 0.000000 0.012631 I055
139.257904 34.371826 0.000000 0.069537 I057
139.134460 34.200478 0.000000 0.022755 I058
139.503845 34.121067 0.000000 0.055202 I059
139.547150 34.059113 0.000000 0.065219 I060
139.013687 34.921822 0.000000 0.034353 I061
139.124359 34.878475 0.000000 0.019938 I062
139.268127 35.723759 0.000000 0.042833 I063
138.975861 35.623348 0.000000 0.041092 I064
139.157227 35.610275 0.000000 0.045413 I065
139.204865 35.428520 0.000000 0.047931 I066
139.664841 35.267094 0.000000 0.054138 I067
139.049332 35.245514 0.000000 0.034864 I068
138.445251 35.443581 0.000000 0.010527 I069
138.814041 35.496590 0.000000 0.031818 I070
138.563431 35.362080 0.000000 0.031468 I071
138.770676 35.305538 0.000000 0.008823 I072
138.445694 35.289463 0.000000 0.003226 I073
138.253510 35.200977 0.000000 0.009077 I074
138.616989 35.203182 0.000000 0.002319 I075
138.721542 35.173592 0.000000 0.005753 I076
138.524704 35.067406 0.000000 0.009456 I077
138.368698 35.103458 0.000000 0.020854 I078
138.134903 35.103912 0.000000 0.021938 I079
138.378296 34.990524 0.000000 0.019671 I081
137.695236 35.079292 0.000000 0.017823 I084
138.786057 34.776073 0.000000 -0.002277 I085
138.838425 34.610001 0.000000 0.001383 I086
138.074860 34.939796 0.000000 0.025019 I088
137.932144 34.843857 0.000000 0.012693 I089
137.817947 34.941345 0.000000 0.003765 I090
138.136917 34.757755 0.000000 0.005190 I091
138.225601 34.738308 0.000000 -0.002305 I092
138.053543 34.715252 0.000000 0.033900 I093
138.129288 34.642902 0.000000 0.035129 I094
137.937439 34.670422 0.000000 0.034417 I095
137.911270 34.755394 0.000000 0.009984 I096
137.791794 34.792835 0.000000 0.023913 I097
137.823425 34.671883 0.000000 0.011163 I098
137.575485 34.937675 0.000000 0.001870 I099
137.434006 34.864815 0.000000 0.031559 I102
137.554337 34.808727 0.000000 0.024766 I103
137.514938 34.718052 0.000000 0.004515 I104
139.171036 35.040627 0.000000 0.040440 I105
139.797241 33.119949 0.000000 0.027728 I113
104.316177 52.219021 0.000000 0.002807 IRKJ
104.316238 52.219025 0.000000 0.001470 IRKM
104.316002 52.219002 0.000000 0.009225 IRKT
141.750443 45.402992 0.000000 -0.009001 J001
143.224182 44.433685 0.000000 0.005497 J002
141.756317 44.397949 0.000000 -0.002851 J003
144.675842 43.915691 0.000000 0.009590 J004
144.449005 43.507858 0.000000 -0.000932 J005
142.482483 43.589657 0.000000 0.008156 J007
141.510376 43.854012 0.000000 0.001065 J008
145.129623 43.070080 0.000000 -0.002096 J009
144.431931 42.963261 0.000000 0.004243 J010
143.459229 43.028625 0.000000 -0.042663 J011
142.401978 42.980515 0.000000 0.012342 J012
141.030914 43.177853 0.000000 -0.000814 J013
141.730667 42.983253 0.000000 0.016882 J014
143.331009 42.321594 0.000000 0.053934 J015
142.364609 42.356903 0.000000 0.041073 J016
139.857666 42.450733 0.000000 0.002903 J017
140.942413 42.374214 0.000000 0.027158 J018
143.156525 42.005856 0.000000 0.015075 J019
139.519592 42.153545 0.000000 0.029368 J020
140.107330 42.008076 0.000000 0.042594 J021
140.747833 41.826073 0.000000 0.025724 J022
140.040649 41.466377 0.000000 0.066500 J023
141.213272 41.300774 0.000000 0.047376 J024
140.272980 40.778984 0.000000 0.021007 J026
141.789093 40.133450 0.000000 -0.043363 J027
141.939957 39.572384 0.000000 -0.004891 J028
141.203918 39.110626 0.000000 0.100301 J029
139.776154 39.967903 0.000000 -0.011434 J030
140.048233 39.398697 0.000000 -0.024479 J031
139.808853 38.894604 0.000000 -0.044698 J032
140.318741 38.758595 0.000000 -0.103510 J033
140.366089 38.331028 0.000000 -0.068034 J035
141.441162 38.449196 0.000000 0.316152 J036
140.954178 38.317486 0.000000 0.210777 J037
140.908081 37.800671 0.000000 0.172058 J038
139.791504 37.643696 0.000000 -0.031241 J040
140.902512 37.090714 0.000000 0.133903 J041
140.611832 36.539928 0.000000 0.050809 J042
139.726425 36.401848 0.000000 0.049567 J043
138.906265 36.697025 0.000000 0.035552 J044
138.865402 36.259033 0.000000 0.031293 J045
137.851120 36.499767 0.000000 0.023229 J046
137.943802 35.923580 0.000000 0.026111 J047
138.583298 35.590336 0.000000 0.060960 J048
139.509567 38.230690 0.000000 -0.039884 J049
138.988861 37.896469 0.000000 0.014039 J050
138.574402 37.397678 0.000000 0.038541 J051
137.487228 36.928959 0.000000 -0.005034 J052
136.889160 37.382374 0.000000 -0.016658 J053
136.649933 36.663410 0.000000 -0.014871 J054
136.172974 36.231174 0.000000 -0.030820 J055
136.105804 35.602562 0.000000 0.010867 J056
135.233383 35.549904 0.000000 -0.006042 J057
137.347916 36.135994 0.000000 -0.003327 J058
137.248367 35.800484 0.000000 -0.001962 J059
136.900024 35.526073 0.000000 -0.015147 J060
137.467575 35.396767 0.000000 -0.001297 J061
136.158234 35.094727 0.000000 0.017974 J062
137.041290 35.128109 0.000000 0.009282 J063
136.502289 34.758999 0.000000 -0.004260 J064
136.851135 34.465389 0.000000 0.028557 J065
136.198364 34.060658 0.000000 -0.009037 J066
135.500977 34.837997 0.000000 -0.022805 J067
135.851410 34.392300 0.000000 -0.016121 J068
135.221497 34.157684 0.000000 -0.017547 J069
135.764420 33.483360 0.000000 -0.011174 J070
134.550385 34.784813 0.000000 -0.015403 J071
133.058655 35.433876 0.000000 0.011795 J074
132.208969 35.002811 0.000000 -0.014762 J075
131.610367 34.616493 0.000000 -0.017692 J076
133.527985 34.548798 0.000000 -0.019593 J077
132.575439 34.340355 0.000000 -0.021225 J078
130.913635 33.996555 0.000000 -0.007218 J079
134.023911 34.286026 0.000000 -0.016536 J080
134.626022 33.926857 0.000000 0.013442 J081
134.122131 33.315895 0.000000 -0.020636 J082
133.578262 33.529148 0.000000 -0.006292 J083
133.241791 33.272900 0.000000 -0.047742 J084
132.966415 32.755737 0.000000 -0.017168 J085
132.281174 33.469009 0.000000 -0.012360 J086
130.476776 33.730721 0.000000 -0.006346 J087
131.691376 33.461544 0.000000 0.003332 J088
130.967819 33.331085 0.000000 -0.009238 J089
131.876373 32.924587 0.000000 0.005932 J090
129.850296 33.476070 0.000000 0.010749 J091
130.645599 32.546410 0.000000 -0.001992 J093
131.632324 32.445446 0.000000 -0.002205 J094
131.469681 32.021755 0.000000 0.002621 J095
130.190140 32.013245 0.000000 -0.018810 J096
130.466446 31.503769 0.000000 0.009137 J097
130.299484 31.264591 0.000000 -0.007232 J098
131.087540 31.258533 0.000000 0.002672 J099
127.768921 26.144814 0.000000 -0.009565 J100
142.169739 45.335827 0.000000 0.000511 J101
141.038208 45.275967 0.000000 0.009582 J102
142.537094 45.002399 0.000000 0.002928 J103
141.741394 44.892460 0.000000 -0.003882 J104
142.265244 44.728497 0.000000 0.004711 J105
141.330063 44.427048 0.000000 0.007581 J106
142.625595 44.294567 0.000000 0.004143 J107
144.029770 44.063873 0.000000 0.009264 J108
145.186096 44.019184 0.000000 0.007569 J109
142.151688 44.006779 0.000000 0.001016 J110
143.333694 44.005619 0.000000 -0.007543 J111
143.926941 42.894516 0.000000 -0.000727 J112
144.986969 43.549397 0.000000 0.001693 J113
143.787262 43.848896 0.000000 0.008096 J114
145.131439 43.661823 0.000000 0.003238 J115
144.774323 43.408688 0.000000 -0.004210 J116
141.431183 43.404678 0.000000 0.000307 J117
145.114960 43.382526 0.000000 0.010508 J118
145.801132 43.366852 0.000000 -0.002271 J119
140.597076 43.292583 0.000000 0.011735 J120
143.562424 43.289471 0.000000 -0.006123 J121
144.325027 43.232933 0.000000 -0.001707 J122
143.298019 43.231995 0.000000 0.001043 J123
144.126526 43.120609 0.000000 -0.009246 J124
144.843018 43.057594 0.000000 -0.005319 J125
140.499176 43.056828 0.000000 -0.000081 J126
140.543945 42.985252 0.000000 0.005804 J127
141.290329 42.971378 0.000000 0.017351 J128
140.883347 42.857887 0.000000 0.020639 J129
140.603516 42.802719 0.000000 0.004962 J130
140.233200 42.786434 0.000000 0.014441 J131
141.863983 42.729443 0.000000 0.026261 J132
142.295807 42.727238 0.000000 0.019569 J133
143.103256 42.699268 0.000000 0.003371 J134
141.074951 42.667877 0.000000 0.012282 J135
141.602264 42.655529 0.000000 0.010754 J136
140.825684 42.646290 0.000000 0.019788 J137
143.461151 42.551647 0.000000 0.018622 J138
141.361481 42.549801 0.000000 0.031801 J139
140.354202 42.494362 0.000000 0.015360 J140
142.060226 42.481281 0.000000 0.026352 J141
142.567459 42.247726 0.000000 0.007675 J142
140.250488 42.243679 0.000000 0.027519 J143
142.935394 42.130936 0.000000 0.039513 J144
140.003952 42.130848 0.000000 0.009284 J145
140.568863 42.098606 0.000000 0.019751 J146
140.805542 42.042969 0.000000 0.044869 J147
140.315887 41.599026 0.000000 0.033440 J149
140.880508 41.455299 0.000000 0.045250 J150
140.635895 41.043221 0.000000 0.044356 J151
141.367966 40.968243 0.000000 0.042710 J152
141.197830 40.625069 0.000000 0.029785 J153
139.928116 40.577644 0.000000 0.004616 J154
140.578140 40.523655 0.000000 -0.011351 J155
141.511276 40.515358 0.000000 0.009671 J156
141.076477 40.291077 0.000000 0.007500 J157
141.713135 40.405201 0.000000 -0.009284 J158
141.293686 40.291149 0.000000 0.007959 J159
141.461945 40.048599 0.000000 0.003681 J160
141.225067 39.980576 0.000000 0.001334 J161
141.950546 39.869370 0.000000 -0.075218 J162
141.164856 39.851246 0.000000 0.008374 J163
141.803848 39.849174 0.000000 -0.059608 J164
140.964508 39.701092 0.000000 -0.016835 J165
141.172104 39.596573 0.000000 0.037474 J166
141.955261 39.458160 0.000000 0.039834 J167
141.534164 39.338055 0.000000 0.013353 J169
141.798035 39.253517 0.000000 0.128195 J170
141.739853 39.023781 0.000000 0.188053 J171
141.572586 38.902859 0.000000 0.207694 J172
140.990585 38.815342 0.000000 0.166775 J173
140.801636 38.748936 0.000000 0.022786 J174
141.449371 38.682697 0.000000 0.257540 J175
141.147537 38.539482 0.000000 0.260270 J176
140.851364 38.411758 0.000000 0.142328 J177
140.642853 38.205742 0.000000 0.041183 J178
140.843994 38.029659 0.000000 0.182678 J179
140.442581 37.989929 0.000000 -0.023970 J180
140.577347 40.325047 0.000000 -0.014912 J181
140.263657 40.271156 0.000000 0.002885 J182
140.787338 40.215439 0.000000 -0.028612 J183
140.048676 40.247295 0.000000 0.001986 J184
140.401993 40.006878 0.000000 -0.024819 J185
140.132370 39.936054 0.000000 -0.010964 J186
140.597046 39.749161 0.000000 -0.108611 J187
140.234207 39.658310 0.000000 -0.028763 J188
140.386627 39.549294 0.000000 -0.052821 J189
140.559784 39.327003 0.000000 -0.071518 J190
139.907715 39.206062 0.000000 -0.024244 J191
140.161987 39.164211 0.000000 -0.042836 J192
140.629593 39.051903 0.000000 -0.179003 J193
139.547653 39.185562 0.000000 -0.028090 J194
139.957367 38.759720 0.000000 -0.060947 J195
139.831772 38.594036 0.000000 -0.071883 J196
139.742249 38.146175 0.000000 -0.068653 J197
140.093521 37.963608 0.000000 -0.067126 J198
140.077576 38.197544 0.000000 -0.077409 J199
140.466492 37.683308 0.000000 0.072326 J200
140.755081 37.560555 0.000000 0.112632 J201
140.072678 37.566948 0.000000 -0.041303 J202
141.006607 37.533691 0.000000 0.172792 J203
139.528625 37.473461 0.000000 -0.010492 J204
140.662109 37.325470 0.000000 0.096386 J205
139.364349 37.302799 0.000000 -0.020508 J206
139.503769 37.281490 0.000000 -0.009133 J207
139.871429 37.261070 0.000000 -0.027035 J209
140.259933 37.126293 0.000000 0.072116 J210
140.561646 37.089294 0.000000 0.066829 J211
140.413269 36.862091 0.000000 0.068088 J212
140.293427 36.650566 0.000000 0.090742 J213
140.753906 36.800308 0.000000 0.093258 J214
140.077942 36.364914 0.000000 0.050158 J215
140.476334 36.344368 0.000000 0.070373 J216
140.039261 36.854233 0.000000 0.046257 J217
139.619247 36.665985 0.000000 0.023791 J218
139.923462 36.598946 0.000000 0.034823 J219
139.224899 36.769691 0.000000 0.010157 J220
138.552719 36.507996 0.000000 0.025021 J221
139.330383 36.421627 0.000000 0.035138 J222
139.075684 35.986893 0.000000 0.039188 J223
139.795990 35.895969 0.000000 0.063244 J224
140.048096 35.657207 0.000000 0.069332 J225
140.384903 35.243244 0.000000 0.095303 J226
139.974884 35.002792 0.000000 0.061598 J227
139.630646 35.663696 0.000000 0.066263 J228
139.162598 35.336208 0.000000 0.040761 J229
139.142410 35.268600 0.000000 0.049597 J230
139.253342 38.465393 0.000000 -0.011348 J231
138.513092 38.319347 0.000000 0.005521 J232
138.471680 38.063278 0.000000 0.020205 J233
139.351471 37.929382 0.000000 -0.003884 J234
138.273071 37.815903 0.000000 0.032686 J235
139.477890 37.685905 0.000000 -0.016853 J236
138.780502 37.667522 0.000000 0.003146 J237
139.059113 37.662296 0.000000 0.034206 J238
138.998016 37.467720 0.000000 0.021652 J239
138.789978 37.311314 0.000000 0.072964 J240
138.333572 37.231121 0.000000 0.055460 J241
138.933716 37.166035 0.000000 0.037042 J242
138.100189 37.160789 0.000000 0.028509 J243
138.608719 37.079132 0.000000 0.045834 J244
137.873840 37.045174 0.000000 0.019997 J245
138.830841 36.993458 0.000000 0.031557 J246
138.198669 36.865402 0.000000 0.046686 J247
136.996124 36.740620 0.000000 -0.000119 J248
137.195190 36.634335 0.000000 -0.003897 J249
137.439896 36.578705 0.000000 -0.000599 J250
136.920563 36.401878 0.000000 -0.013433 J251
136.919266 37.850494 0.000000 -0.004105 J252
137.270050 37.446026 0.000000 -0.000940 J253
136.388947 36.394455 0.000000 -0.024473 J255
136.633942 36.165291 0.000000 -0.016982 J256
136.278946 36.145618 0.000000 -0.009791 J257
136.504929 35.984909 0.000000 -0.016783 J258
135.989761 35.945004 0.000000 -0.017335 J259
136.197388 35.792782 0.000000 -0.016952 J260
135.907639 35.534409 0.000000 -0.015131 J261
135.608887 35.462715 0.000000 -0.024654 J262
138.316391 35.855980 0.000000 0.034532 J263
138.695129 35.746876 0.000000 0.038037 J264
138.436172 36.801708 0.000000 0.042600 J265
137.872330 36.706470 0.000000 0.033716 J266
138.247467 36.665154 0.000000 0.033505 J267
138.322525 36.386177 0.000000 0.035707 J268
138.637802 36.346012 0.000000 0.034284 J269
137.902817 36.322372 0.000000 0.035478 J270
138.216492 36.208466 0.000000 0.019077 J271
138.460968 36.130638 0.000000 0.042789 J272
137.983017 36.121109 0.000000 0.045266 J273
137.696259 35.783619 0.000000 0.008500 J274
138.038315 35.556129 0.000000 0.012265 J275
137.815231 35.521091 0.000000 0.008288 J276
137.925278 35.317142 0.000000 0.008747 J277
137.587662 35.246998 0.000000 -0.004346 J278
137.147171 36.335510 0.000000 -0.002366 J279
136.952759 36.033047 0.000000 -0.013943 J280
137.534866 35.973457 0.000000 0.006682 J281
136.863174 35.866940 0.000000 -0.016183 J282
136.975296 35.757782 0.000000 -0.015496 J283
137.424774 35.657188 0.000000 0.001203 J284
136.488770 35.636154 0.000000 -0.014134 J285
136.611389 35.632896 0.000000 -0.002727 J286
137.174149 35.612087 0.000000 0.005303 J287
136.687286 35.488323 0.000000 -0.013180 J288
137.124695 35.478699 0.000000 -0.008636 J289
136.549744 35.371708 0.000000 0.001944 J291
137.110229 35.367371 0.000000 0.001623 J292
137.405609 35.261967 0.000000 0.012835 J293
136.593445 35.227905 0.000000 -0.015522 J294
137.980408 35.031517 0.000000 -0.018604 J295
138.515671 34.986496 0.000000 0.028004 J296
138.922256 34.865589 0.000000 0.005740 J297
136.929977 35.334759 0.000000 -0.006924 J298
136.828827 35.190105 0.000000 -0.004375 J299
137.253555 35.138752 0.000000 -0.010923 J300
137.313171 35.039463 0.000000 -0.003322 J301
137.059784 34.994991 0.000000 0.016718 J302
137.299942 34.919746 0.000000 -0.005062 J303
136.867645 34.823357 0.000000 -0.008973 J304
137.119003 34.794872 0.000000 -0.012056 J305
137.277832 34.648663 0.000000 0.004866 J306
137.068069 34.609238 0.000000 -0.003079 J307
136.636505 34.913803 0.000000 -0.024025 J309
136.183456 34.742874 0.000000 -0.011353 J310
136.550659 34.547047 0.000000 -0.004058 J311
136.334259 34.433140 0.000000 -0.006549 J312
136.820618 34.253441 0.000000 0.000251 J314
136.085907 33.875137 0.000000 -0.016067 J315
136.010895 33.741272 0.000000 -0.000566 J316
136.197952 35.557331 0.000000 -0.012421 J317
136.053665 35.466286 0.000000 -0.013410 J318
135.913208 35.351254 0.000000 -0.003327 J319
136.062820 35.318974 0.000000 0.001636 J320
136.235611 35.269440 0.000000 -0.011689 J321
135.870804 35.137039 0.000000 -0.008033 J322
136.145035 34.986385 0.000000 0.001254 J323
135.906158 34.939602 0.000000 -0.007393 J324
136.054825 34.869328 0.000000 -0.014947 J326
135.173218 35.752354 0.000000 -0.013639 J327
134.932281 35.555683 0.000000 -0.014444 J328
135.164032 35.292336 0.000000 -0.011689 J329
135.366898 35.163788 0.000000 -0.002959 J331
135.564514 35.077583 0.000000 -0.011760 J332
135.665436 34.988571 0.000000 0.000000 J333
135.864151 34.746971 0.000000 -0.006779 J334
135.685455 34.777840 0.000000 -0.004487 J335
135.518494 34.677906 0.000000 -0.017560 J336
135.481339 34.527309 0.000000 0.001532 J337
135.627335 34.479107 0.000000 -0.013758 J338
135.586945 34.424809 0.000000 0.001485 J339
135.364151 34.406452 0.000000 -0.009352 J340
134.582489 35.436749 0.000000 -0.021130 J341
134.818497 35.314899 0.000000 -0.020155 J342
135.181900 35.105286 0.000000 -0.016909 J343
134.585953 35.094456 0.000000 -0.014178 J344
134.972595 35.090786 0.000000 -0.015764 J345
134.403778 34.997593 0.000000 -0.007116 J346
134.767303 34.984684 0.000000 -0.015608 J347
135.325989 34.976788 0.000000 -0.003172 J348
135.176422 34.944794 0.000000 -0.015513 J349
134.545242 34.897266 0.000000 -0.011964 J350
135.215912 34.812187 0.000000 -0.007266 J351
134.997238 34.804916 0.000000 0.009826 J352
135.341782 34.790905 0.000000 0.007183 J353
134.828781 34.786961 0.000000 -0.014309 J354
135.380386 34.724251 0.000000 -0.011769 J355
135.172287 34.686989 0.000000 -0.017506 J356
134.519562 34.669880 0.000000 0.003338 J357
134.965698 34.669739 0.000000 -0.015429 J358
135.024078 34.577053 0.000000 -0.010489 J359
134.860977 34.493320 0.000000 -0.001275 J360
134.881531 34.349770 0.000000 -0.003682 J361
134.735184 34.334332 0.000000 -0.017291 J362
134.736542 34.223671 0.000000 -0.016074 J363
136.050385 34.567032 0.000000 0.012114 J364
135.731003 34.539223 0.000000 0.009838 J365
135.704178 34.388302 0.000000 0.005682 J366
135.963745 34.038166 0.000000 0.001331 J367
135.357956 34.256138 0.000000 -0.002810 J368
135.065979 34.271461 0.000000 -0.015256 J369
135.590118 34.221828 0.000000 0.006807 J370
135.384857 33.961674 0.000000 -0.036649 J371
135.180084 33.913853 0.000000 -0.016926 J372
135.782089 33.815201 0.000000 -0.044543 J373
135.508392 33.785488 0.000000 -0.020300 J374
135.396179 33.744274 0.000000 0.017105 J375
135.920715 33.583912 0.000000 0.010766 J376
135.599197 33.505619 0.000000 -0.011382 J377
134.046677 35.456753 0.000000 -0.015696 J378
133.439072 35.345535 0.000000 0.004602 J379
134.237366 35.265862 0.000000 -0.012789 J380
133.308533 35.164574 0.000000 -0.009647 J381
133.239883 36.285290 0.000000 -0.012150 J382
132.984375 36.093208 0.000000 -0.019740 J383
132.743210 35.392616 0.000000 -0.023233 J384
132.995422 35.195614 0.000000 -0.009496 J385
132.507324 35.185955 0.000000 -0.019949 J386
132.720505 35.019772 0.000000 -0.001910 J387
131.923141 34.767345 0.000000 -0.013090 J388
133.792480 35.263538 0.000000 -0.009552 J389
134.319641 35.099640 0.000000 -0.018467 J390
134.234772 35.020882 0.000000 -0.008334 J391
133.734497 35.002960 0.000000 -0.021926 J392
133.960861 34.982544 0.000000 -0.020372 J393
133.598083 34.809692 0.000000 -0.004136 J394
133.929047 34.791386 0.000000 -0.014596 J395
134.165756 34.657722 0.000000 -0.007830 J396
133.796738 34.438568 0.000000 -0.048323 J397
133.120224 34.943451 0.000000 -0.004030 J398
132.277328 34.726898 0.000000 -0.018743 J399
132.540237 34.678814 0.000000 -0.009207 J400
133.107529 34.672451 0.000000 -0.001511 J401
132.824005 34.571301 0.000000 -0.000764 J402
132.463470 34.539158 0.000000 -0.032302 J403
133.009796 34.378685 0.000000 0.010558 J405
131.416550 34.439861 0.000000 -0.017259 J407
130.943146 34.294609 0.000000 -0.001606 J408
131.562790 34.283737 0.000000 -0.040702 J409
131.953293 34.259083 0.000000 -0.027060 J410
131.346085 34.189491 0.000000 -0.009790 J411
131.530823 34.057240 0.000000 -0.003257 J412
131.286041 33.977715 0.000000 -0.003166 J413
132.104446 33.975067 0.000000 0.003374 J414
134.351974 34.096989 0.000000 0.004471 J415
134.560135 34.059906 0.000000 -0.024159 J416
134.049179 34.051498 0.000000 -0.004631 J417
134.230225 34.038418 0.000000 -0.004798 J418
133.681290 33.936672 0.000000 -0.002140 J419
134.389099 33.878933 0.000000 -0.018885 J420
134.058197 33.877514 0.000000 -0.013030 J421
134.667801 33.830242 0.000000 -0.014891 J422
134.533005 33.725090 0.000000 0.000235 J423
134.372025 33.618500 0.000000 -0.008520 J424
134.314209 34.472374 0.000000 -0.021965 J425
134.241974 34.254578 0.000000 -0.011857 J426
133.715057 34.217396 0.000000 -0.012775 J427
133.647522 34.068073 0.000000 -0.016067 J428
133.925507 34.164169 0.000000 -0.016668 J429
132.990234 34.077888 0.000000 0.001990 J430
133.538239 33.938660 0.000000 -0.003174 J431
133.201309 33.921204 0.000000 -0.005281 J432
132.911636 33.796497 0.000000 -0.014594 J433
132.683975 33.722599 0.000000 -0.022553 J434
132.937881 33.569225 0.000000 -0.017021 J435
132.693405 33.446766 0.000000 -0.008795 J436
132.561829 32.963905 0.000000 0.000254 J437
133.655777 33.766975 0.000000 -0.006791 J438
133.805023 33.654152 0.000000 -0.014445 J439
134.106903 33.603786 0.000000 -0.025426 J440
134.280807 33.527760 0.000000 -0.003806 J441
133.903641 33.505737 0.000000 -0.005292 J442
133.280914 33.468403 0.000000 -0.002196 J443
134.007126 33.427795 0.000000 0.007047 J444
133.402985 33.407703 0.000000 -0.008227 J445
132.792694 33.171646 0.000000 -0.010290 J447
132.999237 32.991234 0.000000 -0.015111 J448
132.703720 32.840607 0.000000 -0.046305 J449
130.250824 33.536140 0.000000 0.014423 J450
130.521957 33.500378 0.000000 0.016493 J451
130.828751 33.465462 0.000000 -0.012248 J452
130.564651 33.205875 0.000000 -0.001829 J453
130.268723 33.274853 0.000000 0.000392 J454
130.094162 33.098476 0.000000 0.002362 J455
129.482056 34.655552 0.000000 -0.014947 J456
129.311508 34.268208 0.000000 -0.016014 J457
129.734726 33.742657 0.000000 -0.012148 J458
129.537018 33.362202 0.000000 -0.004194 J459
129.690659 33.063103 0.000000 0.003233 J460
130.271332 32.870686 0.000000 0.016685 J461
128.843109 32.669384 0.000000 0.019291 J462
130.154602 32.636913 0.000000 -0.001407 J463
130.547729 32.933495 0.000000 -0.005851 J464
130.764801 32.842098 0.000000 0.000019 J465
131.099304 32.740650 0.000000 -0.014464 J466
129.987305 32.326241 0.000000 -0.011803 J467
130.506836 32.299156 0.000000 -0.004320 J468
130.802628 32.238674 0.000000 -0.016531 J469
131.564163 33.671192 0.000000 -0.006343 J470
131.168930 33.496235 0.000000 -0.002076 J471
131.347275 33.254044 0.000000 0.010659 J472
131.798065 33.239437 0.000000 -0.010192 J473
131.286087 33.009029 0.000000 -0.002850 J474
131.587845 32.986858 0.000000 0.011805 J475
131.756836 32.704018 0.000000 0.001034 J476
131.327621 32.684834 0.000000 -0.004224 J477
131.148865 32.456642 0.000000 -0.019717 J478
131.185226 32.245857 0.000000 -0.003965 J479
131.515854 32.170433 0.000000 0.016198 J480
131.078568 31.965048 0.000000 0.006783 J481
131.021515 31.740314 0.000000 -0.016959 J482
131.368866 31.676546 0.000000 -0.005280 J483
131.217392 31.469376 0.000000 0.010931 J484
130.597809 32.057503 0.000000 0.003390 J485
130.759674 31.855528 0.000000 -0.021564 J486
129.795441 31.768684 0.000000 -0.010446 J487
130.278152 31.717379 0.000000 0.037700 J488
130.836060 31.617376 0.000000 -0.012614 J489
130.640366 31.235224 0.000000 -0.018034 J490
130.723053 31.106205 0.000000 0.000044 J491
130.964218 30.530867 0.000000 -0.002934 J492
130.638382 30.381721 0.000000 -0.002255 J493
129.489029 28.399088 0.000000 0.018835 J494
128.432327 27.032185 0.000000 -0.011965 J495
127.898453 26.694811 0.000000 0.002365 J496
131.227798 25.831211 0.000000 -0.006159 J497
125.373795 24.753119 0.000000 0.009142 J498
122.942841 24.454168 0.000000 -0.010805 J499
123.792038 24.426273 0.000000 -0.004818 J500
141.167099 45.137711 0.000000 -0.005926 J501
142.964462 44.582043 0.000000 0.013021 J502
143.615677 44.219723 0.000000 0.006153 J503
143.076813 44.191944 0.000000 0.005498 J504
144.293304 43.988789 0.000000 0.002793 J505
142.577713 43.908405 0.000000 0.000346 J506
144.115250 43.828079 0.000000 0.012408 J507
142.409607 43.738522 0.000000 0.009800 J508
141.873840 43.740841 0.000000 0.013059 J509
142.903015 43.771412 0.000000 0.011035 J510
143.578156 43.670502 0.000000 0.012591 J511
145.258957 43.232105 0.000000 -0.003705 J512
144.079620 43.438835 0.000000 0.041572 J513
142.395340 43.336266 0.000000 0.003291 J514
144.597656 43.307011 0.000000 -0.007097 J515
141.890930 43.248409 0.000000 0.013242 J516
140.860611 43.209507 0.000000 0.008212 J517
142.809723 43.165527 0.000000 0.001901 J518
145.520493 43.195164 0.000000 0.020358 J519
141.540115 43.077587 0.000000 0.027526 J520
143.170563 42.938862 0.000000 0.008110 J521
141.577423 42.884430 0.000000 0.028302 J522
141.407089 42.773190 0.000000 0.021910 J523
140.767624 42.551380 0.000000 0.018767 J525
140.876373 42.473904 0.000000 0.033166 J526
139.446152 42.060505 0.000000 0.009016 J527
140.666870 42.123142 0.000000 0.024437 J528
140.715439 41.976688 0.000000 0.039201 J529
140.071228 41.803028 0.000000 0.024022 J530
144.719147 42.982571 0.000000 -0.000890 J531
143.315689 42.125587 0.000000 0.024259 J532
141.447586 41.404705 0.000000 0.045784 J533
140.490768 41.185078 0.000000 0.044409 J534
140.821991 41.145546 0.000000 0.033435 J535
141.131805 40.862362 0.000000 0.033774 J537
140.589218 40.706276 0.000000 0.029601 J538
141.376205 40.676399 0.000000 0.022064 J539
140.478531 40.624344 0.000000 0.020778 J540
140.803345 40.643566 0.000000 0.011288 J541
140.451569 40.910175 0.000000 0.031457 J542
141.066330 39.953079 0.000000 -0.033727 J543
140.769180 39.351299 0.000000 -0.073774 J544
141.575485 39.143089 0.000000 0.101660 J546
141.675293 39.596127 0.000000 -0.017416 J547
140.847870 38.546215 0.000000 0.093237 J548
141.212906 38.425056 0.000000 0.281873 J549
141.500687 38.301186 0.000000 0.308363 J550
139.848938 39.891136 0.000000 0.005901 J551
140.044724 39.825809 0.000000 -0.010894 J552
140.732849 39.702682 0.000000 -0.108633 J553
140.506699 39.199097 0.000000 -0.085219 J554
139.927490 39.015972 0.000000 -0.043586 J555
140.365158 38.496769 0.000000 -0.089950 J556
140.271133 38.148098 0.000000 -0.054306 J557
140.205658 37.615952 0.000000 -0.071727 J559
140.372894 37.620731 0.000000 0.053466 J560
140.135880 37.424507 0.000000 -0.008833 J561
139.586166 37.097248 0.000000 -0.013141 J563
139.461685 38.056183 0.000000 -0.024650 J564
138.369888 38.023685 0.000000 0.022173 J565
138.706940 37.535831 0.000000 0.038746 J566
138.516373 37.348541 0.000000 0.047841 J567
139.020248 37.319870 0.000000 0.035763 J568
138.242584 37.056683 0.000000 0.044867 J569
137.893875 36.950871 0.000000 0.025546 J570
139.073914 37.752064 0.000000 0.024290 J571
137.369522 36.736958 0.000000 0.008076 J572
137.031891 36.649563 0.000000 0.003484 J573
137.138550 37.306969 0.000000 -0.002725 J574
136.718765 37.156746 0.000000 -0.013438 J575
136.996063 37.123158 0.000000 -0.011199 J576
136.755646 36.817478 0.000000 -0.001706 J577
136.605331 36.370068 0.000000 -0.018484 J578
136.184998 35.968887 0.000000 -0.003247 J579
136.055984 35.836842 0.000000 -0.013347 J580
140.497604 36.743027 0.000000 0.053543 J581
139.987762 36.300705 0.000000 0.037914 J582
139.931503 36.114815 0.000000 0.061633 J583
140.202438 36.031338 0.000000 0.082364 J584
140.164764 36.952305 0.000000 0.058963 J585
139.805740 36.979580 0.000000 -0.011243 J586
139.854263 36.776371 0.000000 0.053034 J587
140.157684 36.692455 0.000000 0.034190 J588
139.490585 36.624172 0.000000 0.037654 J589
140.179306 36.542217 0.000000 0.036894 J590
138.591446 36.616318 0.000000 0.031143 J591
139.066635 36.234669 0.000000 0.041272 J592
138.912415 36.142754 0.000000 0.029333 J593
139.434021 34.761543 0.000000 0.033616 J594
139.358582 34.737614 0.000000 0.034397 J595
139.270935 34.519634 0.000000 0.011585 J596
139.210938 34.333122 0.000000 -0.004758 J597
139.137573 34.239914 0.000000 0.029844 J598
139.478806 34.075783 0.000000 0.009225 J600
139.612854 33.884125 0.000000 0.024642 J601
139.764618 32.463501 0.000000 -0.001917 J602
142.162766 26.635151 0.000000 0.003488 J603
138.690384 35.649517 0.000000 0.046344 J606
139.025772 35.511868 0.000000 0.052252 J607
137.984543 36.239029 0.000000 0.043744 J608
137.871750 36.228371 0.000000 0.034348 J609
138.499283 36.284714 0.000000 0.027928 J610
137.682632 36.084663 0.000000 0.015470 J611
138.214478 36.026161 0.000000 0.034852 J612
138.583023 35.974148 0.000000 0.039560 J613
137.598267 35.880001 0.000000 0.007670 J614
137.983887 35.726292 0.000000 0.022272 J615
137.676392 35.343735 0.000000 0.010920 J616
136.904266 36.261467 0.000000 -0.015166 J617
137.363022 36.285645 0.000000 -0.001777 J618
137.200668 35.911633 0.000000 -0.005962 J619
138.776520 34.855034 0.000000 0.006057 J620
138.928360 35.204395 0.000000 0.010514 J621
138.098282 34.679924 0.000000 0.033579 J622
138.182968 34.677753 0.000000 0.025836 J623
138.046524 34.666409 0.000000 0.027556 J624
138.159042 34.634541 0.000000 0.010001 J625
138.906891 35.047241 0.000000 0.011981 J626
140.086304 36.103634 0.000000 0.061892 J627
138.939331 34.698906 0.000000 -0.004538 J628
137.073563 35.239086 0.000000 -0.034322 J629
136.965805 35.168423 0.000000 -0.013149 J630
136.862747 34.984394 0.000000 -0.014555 J631
136.831879 34.904385 0.000000 -0.018722 J632
136.694244 35.050911 0.000000 0.004685 J633
136.393265 34.854900 0.000000 -0.007710 J634
136.329758 34.648750 0.000000 -0.002277 J635
136.628403 34.431442 0.000000 0.017026 J636
136.342926 34.208157 0.000000 -0.007698 J637
136.264740 35.420357 0.000000 -0.012368 J638
136.041199 35.085724 0.000000 -0.010753 J639
135.034042 35.685078 0.000000 -0.000859 J640
135.415833 35.482216 0.000000 -0.012529 J641
135.549530 35.275860 0.000000 -0.013337 J642
135.773300 35.053135 0.000000 -0.005202 J643
135.772400 34.952641 0.000000 -0.011083 J644
134.677383 35.621201 0.000000 -0.025712 J645
134.728714 35.461262 0.000000 -0.013855 J646
135.022034 35.237881 0.000000 -0.017834 J647
134.771225 35.162743 0.000000 -0.015896 J648
134.945038 34.936188 0.000000 0.006679 J649
135.528351 34.311840 0.000000 -0.012960 J650
135.167740 34.025391 0.000000 -0.000093 J652
135.496201 33.554413 0.000000 -0.015613 J653
133.339691 35.436008 0.000000 -0.021735 J654
134.325272 35.361443 0.000000 -0.017703 J655
133.137894 35.563534 0.000000 -0.019629 J656
132.457321 34.892658 0.000000 -0.017426 J657
132.013565 34.571064 0.000000 -0.029701 J658
131.864319 34.439720 0.000000 -0.022366 J659
133.563995 35.169662 0.000000 -0.019699 J660
133.396271 34.993362 0.000000 -0.021366 J662
132.851578 34.811604 0.000000 -0.000399 J663
133.337631 34.777790 0.000000 0.006786 J664
132.194656 34.370346 0.000000 -0.028149 J665
132.455551 34.260921 0.000000 -0.012318 J666
132.884384 34.210068 0.000000 -0.018907 J667
131.152390 34.764347 0.000000 -0.020878 J668
131.176163 34.342087 0.000000 0.014596 J669
131.065674 34.179771 0.000000 0.003014 J670
132.358337 33.909935 0.000000 0.007058 J672
134.605026 34.171810 0.000000 -0.002759 J673
133.874985 34.039738 0.000000 -0.004402 J674
134.301468 33.789532 0.000000 -0.004998 J675
133.998672 34.445454 0.000000 -0.013403 J676
133.780670 34.383400 0.000000 -0.010677 J677
133.189102 34.252445 0.000000 0.014775 J678
132.781738 33.959473 0.000000 -0.000621 J679
132.487259 33.611595 0.000000 0.019637 J680
132.543762 33.177589 0.000000 0.033695 J681
133.228470 33.326908 0.000000 0.023027 J683
133.128632 33.215431 0.000000 -0.001935 J684
130.749557 33.745506 0.000000 -0.008779 J685
131.016525 33.697403 0.000000 -0.019345 J686
130.823883 33.640465 0.000000 -0.006640 J687
130.701157 33.327225 0.000000 -0.013933 J688
129.940094 33.196030 0.000000 0.018056 J689
129.690018 33.266121 0.000000 0.009623 J690
129.125504 33.255791 0.000000 0.000000 J691
129.026337 32.885628 0.000000 0.000000 J692
130.166428 32.795700 0.000000 -0.011250 J693
130.335953 32.793015 0.000000 -0.001832 J694
130.216660 32.712292 0.000000 -0.019503 J695
130.352280 32.722572 0.000000 0.011054 J696
130.290710 32.660652 0.000000 -0.009986 J697
128.619354 32.634274 0.000000 0.012410 J698
131.062897 33.121956 0.000000 0.024031 J699
130.748627 33.011292 0.000000 0.000228 J700
130.996216 32.870747 0.000000 -0.027503 J701
130.794907 32.576725 0.000000 -0.005611 J702
131.093430 32.950653 0.000000 -0.008616 J703
131.132156 32.845001 0.000000 -0.004746 J704
131.356644 33.537125 0.000000 0.000429 J705
131.588425 33.349854 0.000000 0.003000 J706
131.121140 33.270271 0.000000 -0.002281 J707
131.579483 33.228428 0.000000 0.008361 J709
130.915741 33.190575 0.000000 -0.008723 J710
131.530670 32.557049 0.000000 0.017886 J711
131.334015 32.384399 0.000000 -0.013470 J712
131.486023 32.069107 0.000000 -0.011117 J713
130.865631 32.047718 0.000000 -0.023686 J714
131.306305 31.842098 0.000000 -0.002046 J715
131.305862 31.399105 0.000000 -0.009323 J716
130.179657 32.197075 0.000000 0.024821 J717
130.439651 31.908840 0.000000 0.008900 J718
130.651886 31.624098 0.000000 -0.016623 J719
130.708542 31.591841 0.000000 -0.009069 J720
130.637360 31.552221 0.000000 -0.004916 J721
130.699402 31.496153 0.000000 -0.014330 J722
130.274979 30.784655 0.000000 -0.005005 J723
131.028595 30.753325 0.000000 -0.003380 J724
130.198242 30.461390 0.000000 -0.002726 J725
130.903229 30.398676 0.000000 0.003374 J726
130.424377 30.395756 0.000000 -0.014467 J727
130.554550 30.236353 0.000000 -0.014595 J728
129.705750 29.615330 0.000000 -0.012593 J729
129.693573 28.487219 0.000000 0.008650 J730
130.028961 28.371132 0.000000 0.012806 J731
129.921677 28.293980 0.000000 0.012167 J732
129.320450 28.137583 0.000000 0.007117 J733
128.894470 27.816637 0.000000 0.018888 J734
128.650726 27.401239 0.000000 -0.014085 J735
127.945053 26.944489 0.000000 -0.008202 J736
128.248367 26.859344 0.000000 0.002784 J737
128.144028 26.708273 0.000000 -0.008696 J738
127.231628 26.582876 0.000000 -0.007328 J739
127.972397 26.482731 0.000000 0.001132 J740
127.832733 26.446926 0.000000 0.008410 J741
127.143646 26.372936 0.000000 -0.001850 J742
126.739151 26.347830 0.000000 -0.009337 J743
127.345245 26.178795 0.000000 -0.007614 J744
127.826187 26.168608 0.000000 -0.002720 J745
131.290680 25.953726 0.000000 -0.011036 J746
125.170975 24.827959 0.000000 0.013064 J747
124.692444 24.641615 0.000000 -0.005768 J748
124.301285 24.536625 0.000000 -0.000691 J749
124.172653 24.338877 0.000000 0.005841 J750
123.795853 24.061501 0.000000 0.000928 J751
139.056732 36.539257 0.000000 0.042865 J752
139.269333 36.003735 0.000000 0.045042 J753
139.182205 35.884048 0.000000 0.040268 J754
139.365967 35.800800 0.000000 0.058190 J755
140.249161 35.288383 0.000000 0.109307 J756
139.369904 35.616428 0.000000 0.063027 J758
139.613846 35.160866 0.000000 0.041406 J759
135.789841 34.882030 0.000000 -0.000824 J760
135.618820 34.621052 0.000000 0.004656 J761
134.659668 34.864120 0.000000 -0.020754 J762
135.706024 34.698334 0.000000 0.009435 J763
135.819870 34.574001 0.000000 -0.000022 J764
134.175797 34.809566 0.000000 -0.003325 J765
133.757019 34.579147 0.000000 -0.014994 J766
133.288116 34.450439 0.000000 -0.012366 J767
132.820221 34.334873 0.000000 0.013362 J768
132.219131 34.191181 0.000000 0.024011 J769
129.954849 33.372181 0.000000 -0.000323 J770
130.444519 33.346489 0.000000 -0.013623 J771
129.989685 32.945587 0.000000 0.013405 J772
130.430450 32.581673 0.000000 -0.000756 J773
130.085190 32.524532 0.000000 0.002866 J774
130.323639 32.426273 0.000000 -0.012137 J775
130.469452 31.675102 0.000000 -0.006265 J776
130.135757 31.415892 0.000000 -0.006990 J777
141.598236 45.219769 0.000000 0.013809 J778
142.351837 45.126774 0.000000 -0.011457 J779
142.717911 44.780170 0.000000 -0.002838 J780
141.793915 44.639927 0.000000 0.011343 J781
142.264526 44.365128 0.000000 0.008896 J782
141.664597 44.148754 0.000000 0.018018 J783
144.506409 43.722778 0.000000 -0.000459 J784
141.370590 43.624329 0.000000 -0.006959 J785
142.643066 43.431633 0.000000 0.027668 J787
143.901993 43.101692 0.000000 -0.006582 J788
142.870056 43.013653 0.000000 0.011218 J789
142.084595 42.933773 0.000000 0.005130 J790
143.494965 42.806507 0.000000 0.007037 J791
141.081055 42.420547 0.000000 0.041946 J792
143.151978 42.486412 0.000000 0.030652 J793
140.371231 41.934853 0.000000 0.033497 J794
141.452591 39.849018 0.000000 0.016203 J795
140.988449 39.127007 0.000000 0.048106 J796
140.645630 37.984406 0.000000 0.106027 J797
140.822906 40.044975 0.000000 -0.087490 J798
140.094635 38.434341 0.000000 -0.114720 J799
140.841644 37.018448 0.000000 0.064589 J800
139.402237 37.036934 0.000000 -0.056979 J801
138.944824 36.778061 0.000000 0.044183 J802
140.199921 38.288982 0.000000 -0.081462 J803
139.521927 35.419270 0.000000 0.064692 J804
139.226044 37.828159 0.000000 -0.002573 J805
138.880447 37.776989 0.000000 0.017858 J806
138.779541 37.498657 0.000000 0.037325 J807
138.456818 35.673695 0.000000 0.005720 J809
138.920273 37.589737 0.000000 0.032146 J810
137.528778 35.575092 0.000000 0.002840 J811
136.470306 35.359730 0.000000 -0.026132 J812
138.973862 35.114166 0.000000 0.023154 J813
138.876465 34.719475 0.000000 0.000851 J814
138.609970 35.117153 0.000000 -0.011824 J815
138.209976 35.066975 0.000000 0.030902 J817
138.081680 35.044884 0.000000 0.015679 J818
137.946808 34.902050 0.000000 0.011633 J819
138.176743 34.849415 0.000000 0.016839 J820
137.680771 34.752041 0.000000 0.029880 J821
136.788818 35.300838 0.000000 -0.007785 J822
134.588211 35.283344 0.000000 -0.014552 J823
136.096985 34.179951 0.000000 -0.016140 J824
135.735184 33.969482 0.000000 -0.024178 J825
135.708786 33.637173 0.000000 -0.026012 J826
134.393433 34.217796 0.000000 -0.014820 J827
132.046097 33.367970 0.000000 -0.017509 J828
132.475342 33.384373 0.000000 -0.022665 J829
133.362640 33.704285 0.000000 -0.011941 J830
130.464996 33.097355 0.000000 0.001949 J831
129.720718 32.839611 0.000000 -0.014737 J832
131.206802 33.127842 0.000000 0.026350 J833
130.360657 32.098434 0.000000 0.016627 J834
130.238968 31.906164 0.000000 -0.009532 J835
130.408005 31.796021 0.000000 0.011451 J836
130.599594 31.824060 0.000000 -0.007524 J837
138.762787 34.690254 0.000000 -0.012062 J838
138.331223 34.836166 0.000000 0.007500 J840
139.069901 34.949757 0.000000 0.060006 J841
138.249893 34.954346 0.000000 -0.019876 J842
134.049545 35.174889 0.000000 -0.020139 J843
140.810532 40.834408 0.000000 0.024480 J844
140.324387 37.361824 0.000000 0.075093 J845
133.461807 33.818356 0.000000 -0.013101 J846
137.868759 35.160450 0.000000 0.010429 J847
141.955246 45.514114 0.000000 -0.009177 J848
141.881790 45.230106 0.000000 -0.009498 J849
142.292252 44.990505 0.000000 0.011518 J850
142.021774 44.916065 0.000000 0.010948 J851
142.038712 44.743240 0.000000 -0.009163 J852
142.571167 44.546501 0.000000 0.003275 J853
142.935837 44.332294 0.000000 0.014122 J854
141.872177 44.317665 0.000000 -0.007209 J855
143.364594 44.260853 0.000000 0.000732 J856
142.400894 44.165474 0.000000 0.003391 J857
142.601242 44.114449 0.000000 0.011417 J858
144.993500 44.065033 0.000000 0.010898 J859
141.860748 44.052105 0.000000 0.009036 J860
143.534149 43.909927 0.000000 0.004022 J861
142.236542 43.889290 0.000000 0.010728 J862
143.176697 43.878723 0.000000 0.010503 J863
145.056870 43.794029 0.000000 0.001286 J864
142.132309 43.725658 0.000000 0.006133 J865
143.381088 43.710323 0.000000 0.013178 J866
142.794403 43.646908 0.000000 0.012538 J867
143.991730 43.644562 0.000000 0.001905 J868
145.220367 43.555996 0.000000 -0.002922 J869
144.719040 43.545929 0.000000 0.005233 J870
142.187607 43.521576 0.000000 0.018036 J871
141.616776 43.504215 0.000000 -0.001901 J872
143.753860 43.473579 0.000000 0.006704 J873
143.187042 43.366470 0.000000 0.009749 J874
140.378281 43.320705 0.000000 0.007321 J875
141.345963 43.240528 0.000000 0.024932 J876
141.652023 43.220894 0.000000 0.005950 J877
144.970734 43.218189 0.000000 -0.001073 J878
143.027756 43.171329 0.000000 0.005770 J879
142.567032 43.165047 0.000000 0.014378 J880
144.496490 43.149391 0.000000 0.000959 J881
141.203293 43.140396 0.000000 0.021185 J882
143.597702 43.123894 0.000000 -0.000742 J883
140.811111 43.082596 0.000000 0.009442 J884
142.532257 42.890633 0.000000 0.015696 J885
143.655533 42.800343 0.000000 0.003578 J886
142.953690 42.803341 0.000000 0.011766 J887
140.011780 42.685337 0.000000 0.012603 J888
143.312790 42.673962 0.000000 0.009977 J889
142.395920 42.554260 0.000000 0.021115 J890
142.767944 42.277233 0.000000 0.023645 J891
140.929337 41.740593 0.000000 0.041644 J892
140.535019 41.711327 0.000000 0.038419 J893
141.094467 41.466160 0.000000 0.046423 J894
140.983810 41.199665 0.000000 0.050191 J895
141.385696 41.160934 0.000000 0.048070 J896
140.293533 41.121723 0.000000 0.057741 J897
140.011002 40.730633 0.000000 0.010932 J898
141.106018 40.579983 0.000000 0.013549 J899
141.332001 40.508759 0.000000 0.016632 J901
140.941589 40.447632 0.000000 0.005733 J902
141.484863 40.271042 0.000000 0.014147 J903
141.046463 40.106747 0.000000 -0.042589 J904
141.662186 39.970955 0.000000 -0.028319 J905
141.970230 39.738960 0.000000 -0.105852 J906
141.426132 39.639370 0.000000 0.054273 J907
140.836319 39.554455 0.000000 -0.046705 J908
141.292999 39.464695 0.000000 0.066434 J909
141.311676 39.235374 0.000000 0.107003 J910
141.400848 39.012108 0.000000 0.180049 J911
141.148529 38.995464 0.000000 0.156457 J912
140.833191 38.934029 0.000000 -0.045789 J913
141.317856 38.743221 0.000000 0.250029 J914
141.004333 38.686134 0.000000 0.183801 J915
141.160721 38.660629 0.000000 0.248047 J916
140.727722 38.571812 0.000000 0.008990 J917
141.304398 38.509842 0.000000 0.308376 J918
140.943695 38.177120 0.000000 0.190691 J919
140.727661 37.824600 0.000000 0.137779 J920
140.027573 40.339397 0.000000 -0.002816 J921
140.408157 40.183315 0.000000 -0.021995 J922
140.005493 40.099701 0.000000 0.001524 J923
140.535858 39.921391 0.000000 -0.080031 J924
140.053925 39.527565 0.000000 -0.020121 J925
140.596085 39.508137 0.000000 -0.072841 J926
140.278931 39.296745 0.000000 -0.048265 J927
140.715057 39.146202 0.000000 -0.151176 J928
140.447327 39.054379 0.000000 -0.093994 J929
140.183472 38.938103 0.000000 -0.063672 J930
140.497253 38.752155 0.000000 -0.094037 J931
139.674530 38.701168 0.000000 -0.041283 J932
140.220505 38.628414 0.000000 -0.106445 J933
140.393875 38.170441 0.000000 -0.092869 J934
139.879410 37.920586 0.000000 -0.065489 J935
140.446793 37.833496 0.000000 0.047208 J936
139.972656 37.669289 0.000000 -0.083673 J937
140.571655 37.591091 0.000000 0.100684 J938
139.835526 37.461288 0.000000 -0.003199 J939
140.464035 37.444870 0.000000 0.057028 J940
139.686340 37.326210 0.000000 -0.022777 J941
140.212738 37.293041 0.000000 0.042659 J942
140.450974 37.210564 0.000000 0.102786 J943
140.716003 37.183090 0.000000 0.089047 J944
140.376266 37.023582 0.000000 0.082079 J945
140.690155 36.932621 0.000000 0.007638 J946
140.385696 36.475849 0.000000 0.049208 J947
140.035416 37.124699 0.000000 0.013086 J948
139.505310 36.872246 0.000000 -0.026226 J949
139.752792 36.537632 0.000000 0.031774 J950
139.902512 36.456581 0.000000 0.033458 J951
139.060852 36.837357 0.000000 0.027650 J952
138.847885 36.591377 0.000000 0.031242 J954
139.016708 36.395348 0.000000 0.029799 J955
139.254639 36.267693 0.000000 0.053776 J956
138.702988 36.200268 0.000000 0.030207 J957
138.926056 35.929928 0.000000 0.069196 J958
139.968475 35.143803 0.000000 0.059414 J959
139.366058 35.391487 0.000000 0.063055 J960
139.111450 37.540340 0.000000 0.007387 J961
138.634598 37.212112 0.000000 0.040018 J962
139.247101 37.157616 0.000000 -0.009250 J963
138.457352 37.107086 0.000000 0.051829 J964
140.296494 36.778957 0.000000 0.059410 J965
137.026428 36.919510 0.000000 -0.012756 J966
137.551331 36.864346 0.000000 -0.004442 J967
137.154480 36.757950 0.000000 -0.001867 J968
136.806396 36.592091 0.000000 -0.021479 J969
137.239227 36.472801 0.000000 -0.022449 J970
137.033936 37.432259 0.000000 -0.023946 J971
136.908768 37.226437 0.000000 -0.005860 J972
136.540680 36.537266 0.000000 -0.027379 J973
136.361649 36.229565 0.000000 -0.013472 J974
136.048950 36.109734 0.000000 -0.025644 J975
136.657745 35.901413 0.000000 -0.017817 J976
136.339584 35.888218 0.000000 -0.015080 J977
135.755646 35.486572 0.000000 -0.013009 J978
138.444214 35.904934 0.000000 0.023108 J979
138.949997 35.753872 0.000000 0.046022 J980
138.606873 35.467693 0.000000 0.015633 J981
138.624252 36.856686 0.000000 0.036069 J982
138.096725 36.706646 0.000000 0.025880 J983
138.120941 36.523605 0.000000 0.030006 J984
138.366043 36.260986 0.000000 0.040154 J985
137.785431 35.944603 0.000000 0.015068 J986
138.095703 35.878418 0.000000 0.026939 J987
137.450882 35.815552 0.000000 -0.001555 J988
137.620163 35.661228 0.000000 0.008940 J989
137.080521 36.140263 0.000000 -0.009192 J990
136.784622 35.723488 0.000000 0.005196 J991
137.309097 35.523129 0.000000 -0.003501 J992
136.545288 35.480061 0.000000 0.000841 J993
137.252319 35.300552 0.000000 -0.005206 J994
137.575333 35.100021 0.000000 0.006511 J995
137.152390 34.917339 0.000000 0.001918 J996
137.338776 34.785915 0.000000 -0.012645 J997
136.938477 34.740051 0.000000 0.018930 J998
136.474457 34.420326 0.000000 -0.007885 J999
139.488007 35.709999 0.000000 0.054018 KGNI
135.046005 48.521000 0.000000 -0.015380 KHAJ
130.878571 31.425312 0.000000 0.000426 KNYA
140.658005 35.955002 0.000000 0.120294 KSMV
102.796997 25.030001 0.000000 0.011660 KUNM
150.810379 59.577644 0.000000 -0.051570 MAGJ
153.979996 24.290001 0.000000 0.002945 MCIL
141.132996 39.134998 0.000000 0.103800 MIZU
139.559998 35.680000 0.000000 0.065147 MTKA
100.713654 14.043016 0.000000 -0.006380 NIMT
127.768921 26.144817 0.000000 -0.005232 OKN1
158.649994 53.020000 0.000000 -0.035540 PETS
121.080002 14.640000 0.000000 0.000353 PIMO
130.878571 31.425308 0.000000 0.009159 S004
141.844818 43.528645 0.000000 0.016714 S005
142.195023 27.067532 0.000000 -0.003328 S007
139.081970 35.006851 0.000000 0.044919 S106
139.101685 34.971863 0.000000 0.060916 S107
140.087189 36.106113 0.000000 0.070284 S110
121.199997 31.100000 0.000000 -0.007104 SHAO
135.936951 33.577854 0.000000 -0.018514 SMST
141.845001 43.528999 0.000000 0.027389 STK2
127.054001 37.276001 0.000000 0.000420 SUWN
120.989998 24.799999 0.000000 -0.002916 TCMS
120.989998 24.799999 0.000000 0.000527 TNML
140.089996 36.110001 0.000000 0.060322 TSK2
140.087006 36.105999 0.000000 0.047323 TSKB
121.160004 24.950001 0.000000 -0.002915 TWTF
107.050003 47.869999 0.000000 0.000793 ULAB
138.362000 36.132999 0.000000 0.054046 USUD
114.357002 30.532000 0.000000 -0.005410 WUHN
142.720001 47.029999 0.000000 -0.000438 YSSK
136.503754 35.104763 0.000000 -0.005237 Z101
138.185791 35.322075 0.000000 0.006224 Z102
137.423126 34.967480 0.000000 0.023176 Z103
136.981750 34.543915 0.000000 0.033818 Z104
136.802002 34.373581 0.000000 0.026626 Z105
136.388489 34.297928 0.000000 0.031499 Z106
136.139969 33.932949 0.000000 0.020910 Z107
135.743454 34.155849 0.000000 -0.004918 Z108
135.290344 34.090851 0.000000 0.020105 Z109
135.399124 33.854500 0.000000 0.013662 Z110
135.871094 33.799084 0.000000 0.010939 Z111
135.406006 33.647251 0.000000 0.003244 Z112
135.834137 33.520081 0.000000 0.018620 Z113
134.510025 33.932796 0.000000 0.003686 Z114
133.796951 33.838840 0.000000 -0.011930 Z115
134.484558 33.821980 0.000000 0.013258 Z116
132.564697 33.510353 0.000000 0.031337 Z117
132.360382 33.202183 0.000000 -0.004593 Z118
133.431702 33.545727 0.000000 0.018995 Z119
133.699844 33.542534 0.000000 0.021923 Z120
134.056198 33.367382 0.000000 0.005640 Z121
132.974030 33.312130 0.000000 0.042275 Z123
132.822083 33.060120 0.000000 0.004403 Z124
141.669920 35.502980 0.000000 -0.134907 _CHS
142.083120 37.166010 0.000000 -0.568736 _FUK
143.362340 38.887930 0.000000 -0.253825 _KMN
143.263500 38.636440 0.000000 -0.171070 _KMS
142.916670 38.082940 0.000000 -0.266982 _MGI
142.433270 38.150560 0.000000 -0.502806 _MGW
