139.547653 39.185562 0.000000 -0.025750 019B (139.54765,39.18556)
130.600006 31.823999 0.000000 -0.001860 AIRA (130.60001,31.82400)
102.234985 51.769707 0.000000 -0.000230 BADG (102.23499,51.76971)
115.891998 39.609001 0.000000 -0.000150 BJFS (115.89200,39.60900)
142.199997 27.070000 0.000000 -0.000378 CCJ2 (142.20000,27.07000)
125.444000 43.791000 0.000000 -0.001762 CHAN (125.44400,43.79100)
145.742996 15.230000 0.000000 -0.000013 CNMR (145.74300,15.23000)
100.533936 13.735914 0.000000 -0.000094 CUSV (100.53394,13.73591)
127.374001 36.398998 0.000000 -0.002560 DAEJ (127.37400,36.39900)
135.928299 33.877003 0.000000 -0.006922 G000 (135.92830,33.87700)
135.087646 35.419525 0.000000 -0.012826 G001 (135.08765,35.41953)
135.340698 35.333458 0.000000 -0.012916 G002 (135.34070,35.33346)
135.634216 35.155182 0.000000 -0.012468 G003 (135.63422,35.15518)
135.219940 34.326462 0.000000 -0.008491 G004 (135.21994,34.32646)
134.376114 34.760426 0.000000 -0.009333 G006 (134.37611,34.76043)
136.041901 34.710644 0.000000 -0.010423 G007 (136.04190,34.71064)
136.173141 34.493874 0.000000 -0.009331 G008 (136.17314,34.49387)
136.002640 34.292927 0.000000 -0.008501 G009 (136.00264,34.29293)
135.854797 34.241966 0.000000 -0.008315 G010 (135.85480,34.24197)
135.554001 33.940796 0.000000 -0.007230 G011 (135.55400,33.94080)
135.882095 33.668758 0.000000 -0.006264 G012 (135.88210,33.66876)
135.533844 33.658344 0.000000 -0.006383 G013 (135.53384,33.65834)
134.195267 35.529858 0.000000 -0.011542 G014 (134.19527,35.52986)
133.495132 35.506935 0.000000 -0.009935 G015 (133.49513,35.50694)
133.869751 35.493202 0.000000 -0.010796 G016 (133.86975,35.49320)
134.155945 35.340591 0.000000 -0.010865 G017 (134.15594,35.34059)
132.921997 35.491909 0.000000 -0.008405 G018 (132.92200,35.49191)
133.192093 35.310692 0.000000 -0.008623 G019 (133.19209,35.31069)
132.902695 35.309727 0.000000 -0.007936 G020 (132.90269,35.30973)
132.669006 35.233078 0.000000 -0.007273 G021 (132.66901,35.23308)
132.385559 35.031902 0.000000 -0.006367 G022 (132.38556,35.03190)
132.685165 34.856747 0.000000 -0.006544 G023 (132.68517,34.85675)
132.109467 34.777946 0.000000 -0.005526 G024 (132.10947,34.77795)
131.810318 34.624344 0.000000 -0.004920 G025 (131.81032,34.62434)
133.680756 35.282959 0.000000 -0.009752 G026 (133.68076,35.28296)
133.912689 35.105026 0.000000 -0.009712 G027 (133.91269,35.10503)
133.800446 34.738079 0.000000 -0.008406 G028 (133.80045,34.73808)
133.972595 34.590286 0.000000 -0.008277 G029 (133.97260,34.59029)
132.902100 35.035213 0.000000 -0.007310 G030 (132.90210,35.03521)
132.908112 34.633671 0.000000 -0.006455 G031 (132.90811,34.63367)
133.341293 34.612202 0.000000 -0.007154 G032 (133.34129,34.61220)
133.140182 34.515621 0.000000 -0.006571 G033 (133.14018,34.51562)
132.691956 34.184635 0.000000 -0.005322 G035 (132.69196,34.18464)
132.531631 34.069233 0.000000 -0.004959 G036 (132.53163,34.06923)
131.735321 34.195274 0.000000 -0.004301 G037 (131.73532,34.19527)
132.052734 34.090061 0.000000 -0.004486 G038 (132.05273,34.09006)
131.113037 34.020523 0.000000 -0.003565 G039 (131.11304,34.02052)
132.119965 33.845917 0.000000 -0.004228 G040 (132.11996,33.84592)
134.457306 33.993687 0.000000 -0.007133 G041 (134.45731,33.99369)
134.211166 33.934563 0.000000 -0.006720 G042 (134.21117,33.93456)
134.175980 34.478535 0.000000 -0.008246 G044 (134.17598,34.47853)
133.899384 34.325920 0.000000 -0.007390 G045 (133.89938,34.32592)
133.350693 33.974171 0.000000 -0.005682 G046 (133.35069,33.97417)
133.047394 33.884090 0.000000 -0.005176 G047 (133.04739,33.88409)
132.798523 33.642731 0.000000 -0.004549 G048 (132.79852,33.64273)
132.743683 33.305054 0.000000 -0.004010 G049 (132.74368,33.30505)
132.633636 33.096088 0.000000 -0.003648 G050 (132.63364,33.09609)
133.531021 33.625805 0.000000 -0.005157 G051 (133.53102,33.62580)
133.154495 33.607021 0.000000 -0.004787 G052 (133.15450,33.60702)
134.099319 33.497108 0.000000 -0.005449 G053 (134.09932,33.49711)
133.089539 33.416664 0.000000 -0.004424 G054 (133.08954,33.41666)
134.205536 33.394894 0.000000 -0.005304 G055 (134.20554,33.39489)
132.972137 33.193138 0.000000 -0.004007 G056 (132.97214,33.19314)
132.831467 32.961067 0.000000 -0.003597 G058 (132.83147,32.96107)
132.555435 32.738613 0.000000 -0.003150 G059 (132.55544,32.73861)
130.722427 33.929722 0.000000 -0.003185 G060 (130.72243,33.92972)
130.971115 33.867008 0.000000 -0.003306 G061 (130.97112,33.86701)
130.296906 33.683071 0.000000 -0.002730 G062 (130.29691,33.68307)
130.675674 33.579769 0.000000 -0.002857 G063 (130.67567,33.57977)
130.995422 33.564732 0.000000 -0.003041 G064 (130.99542,33.56473)
130.079269 33.503036 0.000000 -0.002526 G065 (130.07927,33.50304)
130.097214 33.292004 0.000000 -0.002419 G066 (130.09721,33.29200)
129.862946 33.073387 0.000000 -0.002260 G067 (129.86295,33.07339)
129.958954 32.768307 0.000000 -0.002152 G068 (129.95895,32.76831)
130.621765 33.060135 0.000000 -0.002456 G069 (130.62177,33.06013)
130.872650 32.995934 0.000000 -0.002509 G070 (130.87265,32.99593)
130.748367 32.709232 0.000000 -0.002282 G071 (130.74837,32.70923)
130.827347 32.396080 0.000000 -0.002128 G073 (130.82735,32.39608)
130.179886 32.367409 0.000000 -0.002026 G074 (130.17989,32.36741)
130.656494 32.343513 0.000000 -0.002075 G075 (130.65649,32.34351)
130.986389 32.292397 0.000000 -0.002103 G076 (130.98639,32.29240)
131.521149 33.514332 0.000000 -0.003349 G077 (131.52115,33.51433)
131.291672 33.383755 0.000000 -0.003061 G078 (131.29167,33.38375)
131.748413 33.096195 0.000000 -0.003060 G079 (131.74841,33.09620)
132.039047 32.936356 0.000000 -0.003068 G080 (132.03905,32.93636)
131.441528 32.898895 0.000000 -0.002694 G081 (131.44153,32.89890)
131.629227 32.852222 0.000000 -0.002748 G082 (131.62923,32.85222)
131.364700 32.527931 0.000000 -0.002355 G083 (131.36470,32.52793)
131.583023 32.316231 0.000000 -0.002272 G084 (131.58302,32.31623)
131.347488 32.111889 0.000000 -0.002072 G085 (131.34749,32.11189)
131.254456 32.001804 0.000000 -0.001994 G086 (131.25446,32.00180)
130.976959 31.877796 0.000000 -0.001905 G087 (130.97696,31.87780)
131.470062 31.785973 0.000000 -0.001911 G088 (131.47006,31.78597)
130.735672 31.743780 0.000000 -0.001838 G089 (130.73567,31.74378)
130.998306 31.564604 0.000000 -0.001783 G090 (130.99831,31.56460)
130.340057 31.450253 0.000000 -0.001705 G091 (130.34006,31.45025)
130.540588 31.377237 0.000000 -0.001697 G092 (130.54059,31.37724)
130.867111 31.242748 0.000000 -0.001667 G093 (130.86711,31.24275)
127.993683 26.386345 0.000000 -0.000705 G094 (127.99368,26.38634)
127.760361 26.312714 0.000000 -0.000632 G095 (127.76036,26.31271)
127.677628 26.194576 0.000000 -0.000581 G096 (127.67763,26.19458)
153.978653 24.290094 0.000000 -0.000198 G098 (153.97865,24.29009)
137.550842 36.114304 0.000000 -0.018430 G099 (137.55084,36.11430)
138.727310 35.360771 0.000000 0.004130 G100 (138.72731,35.36077)
140.858307 43.209526 0.000000 -0.006254 G101 (140.85831,43.20953)
139.489197 42.078789 0.000000 -0.018279 G102 (139.48920,42.07879)
140.859207 40.897495 0.000000 0.015009 G103 (140.85921,40.89750)
139.703461 39.942116 0.000000 -0.021713 G104 (139.70346,39.94212)
139.545959 38.563339 0.000000 -0.023079 G105 (139.54596,38.56334)
140.249451 35.129383 0.000000 0.064186 G107 (140.24945,35.12938)
139.615540 35.160152 0.000000 0.030971 G108 (139.61554,35.16015)
138.281250 37.814758 0.000000 -0.027557 G109 (138.28125,37.81476)
138.508514 37.356544 0.000000 -0.016869 G110 (138.50851,37.35654)
136.900330 37.405727 0.000000 -0.033602 G111 (136.90033,37.40573)
136.148849 36.254585 0.000000 -0.020664 G112 (136.14885,36.25459)
139.132965 34.895485 0.000000 0.014600 G113 (139.13297,34.89548)
138.764206 34.806900 0.000000 0.006714 G114 (138.76421,34.80690)
138.327408 34.870670 0.000000 -0.000108 G115 (138.32741,34.87067)
136.823837 34.903965 0.000000 -0.010761 G116 (136.82384,34.90396)
135.191544 34.144146 0.000000 -0.007872 G117 (135.19154,34.14415)
134.315933 35.593685 0.000000 -0.011974 G118 (134.31593,35.59369)
131.604645 34.627590 0.000000 -0.004686 G119 (131.60464,34.62759)
133.243500 33.333500 0.000000 -0.004399 G120 (133.24350,33.33350)
129.849289 33.473080 0.000000 -0.002436 G121 (129.84929,33.47308)
134.178116 33.266125 0.000000 -0.004979 G122 (134.17812,33.26612)
130.191071 32.017410 0.000000 -0.001897 G123 (130.19107,32.01741)
127.824677 26.179472 0.000000 -0.000605 G124 (127.82468,26.17947)
132.982178 32.869484 0.000000 -0.003563 G125 (132.98218,32.86948)
132.810654 32.762100 0.000000 -0.003326 G126 (132.81065,32.76210)
137.814484 35.777534 0.000000 -0.012809 G127 (137.81448,35.77753)
136.728745 35.405132 0.000000 -0.014456 G128 (136.72874,35.40513)
136.431931 34.603333 0.000000 -0.009675 G129 (136.43193,34.60333)
135.589935 33.747604 0.000000 -0.006621 G130 (135.58994,33.74760)
133.940872 33.722511 0.000000 -0.005828 G131 (133.94087,33.72251)
133.043228 33.545834 0.000000 -0.004595 G132 (133.04323,33.54583)
132.488770 33.039463 0.000000 -0.003478 G133 (132.48877,33.03946)
132.922653 33.391029 0.000000 -0.004264 G134 (132.92265,33.39103)
133.699570 35.490398 0.000000 -0.010402 G135 (133.69957,35.49040)
137.636871 34.702118 0.000000 -0.006010 G136 (137.63687,34.70212)
131.384033 33.078835 0.000000 -0.002827 G137 (131.38403,33.07883)
137.595978 36.576969 0.000000 -0.023160 G138 (137.59598,36.57697)
136.540482 34.285072 0.000000 -0.008012 G139 (136.54048,34.28507)
136.081070 20.425549 0.000000 -0.000293 G140 (136.08107,20.42555)
132.961685 33.103912 0.000000 -0.003873 G141 (132.96169,33.10391)
132.675827 32.927689 0.000000 -0.003457 G142 (132.67583,32.92769)
136.295578 34.930733 0.000000 -0.011582 G143 (136.29558,34.93073)
138.794662 34.970566 0.000000 0.007176 G144 (138.79466,34.97057)
141.283188 38.901936 0.000000 0.279876 G145 (141.28319,38.90194)
135.426102 34.085499 0.000000 -0.007712 G146 (135.42610,34.08550)
131.835007 34.043789 0.000000 -0.004212 G147 (131.83501,34.04379)
136.728226 34.490002 0.000000 -0.008642 G148 (136.72823,34.49000)
136.693192 34.296612 0.000000 -0.007800 G149 (136.69319,34.29661)
140.898788 42.557934 0.000000 -0.005289 G150 (140.89879,42.55793)
132.650330 34.492138 0.000000 -0.005807 G151 (132.65033,34.49214)
133.924103 33.622295 0.000000 -0.005564 G152 (133.92410,33.62230)
134.114166 33.774574 0.000000 -0.006171 G153 (134.11417,33.77457)
135.305313 33.769405 0.000000 -0.006748 G154 (135.30531,33.76941)
135.970596 33.660805 0.000000 -0.006190 G155 (135.97060,33.66080)
136.024353 33.820427 0.000000 -0.006681 G156 (136.02435,33.82043)
132.339813 34.397049 0.000000 -0.005250 G157 (132.33981,34.39705)
136.772705 37.000721 0.000000 -0.029451 G158 (136.77271,37.00072)
141.054657 39.362015 0.000000 0.053907 G159 (141.05466,39.36201)
137.723373 34.672314 0.000000 -0.005283 G160 (137.72337,34.67231)
137.442459 34.680382 0.000000 -0.007047 G161 (137.44246,34.68038)
139.533829 38.511196 0.000000 -0.022111 G162 (139.53383,38.51120)
139.276184 36.602337 0.000000 0.004924 G163 (139.27618,36.60234)
132.268814 34.575432 0.000000 -0.005436 G164 (132.26881,34.57543)
141.685333 45.407822 0.000000 -0.002556 G201 (141.68533,45.40782)
144.285797 44.019413 0.000000 0.002399 G202 (144.28580,44.01941)
144.371399 42.975571 0.000000 0.007776 G203 (144.37140,42.97557)
140.724533 41.781658 0.000000 -0.001003 G204 (140.72453,41.78166)
139.824921 34.918789 0.000000 0.036554 G206 (139.82492,34.91879)
137.224579 36.762173 0.000000 -0.026858 G207 (137.22458,36.76217)
135.773193 33.475948 0.000000 -0.005778 G208 (135.77319,33.47595)
132.066208 34.897312 0.000000 -0.005642 G209 (132.06621,34.89731)
129.866196 32.735119 0.000000 -0.002125 G210 (129.86620,32.73512)
131.409302 31.576969 0.000000 -0.001806 G211 (131.40930,31.57697)
127.665207 26.213327 0.000000 -0.000584 G212 (127.66521,26.21333)
142.194611 27.093943 0.000000 -0.000380 G213 (142.19461,27.09394)
144.869995 13.590000 0.000000 -0.000502 GUAM (144.87000,13.59000)
144.800003 13.430000 0.000000 -0.000543 GUUG (144.80000,13.43000)
139.542297 36.295162 0.000000 0.004225 I001 (139.54230,36.29516)
140.174271 36.263268 0.000000 0.081234 I002 (140.17427,36.26327)
139.810532 36.203671 0.000000 0.015417 I003 (139.81053,36.20367)
140.544479 36.181309 0.000000 0.173451 I004 (140.54448,36.18131)
139.345169 36.120953 0.000000 0.001730 I005 (139.34517,36.12095)
140.343155 36.096935 0.000000 0.131255 I006 (140.34315,36.09694)
139.636719 36.087227 0.000000 0.006294 I007 (139.63672,36.08723)
139.799927 36.010895 0.000000 0.018442 I008 (139.79993,36.01089)
140.659241 35.955456 0.000000 0.191978 I009 (140.65924,35.95546)
140.402954 35.970409 0.000000 0.144810 I010 (140.40295,35.97041)
139.464279 35.925503 0.000000 0.006582 I011 (139.46428,35.92550)
139.992722 35.940292 0.000000 0.049465 I012 (139.99272,35.94029)
139.651855 35.937469 0.000000 0.011197 I013 (139.65186,35.93747)
140.145493 35.873650 0.000000 0.080669 I014 (140.14549,35.87365)
140.407013 35.803329 0.000000 0.135533 I015 (140.40701,35.80333)
139.812805 35.780212 0.000000 0.029511 I016 (139.81281,35.78021)
140.024750 35.786465 0.000000 0.056777 I018 (140.02475,35.78646)
139.488266 35.710369 0.000000 0.014673 I019 (139.48827,35.71037)
140.315140 35.717453 0.000000 0.107973 I020 (140.31514,35.71745)
140.646820 35.777302 0.000000 0.191023 I021 (140.64682,35.77730)
140.837234 35.726357 0.000000 0.226440 I022 (140.83723,35.72636)
139.902359 35.675465 0.000000 0.042154 I023 (139.90236,35.67546)
140.448303 35.642353 0.000000 0.134035 I024 (140.44830,35.64235)
140.186569 35.544144 0.000000 0.077503 I025 (140.18657,35.54414)
139.673355 35.563404 0.000000 0.027919 I026 (139.67336,35.56340)
140.318237 35.530117 0.000000 0.098518 I027 (140.31824,35.53012)
139.467834 35.521408 0.000000 0.020172 I028 (139.46783,35.52141)
139.322571 35.482639 0.000000 0.016499 I029 (139.32257,35.48264)
140.051331 35.447784 0.000000 0.059847 I030 (140.05133,35.44778)
139.045181 35.415352 0.000000 0.010455 I031 (139.04518,35.41535)
139.653748 35.436485 0.000000 0.030331 I032 (139.65375,35.43649)
140.337372 35.421127 0.000000 0.094632 I033 (140.33737,35.42113)
139.466064 35.326683 0.000000 0.023938 I034 (139.46606,35.32668)
139.262695 35.304901 0.000000 0.017406 I035 (139.26270,35.30490)
139.825516 35.311703 0.000000 0.041931 I036 (139.82552,35.31170)
140.146790 35.333141 0.000000 0.067322 I037 (140.14679,35.33314)
138.881653 35.321602 0.000000 0.007639 I038 (138.88165,35.32160)
139.843567 35.143711 0.000000 0.041936 I039 (139.84357,35.14371)
140.268021 35.165901 0.000000 0.067737 I041 (140.26802,35.16590)
139.110443 35.148605 0.000000 0.014085 I042 (139.11044,35.14861)
138.901855 35.110016 0.000000 0.009176 I043 (138.90186,35.11002)
140.079269 35.111862 0.000000 0.054201 I044 (140.07927,35.11186)
139.954346 35.254807 0.000000 0.050166 I045 (139.95435,35.25481)
138.997925 35.014828 0.000000 0.011540 I046 (138.99792,35.01483)
139.864075 34.954082 0.000000 0.038964 I047 (139.86407,34.95408)
139.131165 34.939308 0.000000 0.014682 I048 (139.13116,34.93931)
138.924820 34.916115 0.000000 0.009890 I049 (138.92482,34.91611)
137.672333 34.835331 0.000000 -0.006492 I050 (137.67233,34.83533)
139.381393 34.784420 0.000000 0.020214 I051 (139.38139,34.78442)
138.017532 34.785950 0.000000 -0.003388 I052 (138.01753,34.78595)
138.989822 34.751350 0.000000 0.010906 I053 (138.98982,34.75135)
139.433212 34.686787 0.000000 0.020407 I055 (139.43321,34.68679)
139.257904 34.371826 0.000000 0.013273 I057 (139.25790,34.37183)
139.134460 34.200478 0.000000 0.010038 I058 (139.13446,34.20048)
139.503845 34.121067 0.000000 0.013989 I059 (139.50385,34.12107)
139.547150 34.059113 0.000000 0.013731 I060 (139.54715,34.05911)
139.013687 34.921822 0.000000 0.011858 I061 (139.01369,34.92182)
139.124359 34.878475 0.000000 0.014334 I062 (139.12436,34.87848)
139.268127 35.723759 0.000000 0.009292 I063 (139.26813,35.72376)
138.975861 35.623348 0.000000 0.006263 I064 (138.97586,35.62335)
139.157227 35.610275 0.000000 0.009884 I065 (139.15723,35.61028)
139.204865 35.428520 0.000000 0.014233 I066 (139.20486,35.42852)
139.664841 35.267094 0.000000 0.033096 I067 (139.66484,35.26709)
139.049332 35.245514 0.000000 0.012052 I068 (139.04933,35.24551)
138.445251 35.443581 0.000000 -0.001602 I069 (138.44525,35.44358)
138.814041 35.496590 0.000000 0.004699 I070 (138.81404,35.49659)
138.563431 35.362080 0.000000 0.001010 I071 (138.56343,35.36208)
138.770676 35.305538 0.000000 0.005391 I072 (138.77068,35.30554)
138.445694 35.289463 0.000000 -0.000489 I073 (138.44569,35.28946)
138.253510 35.200977 0.000000 -0.002763 I074 (138.25351,35.20098)
138.616989 35.203182 0.000000 0.002957 I075 (138.61699,35.20318)
138.721542 35.173592 0.000000 0.005107 I076 (138.72154,35.17359)
138.524704 35.067406 0.000000 0.002030 I077 (138.52470,35.06741)
138.368698 35.103458 0.000000 -0.000543 I078 (138.36870,35.10346)
138.134903 35.103912 0.000000 -0.003719 I079 (138.13490,35.10391)
138.378296 34.990524 0.000000 0.000143 I081 (138.37830,34.99052)
137.695236 35.079292 0.000000 -0.007861 I084 (137.69524,35.07929)
138.786057 34.776073 0.000000 0.007093 I085 (138.78606,34.77607)
138.838425 34.610001 0.000000 0.007739 I086 (138.83842,34.61000)
138.074860 34.939796 0.000000 -0.003520 I088 (138.07486,34.93980)
137.932144 34.843857 0.000000 -0.004470 I089 (137.93214,34.84386)
137.817947 34.941345 0.000000 -0.006004 I090 (137.81795,34.94135)
138.136917 34.757755 0.000000 -0.002040 I091 (138.13692,34.75776)
138.225601 34.738308 0.000000 -0.000970 I092 (138.22560,34.73831)
138.053543 34.715252 0.000000 -0.002742 I093 (138.05354,34.71525)
138.129288 34.642902 0.000000 -0.001730 I094 (138.12929,34.64290)
137.937439 34.670422 0.000000 -0.003626 I095 (137.93744,34.67042)
137.911270 34.755394 0.000000 -0.004225 I096 (137.91127,34.75539)
137.791794 34.792835 0.000000 -0.005386 I097 (137.79179,34.79284)
137.823425 34.671883 0.000000 -0.004553 I098 (137.82343,34.67188)
137.575485 34.937675 0.000000 -0.007751 I099 (137.57549,34.93768)
137.434006 34.864815 0.000000 -0.008139 I102 (137.43401,34.86481)
137.554337 34.808727 0.000000 -0.007108 I103 (137.55434,34.80873)
137.514938 34.718052 0.000000 -0.006841 I104 (137.51494,34.71805)
139.171036 35.040627 0.000000 0.015860 I105 (139.17104,35.04063)
139.797241 33.119949 0.000000 0.006711 I113 (139.79724,33.11995)
104.316177 52.219021 0.000000 -0.000243 IRKJ (104.31618,52.21902)
104.316238 52.219025 0.000000 -0.000243 IRKM (104.31624,52.21902)
104.316002 52.219002 0.000000 -0.000243 IRKT (104.31600,52.21900)
141.750443 45.402992 0.000000 -0.002478 J001 (141.75044,45.40299)
143.224182 44.433685 0.000000 0.000227 J002 (143.22418,44.43369)
141.756317 44.397949 0.000000 -0.002520 J003 (141.75632,44.39795)
144.675842 43.915691 0.000000 0.002890 J004 (144.67584,43.91569)
144.449005 43.507858 0.000000 0.004431 J005 (144.44901,43.50786)
142.482483 43.589657 0.000000 0.000403 J007 (142.48248,43.58966)
141.510376 43.854012 0.000000 -0.003230 J008 (141.51038,43.85401)
145.129623 43.070080 0.000000 0.006300 J009 (145.12962,43.07008)
144.431931 42.963261 0.000000 0.007837 J010 (144.43193,42.96326)
143.459229 43.028625 0.000000 0.006657 J011 (143.45923,43.02863)
142.401978 42.980515 0.000000 0.003215 J012 (142.40198,42.98051)
141.030914 43.177853 0.000000 -0.005362 J013 (141.03091,43.17785)
141.730667 42.983253 0.000000 -0.000728 J014 (141.73067,42.98325)
143.331009 42.321594 0.000000 0.016269 J015 (143.33101,42.32159)
142.364609 42.356903 0.000000 0.011177 J016 (142.36461,42.35690)
139.857666 42.450733 0.000000 -0.013993 J017 (139.85767,42.45073)
140.942413 42.374214 0.000000 -0.003859 J018 (140.94241,42.37421)
143.156525 42.005856 0.000000 0.024170 J019 (143.15652,42.00586)
139.519592 42.153545 0.000000 -0.017679 J020 (139.51959,42.15355)
140.107330 42.008076 0.000000 -0.012393 J021 (140.10733,42.00808)
140.747833 41.826073 0.000000 -0.001157 J022 (140.74783,41.82607)
140.040649 41.466377 0.000000 -0.011563 J023 (140.04065,41.46638)
141.213272 41.300774 0.000000 0.021037 J024 (141.21327,41.30077)
140.272980 40.778984 0.000000 -0.004140 J026 (140.27298,40.77898)
141.789093 40.133450 0.000000 0.057328 J027 (141.78909,40.13345)
141.939957 39.572384 0.000000 0.118287 J028 (141.93996,39.57238)
141.203918 39.110626 0.000000 0.174706 J029 (141.20392,39.11063)
139.776154 39.967903 0.000000 -0.021079 J030 (139.77615,39.96790)
140.048233 39.398697 0.000000 -0.030538 J031 (140.04823,39.39870)
139.808853 38.894604 0.000000 -0.028715 J032 (139.80885,38.89460)
140.318741 38.758595 0.000000 -0.037043 J033 (140.31874,38.75859)
140.366089 38.331028 0.000000 -0.021773 J035 (140.36609,38.33103)
141.441162 38.449196 0.000000 0.567440 J036 (141.44116,38.44920)
140.954178 38.317486 0.000000 0.288427 J037 (140.95418,38.31749)
140.908081 37.800671 0.000000 0.354343 J038 (140.90808,37.80067)
139.791504 37.643696 0.000000 0.011746 J040 (139.79150,37.64370)
140.902512 37.090714 0.000000 0.263753 J041 (140.90251,37.09071)
140.611832 36.539928 0.000000 0.191672 J042 (140.61183,36.53993)
139.726425 36.401848 0.000000 0.012699 J043 (139.72643,36.40185)
138.906265 36.697025 0.000000 -0.002288 J044 (138.90627,36.69703)
138.865402 36.259033 0.000000 -0.002383 J045 (138.86540,36.25903)
137.851120 36.499767 0.000000 -0.019922 J046 (137.85112,36.49977)
137.943802 35.923580 0.000000 -0.012886 J047 (137.94380,35.92358)
138.583298 35.590336 0.000000 -0.000443 J048 (138.58330,35.59034)
139.509567 38.230690 0.000000 -0.015115 J049 (139.50957,38.23069)
138.988861 37.896469 0.000000 -0.012466 J050 (138.98886,37.89647)
138.574402 37.397678 0.000000 -0.015818 J051 (138.57440,37.39768)
137.487228 36.928959 0.000000 -0.027556 J052 (137.48723,36.92896)
136.889160 37.382374 0.000000 -0.033364 J053 (136.88916,37.38237)
136.649933 36.663410 0.000000 -0.025822 J054 (136.64993,36.66341)
136.172974 36.231174 0.000000 -0.020560 J055 (136.17297,36.23117)
136.105804 35.602562 0.000000 -0.015812 J056 (136.10580,35.60256)
135.233383 35.549904 0.000000 -0.013770 J057 (135.23338,35.54990)
137.347916 36.135994 0.000000 -0.019666 J058 (137.34792,36.13599)
137.248367 35.800484 0.000000 -0.016606 J059 (137.24837,35.80048)
136.900024 35.526073 0.000000 -0.015131 J060 (136.90002,35.52607)
137.467575 35.396767 0.000000 -0.011836 J061 (137.46758,35.39677)
136.158234 35.094727 0.000000 -0.012562 J062 (136.15823,35.09473)
137.041290 35.128109 0.000000 -0.011645 J063 (137.04129,35.12811)
136.502289 34.758999 0.000000 -0.010441 J064 (136.50229,34.75900)
136.851135 34.465389 0.000000 -0.008239 J065 (136.85114,34.46539)
136.198364 34.060658 0.000000 -0.007457 J066 (136.19836,34.06066)
135.500977 34.837997 0.000000 -0.010761 J067 (135.50098,34.83800)
135.851410 34.392300 0.000000 -0.008942 J068 (135.85141,34.39230)
135.221497 34.157684 0.000000 -0.007922 J069 (135.22150,34.15768)
135.764420 33.483360 0.000000 -0.005802 J070 (135.76442,33.48336)
134.550385 34.784813 0.000000 -0.009585 J071 (134.55038,34.78481)
133.058655 35.433876 0.000000 -0.008603 J074 (133.05865,35.43388)
132.208969 35.002811 0.000000 -0.006026 J075 (132.20897,35.00281)
131.610367 34.616493 0.000000 -0.004679 J076 (131.61037,34.61649)
133.527985 34.548798 0.000000 -0.007344 J077 (133.52798,34.54880)
132.575439 34.340355 0.000000 -0.005448 J078 (132.57544,34.34035)
130.913635 33.996555 0.000000 -0.003387 J079 (130.91364,33.99656)
134.023911 34.286026 0.000000 -0.007469 J080 (134.02391,34.28603)
134.626022 33.926857 0.000000 -0.007064 J081 (134.62602,33.92686)
134.122131 33.315895 0.000000 -0.005044 J082 (134.12213,33.31590)
133.578262 33.529148 0.000000 -0.005007 J083 (133.57826,33.52915)
133.241791 33.272900 0.000000 -0.004301 J084 (133.24179,33.27290)
132.966415 32.755737 0.000000 -0.003404 J085 (132.96642,32.75574)
132.281174 33.469009 0.000000 -0.003875 J086 (132.28117,33.46901)
130.476776 33.730721 0.000000 -0.002861 J087 (130.47678,33.73072)
131.691376 33.461544 0.000000 -0.003414 J088 (131.69138,33.46154)
130.967819 33.331085 0.000000 -0.002818 J089 (130.96782,33.33109)
131.876373 32.924587 0.000000 -0.002958 J090 (131.87637,32.92459)
129.850296 33.476070 0.000000 -0.002437 J091 (129.85030,33.47607)
130.645599 32.546410 0.000000 -0.002171 J093 (130.64560,32.54641)
131.632324 32.445446 0.000000 -0.002391 J094 (131.63232,32.44545)
131.469681 32.021755 0.000000 -0.002043 J095 (131.46968,32.02176)
130.190140 32.013245 0.000000 -0.001895 J096 (130.19014,32.01324)
130.466446 31.503769 0.000000 -0.001736 J097 (130.46645,31.50377)
130.299484 31.264591 0.000000 -0.001630 J098 (130.29948,31.26459)
131.087540 31.258533 0.000000 -0.001677 J099 (131.08754,31.25853)
127.768921 26.144814 0.000000 -0.000584 J100 (127.76892,26.14481)
142.169739 45.335827 0.000000 -0.001965 J101 (142.16974,45.33583)
141.038208 45.275967 0.000000 -0.003424 J102 (141.03821,45.27597)
142.537094 45.002399 0.000000 -0.001348 J103 (142.53709,45.00240)
141.741394 44.892460 0.000000 -0.002508 J104 (141.74139,44.89246)
142.265244 44.728497 0.000000 -0.001612 J105 (142.26524,44.72850)
141.330063 44.427048 0.000000 -0.003443 J106 (141.33006,44.42705)
142.625595 44.294567 0.000000 -0.000605 J107 (142.62560,44.29457)
144.029770 44.063873 0.000000 0.002065 J108 (144.02977,44.06387)
145.186096 44.019184 0.000000 0.002588 J109 (145.18610,44.01918)
142.151688 44.006779 0.000000 -0.001386 J110 (142.15169,44.00678)
143.333694 44.005619 0.000000 0.001309 J111 (143.33369,44.00562)
143.926941 42.894516 0.000000 0.008511 J112 (143.92694,42.89452)
144.986969 43.549397 0.000000 0.004168 J113 (144.98697,43.54940)
143.787262 43.848896 0.000000 0.002480 J114 (143.78726,43.84890)
145.131439 43.661823 0.000000 0.003681 J115 (145.13144,43.66182)
144.774323 43.408688 0.000000 0.004881 J116 (144.77432,43.40869)
141.431183 43.404678 0.000000 -0.003460 J117 (141.43118,43.40468)
145.114960 43.382526 0.000000 0.004783 J118 (145.11496,43.38253)
145.801132 43.366852 0.000000 0.004013 J119 (145.80113,43.36685)
140.597076 43.292583 0.000000 -0.007369 J120 (140.59708,43.29258)
143.562424 43.289471 0.000000 0.004849 J121 (143.56242,43.28947)
144.325027 43.232933 0.000000 0.005942 J122 (144.32503,43.23293)
143.298019 43.231995 0.000000 0.004677 J123 (143.29802,43.23199)
144.126526 43.120609 0.000000 0.006675 J124 (144.12653,43.12061)
144.843018 43.057594 0.000000 0.006776 J125 (144.84302,43.05759)
140.499176 43.056828 0.000000 -0.008348 J126 (140.49918,43.05683)
140.543945 42.985252 0.000000 -0.008231 J127 (140.54395,42.98525)
141.290329 42.971378 0.000000 -0.003546 J128 (141.29033,42.97138)
140.883347 42.857887 0.000000 -0.006108 J129 (140.88335,42.85789)
140.603516 42.802719 0.000000 -0.008041 J130 (140.60352,42.80272)
140.233200 42.786434 0.000000 -0.010489 J131 (140.23320,42.78643)
141.863983 42.729443 0.000000 0.001950 J132 (141.86398,42.72944)
142.295807 42.727238 0.000000 0.005025 J133 (142.29581,42.72724)
143.103256 42.699268 0.000000 0.009345 J134 (143.10326,42.69927)
141.074951 42.667877 0.000000 -0.004154 J135 (141.07495,42.66788)
141.602264 42.655529 0.000000 0.000489 J136 (141.60226,42.65553)
140.825684 42.646290 0.000000 -0.006207 J137 (140.82568,42.64629)
143.461151 42.551647 0.000000 0.012313 J138 (143.46115,42.55165)
141.361481 42.549801 0.000000 -0.000809 J139 (141.36148,42.54980)
140.354202 42.494362 0.000000 -0.010067 J140 (140.35420,42.49436)
142.060226 42.481281 0.000000 0.006529 J141 (142.06023,42.48128)
142.567459 42.247726 0.000000 0.015006 J142 (142.56746,42.24773)
140.250488 42.243679 0.000000 -0.011011 J143 (140.25049,42.24368)
142.935394 42.130936 0.000000 0.019961 J144 (142.93539,42.13094)
140.003952 42.130848 0.000000 -0.013574 J145 (140.00395,42.13085)
140.568863 42.098606 0.000000 -0.006669 J146 (140.56886,42.09861)
140.805542 42.042969 0.000000 -0.002769 J147 (140.80554,42.04297)
140.315887 41.599026 0.000000 -0.007040 J149 (140.31589,41.59903)
140.880508 41.455299 0.000000 0.007763 J150 (140.88051,41.45530)
140.635895 41.043221 0.000000 0.006384 J151 (140.63589,41.04322)
141.367966 40.968243 0.000000 0.036654 J152 (141.36797,40.96824)
141.197830 40.625069 0.000000 0.029828 J153 (141.19783,40.62507)
139.928116 40.577644 0.000000 -0.013293 J154 (139.92812,40.57764)
140.578140 40.523655 0.000000 0.000715 J155 (140.57814,40.52365)
141.511276 40.515358 0.000000 0.052496 J156 (141.51128,40.51536)
141.076477 40.291077 0.000000 0.009310 J157 (141.07648,40.29108)
141.713135 40.405201 0.000000 0.069721 J158 (141.71313,40.40520)
141.293686 40.291149 0.000000 0.028435 J159 (141.29369,40.29115)
141.461945 40.048599 0.000000 0.052341 J160 (141.46194,40.04860)
141.225067 39.980576 0.000000 0.018965 J161 (141.22507,39.98058)
141.950546 39.869370 0.000000 0.033522 J162 (141.95055,39.86937)
141.164856 39.851246 0.000000 0.014658 J163 (141.16486,39.85125)
141.803848 39.849174 0.000000 0.039299 J164 (141.80385,39.84917)
140.964508 39.701092 0.000000 -0.016228 J165 (140.96451,39.70109)
141.172104 39.596573 0.000000 0.053114 J166 (141.17210,39.59657)
141.955261 39.458160 0.000000 0.223702 J167 (141.95526,39.45816)
141.534164 39.338055 0.000000 0.205285 J169 (141.53416,39.33805)
141.798035 39.253517 0.000000 0.269582 J170 (141.79803,39.25352)
141.739853 39.023781 0.000000 0.444173 J171 (141.73985,39.02378)
141.572586 38.902859 0.000000 0.404003 J172 (141.57259,38.90286)
140.990585 38.815342 0.000000 0.157485 J173 (140.99059,38.81534)
140.801636 38.748936 0.000000 0.071893 J174 (140.80164,38.74894)
141.449371 38.682697 0.000000 0.493345 J175 (141.44937,38.68270)
141.147537 38.539482 0.000000 0.362305 J176 (141.14754,38.53948)
140.851364 38.411758 0.000000 0.181021 J177 (140.85136,38.41176)
140.642853 38.205742 0.000000 0.081086 J178 (140.64285,38.20574)
140.843994 38.029659 0.000000 0.260188 J179 (140.84399,38.02966)
140.442581 37.989929 0.000000 0.036071 J180 (140.44258,37.98993)
140.577347 40.325047 0.000000 -0.006785 J181 (140.57735,40.32505)
140.263657 40.271156 0.000000 -0.012038 J182 (140.26366,40.27116)
140.787338 40.215439 0.000000 -0.008677 J183 (140.78734,40.21544)
140.048676 40.247295 0.000000 -0.015068 J184 (140.04868,40.24730)
140.401993 40.006878 0.000000 -0.022596 J185 (140.40199,40.00688)
140.132370 39.936054 0.000000 -0.021708 J186 (140.13237,39.93605)
140.597046 39.749161 0.000000 -0.035840 J187 (140.59705,39.74916)
140.234207 39.658310 0.000000 -0.030858 J188 (140.23421,39.65831)
140.386627 39.549294 0.000000 -0.038019 J189 (140.38663,39.54929)
140.559784 39.327003 0.000000 -0.038632 J190 (140.55978,39.32700)
139.907715 39.206062 0.000000 -0.029275 J191 (139.90771,39.20606)
140.161987 39.164211 0.000000 -0.038500 J192 (140.16199,39.16421)
140.629593 39.051903 0.000000 -0.025519 J193 (140.62959,39.05190)
139.547653 39.185562 0.000000 -0.025750 J194 (139.54765,39.18556)
139.957367 38.759720 0.000000 -0.034630 J195 (139.95737,38.75972)
139.831772 38.594036 0.000000 -0.029312 J196 (139.83177,38.59404)
139.742249 38.146175 0.000000 -0.016112 J197 (139.74225,38.14618)
140.093521 37.963608 0.000000 -0.002078 J198 (140.09352,37.96361)
140.077576 38.197544 0.000000 -0.023698 J199 (140.07758,38.19754)
140.466492 37.683308 0.000000 0.097787 J200 (140.46649,37.68331)
140.755081 37.560555 0.000000 0.239213 J201 (140.75508,37.56055)
140.072678 37.566948 0.000000 0.033031 J202 (140.07268,37.56695)
141.006607 37.533691 0.000000 0.423021 J203 (141.00661,37.53369)
139.528625 37.473461 0.000000 0.009661 J204 (139.52863,37.47346)
140.662109 37.325470 0.000000 0.201002 J205 (140.66211,37.32547)
139.364349 37.302799 0.000000 0.008464 J206 (139.36435,37.30280)
139.503769 37.281490 0.000000 0.012397 J207 (139.50377,37.28149)
139.871429 37.261070 0.000000 0.030109 J209 (139.87143,37.26107)
140.259933 37.126293 0.000000 0.087093 J210 (140.25993,37.12629)
140.561646 37.089294 0.000000 0.171687 J211 (140.56165,37.08929)
140.413269 36.862091 0.000000 0.134947 J212 (140.41327,36.86209)
140.293427 36.650566 0.000000 0.105345 J213 (140.29343,36.65057)
140.753906 36.800308 0.000000 0.228861 J214 (140.75391,36.80031)
140.077942 36.364914 0.000000 0.056587 J215 (140.07794,36.36491)
140.476334 36.344368 0.000000 0.154831 J216 (140.47633,36.34437)
140.039261 36.854233 0.000000 0.052532 J217 (140.03926,36.85423)
139.619247 36.665985 0.000000 0.015298 J218 (139.61925,36.66599)
139.923462 36.598946 0.000000 0.034839 J219 (139.92346,36.59895)
139.224899 36.769691 0.000000 0.005671 J220 (139.22490,36.76969)
138.552719 36.507996 0.000000 -0.008501 J221 (138.55272,36.50800)
139.330383 36.421627 0.000000 0.003066 J222 (139.33038,36.42163)
139.075684 35.986893 0.000000 0.001879 J223 (139.07568,35.98689)
139.795990 35.895969 0.000000 0.022817 J224 (139.79599,35.89597)
140.048096 35.657207 0.000000 0.059846 J225 (140.04810,35.65721)
140.384903 35.243244 0.000000 0.081631 J226 (140.38490,35.24324)
139.974884 35.002792 0.000000 0.045089 J227 (139.97488,35.00279)
139.630646 35.663696 0.000000 0.021981 J228 (139.63065,35.66370)
139.162598 35.336208 0.000000 0.014255 J229 (139.16260,35.33621)
139.142410 35.268600 0.000000 0.014305 J230 (139.14241,35.26860)
139.253342 38.465393 0.000000 -0.020062 J231 (139.25334,38.46539)
138.513092 38.319347 0.000000 -0.029490 J232 (138.51309,38.31935)
138.471680 38.063278 0.000000 -0.026865 J233 (138.47168,38.06328)
139.351471 37.929382 0.000000 -0.007141 J234 (139.35147,37.92938)
138.273071 37.815903 0.000000 -0.027754 J235 (138.27307,37.81590)
139.477890 37.685905 0.000000 0.003267 J236 (139.47789,37.68591)
138.780502 37.667522 0.000000 -0.014049 J237 (138.78050,37.66752)
139.059113 37.662296 0.000000 -0.006311 J238 (139.05911,37.66230)
138.998016 37.467720 0.000000 -0.004649 J239 (138.99802,37.46772)
138.789978 37.311314 0.000000 -0.008588 J240 (138.78998,37.31131)
138.333572 37.231121 0.000000 -0.019179 J241 (138.33357,37.23112)
138.933716 37.166035 0.000000 -0.003228 J242 (138.93372,37.16603)
138.100189 37.160789 0.000000 -0.023201 J243 (138.10019,37.16079)
138.608719 37.079132 0.000000 -0.011386 J244 (138.60872,37.07913)
137.873840 37.045174 0.000000 -0.025682 J245 (137.87384,37.04517)
138.830841 36.993458 0.000000 -0.004818 J246 (138.83084,36.99346)
138.198669 36.865402 0.000000 -0.018094 J247 (138.19867,36.86540)
136.996124 36.740620 0.000000 -0.027017 J248 (136.99612,36.74062)
137.195190 36.634335 0.000000 -0.025559 J249 (137.19519,36.63433)
137.439896 36.578705 0.000000 -0.024041 J250 (137.43990,36.57870)
136.920563 36.401878 0.000000 -0.023480 J251 (136.92056,36.40188)
136.919266 37.850494 0.000000 -0.037340 J252 (136.91927,37.85049)
137.270050 37.446026 0.000000 -0.033820 J253 (137.27005,37.44603)
136.388947 36.394455 0.000000 -0.022566 J255 (136.38895,36.39445)
136.633942 36.165291 0.000000 -0.021014 J256 (136.63394,36.16529)
136.278946 36.145618 0.000000 -0.020182 J257 (136.27895,36.14562)
136.504929 35.984909 0.000000 -0.019262 J258 (136.50493,35.98491)
135.989761 35.945004 0.000000 -0.017958 J259 (135.98976,35.94500)
136.197388 35.792782 0.000000 -0.017302 J260 (136.19739,35.79278)
135.907639 35.534409 0.000000 -0.015058 J261 (135.90764,35.53441)
135.608887 35.462715 0.000000 -0.014100 J262 (135.60889,35.46272)
138.316391 35.855980 0.000000 -0.007135 J263 (138.31639,35.85598)
138.695129 35.746876 0.000000 -0.000078 J264 (138.69513,35.74688)
138.436172 36.801708 0.000000 -0.013053 J265 (138.43617,36.80171)
137.872330 36.706470 0.000000 -0.021909 J266 (137.87233,36.70647)
138.247467 36.665154 0.000000 -0.015396 J267 (138.24747,36.66515)
138.322525 36.386177 0.000000 -0.011681 J268 (138.32253,36.38618)
138.637802 36.346012 0.000000 -0.006146 J269 (138.63780,36.34601)
137.902817 36.322372 0.000000 -0.017391 J270 (137.90282,36.32237)
138.216492 36.208466 0.000000 -0.011871 J271 (138.21649,36.20847)
138.460968 36.130638 0.000000 -0.007215 J272 (138.46097,36.13064)
137.983017 36.121109 0.000000 -0.014357 J273 (137.98302,36.12111)
137.696259 35.783619 0.000000 -0.013927 J274 (137.69626,35.78362)
138.038315 35.556129 0.000000 -0.008318 J275 (138.03831,35.55613)
137.815231 35.521091 0.000000 -0.010376 J276 (137.81523,35.52109)
137.925278 35.317142 0.000000 -0.007579 J277 (137.92528,35.31714)
137.587662 35.246998 0.000000 -0.009863 J278 (137.58766,35.24700)
137.147171 36.335510 0.000000 -0.022457 J279 (137.14717,36.33551)
136.952759 36.033047 0.000000 -0.019690 J280 (136.95276,36.03305)
137.534866 35.973457 0.000000 -0.017026 J281 (137.53487,35.97346)
136.863174 35.866940 0.000000 -0.018209 J282 (136.86317,35.86694)
136.975296 35.757782 0.000000 -0.017011 J283 (136.97530,35.75778)
137.424774 35.657188 0.000000 -0.014433 J284 (137.42477,35.65719)
136.488770 35.636154 0.000000 -0.016394 J285 (136.48877,35.63615)
136.611389 35.632896 0.000000 -0.016360 J286 (136.61139,35.63290)
137.174149 35.612087 0.000000 -0.015101 J287 (137.17415,35.61209)
136.687286 35.488323 0.000000 -0.015154 J288 (136.68729,35.48832)
137.124695 35.478699 0.000000 -0.014102 J289 (137.12469,35.47870)
136.549744 35.371708 0.000000 -0.014379 J291 (136.54974,35.37171)
137.110229 35.367371 0.000000 -0.013228 J292 (137.11023,35.36737)
137.405609 35.261967 0.000000 -0.011070 J293 (137.40561,35.26197)
136.593445 35.227905 0.000000 -0.013313 J294 (136.59344,35.22791)
137.980408 35.031517 0.000000 -0.005036 J295 (137.98041,35.03152)
138.515671 34.986496 0.000000 0.002218 J296 (138.51567,34.98650)
138.922256 34.865589 0.000000 0.009789 J297 (138.92226,34.86559)
136.929977 35.334759 0.000000 -0.013517 J298 (136.92998,35.33476)
136.828827 35.190105 0.000000 -0.012675 J299 (136.82883,35.19011)
137.253555 35.138752 0.000000 -0.010885 J300 (137.25356,35.13875)
137.313171 35.039463 0.000000 -0.009901 J301 (137.31317,35.03946)
137.059784 34.994991 0.000000 -0.010663 J302 (137.05978,34.99499)
137.299942 34.919746 0.000000 -0.009173 J303 (137.29994,34.91975)
136.867645 34.823357 0.000000 -0.010157 J304 (136.86765,34.82336)
137.119003 34.794872 0.000000 -0.009184 J305 (137.11900,34.79487)
137.277832 34.648663 0.000000 -0.007697 J306 (137.27783,34.64866)
137.068069 34.609238 0.000000 -0.008328 J307 (137.06807,34.60924)
136.636505 34.913803 0.000000 -0.011182 J309 (136.63651,34.91380)
136.183456 34.742874 0.000000 -0.010569 J310 (136.18346,34.74287)
136.550659 34.547047 0.000000 -0.009239 J311 (136.55066,34.54705)
136.334259 34.433140 0.000000 -0.008933 J312 (136.33426,34.43314)
136.820618 34.253441 0.000000 -0.007337 J314 (136.82062,34.25344)
136.085907 33.875137 0.000000 -0.006838 J315 (136.08591,33.87514)
136.010895 33.741272 0.000000 -0.006423 J316 (136.01089,33.74127)
136.197952 35.557331 0.000000 -0.015613 J317 (136.19795,35.55733)
136.053665 35.466286 0.000000 -0.014830 J318 (136.05367,35.46629)
135.913208 35.351254 0.000000 -0.013930 J319 (135.91321,35.35125)
136.062820 35.318974 0.000000 -0.013892 J320 (136.06282,35.31897)
136.235611 35.269440 0.000000 -0.013687 J321 (136.23561,35.26944)
135.870804 35.137039 0.000000 -0.012630 J322 (135.87080,35.13704)
136.145035 34.986385 0.000000 -0.011918 J323 (136.14503,34.98639)
135.906158 34.939602 0.000000 -0.011575 J324 (135.90616,34.93960)
136.054825 34.869328 0.000000 -0.011251 J326 (136.05482,34.86933)
135.173218 35.752354 0.000000 -0.014631 J327 (135.17322,35.75235)
134.932281 35.555683 0.000000 -0.013099 J328 (134.93228,35.55568)
135.164032 35.292336 0.000000 -0.012390 J329 (135.16403,35.29234)
135.366898 35.163788 0.000000 -0.012130 J331 (135.36690,35.16379)
135.564514 35.077583 0.000000 -0.011982 J332 (135.56451,35.07758)
135.665436 34.988571 0.000000 -0.011645 J333 (135.66544,34.98857)
135.864151 34.746971 0.000000 -0.010573 J334 (135.86415,34.74697)
135.685455 34.777840 0.000000 -0.010630 J335 (135.68546,34.77784)
135.518494 34.677906 0.000000 -0.010056 J336 (135.51849,34.67791)
135.481339 34.527309 0.000000 -0.009389 J337 (135.48134,34.52731)
135.627335 34.479107 0.000000 -0.009260 J338 (135.62733,34.47911)
135.586945 34.424809 0.000000 -0.009018 J339 (135.58694,34.42481)
135.364151 34.406452 0.000000 -0.008847 J340 (135.36415,34.40645)
134.582489 35.436749 0.000000 -0.011898 J341 (134.58249,35.43675)
134.818497 35.314899 0.000000 -0.011849 J342 (134.81850,35.31490)
135.181900 35.105286 0.000000 -0.011571 J343 (135.18190,35.10529)
134.585953 35.094456 0.000000 -0.010666 J344 (134.58595,35.09446)
134.972595 35.090786 0.000000 -0.011190 J345 (134.97260,35.09079)
134.403778 34.997593 0.000000 -0.010117 J346 (134.40378,34.99759)
134.767303 34.984684 0.000000 -0.010501 J347 (134.76730,34.98468)
135.325989 34.976788 0.000000 -0.011198 J348 (135.32599,34.97679)
135.176422 34.944794 0.000000 -0.010864 J349 (135.17642,34.94479)
134.545242 34.897266 0.000000 -0.009948 J350 (134.54524,34.89727)
135.215912 34.812187 0.000000 -0.010352 J351 (135.21591,34.81219)
134.997238 34.804916 0.000000 -0.010089 J352 (134.99724,34.80492)
135.341782 34.790905 0.000000 -0.010393 J353 (135.34178,34.79090)
134.828781 34.786961 0.000000 -0.009854 J354 (134.82878,34.78696)
135.380386 34.724251 0.000000 -0.010144 J355 (135.38039,34.72425)
135.172287 34.686989 0.000000 -0.009802 J356 (135.17229,34.68699)
134.519562 34.669880 0.000000 -0.009190 J357 (134.51956,34.66988)
134.965698 34.669739 0.000000 -0.009557 J358 (134.96570,34.66974)
135.024078 34.577053 0.000000 -0.009269 J359 (135.02408,34.57705)
134.860977 34.493320 0.000000 -0.008874 J360 (134.86098,34.49332)
134.881531 34.349770 0.000000 -0.008423 J361 (134.88153,34.34977)
134.735184 34.334332 0.000000 -0.008303 J362 (134.73518,34.33433)
134.736542 34.223671 0.000000 -0.007972 J363 (134.73654,34.22367)
136.050385 34.567032 0.000000 -0.009719 J364 (136.05038,34.56703)
135.731003 34.539223 0.000000 -0.009559 J365 (135.73100,34.53922)
135.704178 34.388302 0.000000 -0.008904 J366 (135.70418,34.38830)
135.963745 34.038166 0.000000 -0.007493 J367 (135.96375,34.03817)
135.357956 34.256138 0.000000 -0.008291 J368 (135.35796,34.25614)
135.065979 34.271461 0.000000 -0.008248 J369 (135.06598,34.27146)
135.590118 34.221828 0.000000 -0.008220 J370 (135.59012,34.22183)
135.384857 33.961674 0.000000 -0.007309 J371 (135.38486,33.96167)
135.180084 33.913853 0.000000 -0.007169 J372 (135.18008,33.91385)
135.782089 33.815201 0.000000 -0.006769 J373 (135.78209,33.81520)
135.508392 33.785488 0.000000 -0.006756 J374 (135.50839,33.78549)
135.396179 33.744274 0.000000 -0.006662 J375 (135.39618,33.74427)
135.920715 33.583912 0.000000 -0.005989 J376 (135.92072,33.58391)
135.599197 33.505619 0.000000 -0.005946 J377 (135.59920,33.50562)
134.046677 35.456753 0.000000 -0.011038 J378 (134.04668,35.45675)
133.439072 35.345535 0.000000 -0.009340 J379 (133.43907,35.34554)
134.237366 35.265862 0.000000 -0.010757 J380 (134.23737,35.26586)
133.308533 35.164574 0.000000 -0.008523 J381 (133.30853,35.16457)
133.239883 36.285290 0.000000 -0.011238 J382 (133.23988,36.28529)
132.984375 36.093208 0.000000 -0.009995 J383 (132.98438,36.09321)
132.743210 35.392616 0.000000 -0.007766 J384 (132.74321,35.39262)
132.995422 35.195614 0.000000 -0.007876 J385 (132.99542,35.19561)
132.507324 35.185955 0.000000 -0.006867 J386 (132.50732,35.18596)
132.720505 35.019772 0.000000 -0.006932 J387 (132.72050,35.01977)
131.923141 34.767345 0.000000 -0.005254 J388 (131.92314,34.76735)
133.792480 35.263538 0.000000 -0.009944 J389 (133.79248,35.26354)
134.319641 35.099640 0.000000 -0.010339 J390 (134.31964,35.09964)
134.234772 35.020882 0.000000 -0.009975 J391 (134.23477,35.02088)
133.734497 35.002960 0.000000 -0.009050 J392 (133.73450,35.00296)
133.960861 34.982544 0.000000 -0.009430 J393 (133.96086,34.98254)
133.598083 34.809692 0.000000 -0.008203 J394 (133.59808,34.80969)
133.929047 34.791386 0.000000 -0.008800 J395 (133.92905,34.79139)
134.165756 34.657722 0.000000 -0.008768 J396 (134.16576,34.65772)
133.796738 34.438568 0.000000 -0.007536 J397 (133.79674,34.43857)
133.120224 34.943451 0.000000 -0.007537 J398 (133.12022,34.94345)
132.277328 34.726898 0.000000 -0.005686 J399 (132.27733,34.72690)
132.540237 34.678814 0.000000 -0.005986 J400 (132.54024,34.67881)
133.107529 34.672451 0.000000 -0.006872 J401 (133.10753,34.67245)
132.824005 34.571301 0.000000 -0.006200 J402 (132.82401,34.57130)
132.463470 34.539158 0.000000 -0.005637 J403 (132.46347,34.53916)
133.009796 34.378685 0.000000 -0.006081 J405 (133.00980,34.37868)
131.416550 34.439861 0.000000 -0.004275 J407 (131.41655,34.43986)
130.943146 34.294609 0.000000 -0.003700 J408 (130.94315,34.29461)
131.562790 34.283737 0.000000 -0.004239 J409 (131.56279,34.28374)
131.953293 34.259083 0.000000 -0.004605 J410 (131.95329,34.25908)
131.346085 34.189491 0.000000 -0.003935 J411 (131.34608,34.18949)
131.530823 34.057240 0.000000 -0.003951 J412 (131.53082,34.05724)
131.286041 33.977715 0.000000 -0.003659 J413 (131.28604,33.97771)
132.104446 33.975067 0.000000 -0.004384 J414 (132.10445,33.97507)
134.351974 34.096989 0.000000 -0.007332 J415 (134.35197,34.09699)
134.560135 34.059906 0.000000 -0.007398 J416 (134.56013,34.05991)
134.049179 34.051498 0.000000 -0.006841 J417 (134.04918,34.05150)
134.230225 34.038418 0.000000 -0.007034 J418 (134.23022,34.03842)
133.681290 33.936672 0.000000 -0.006023 J419 (133.68129,33.93667)
134.389099 33.878933 0.000000 -0.006751 J420 (134.38910,33.87893)
134.058197 33.877514 0.000000 -0.006377 J421 (134.05820,33.87751)
134.667801 33.830242 0.000000 -0.006819 J422 (134.66780,33.83024)
134.533005 33.725090 0.000000 -0.006447 J423 (134.53300,33.72509)
134.372025 33.618500 0.000000 -0.006027 J424 (134.37202,33.61850)
134.314209 34.472374 0.000000 -0.008391 J425 (134.31421,34.47237)
134.241974 34.254578 0.000000 -0.007668 J426 (134.24197,34.25458)
133.715057 34.217396 0.000000 -0.006789 J427 (133.71506,34.21740)
133.647522 34.068073 0.000000 -0.006299 J428 (133.64752,34.06807)
133.925507 34.164169 0.000000 -0.006976 J429 (133.92551,34.16417)
132.990234 34.077888 0.000000 -0.005469 J430 (132.99023,34.07789)
133.538239 33.938660 0.000000 -0.005839 J431 (133.53824,33.93866)
133.201309 33.921204 0.000000 -0.005404 J432 (133.20131,33.92120)
132.911636 33.796497 0.000000 -0.004895 J433 (132.91164,33.79650)
132.683975 33.722599 0.000000 -0.004572 J434 (132.68398,33.72260)
132.937881 33.569225 0.000000 -0.004549 J435 (132.93788,33.56923)
132.693405 33.446766 0.000000 -0.004173 J436 (132.69341,33.44677)
132.561829 32.963905 0.000000 -0.003431 J437 (132.56183,32.96391)
133.655777 33.766975 0.000000 -0.005593 J438 (133.65578,33.76698)
133.805023 33.654152 0.000000 -0.005506 J439 (133.80502,33.65415)
134.106903 33.603786 0.000000 -0.005720 J440 (134.10690,33.60379)
134.280807 33.527760 0.000000 -0.005705 J441 (134.28081,33.52776)
133.903641 33.505737 0.000000 -0.005271 J442 (133.90364,33.50574)
133.280914 33.468403 0.000000 -0.004650 J443 (133.28091,33.46840)
134.007126 33.427795 0.000000 -0.005195 J444 (134.00713,33.42780)
133.402985 33.407703 0.000000 -0.004636 J445 (133.40298,33.40770)
132.792694 33.171646 0.000000 -0.003858 J447 (132.79269,33.17165)
132.999237 32.991234 0.000000 -0.003738 J448 (132.99924,32.99123)
132.703720 32.840607 0.000000 -0.003363 J449 (132.70372,32.84061)
130.250824 33.536140 0.000000 -0.002613 J450 (130.25082,33.53614)
130.521957 33.500378 0.000000 -0.002714 J451 (130.52196,33.50038)
130.828751 33.465462 0.000000 -0.002852 J452 (130.82875,33.46546)
130.564651 33.205875 0.000000 -0.002529 J453 (130.56465,33.20588)
130.268723 33.274853 0.000000 -0.002463 J454 (130.26872,33.27485)
130.094162 33.098476 0.000000 -0.002322 J455 (130.09416,33.09848)
129.482056 34.655552 0.000000 -0.002899 J456 (129.48206,34.65555)
129.311508 34.268208 0.000000 -0.002624 J457 (129.31151,34.26821)
129.734726 33.742657 0.000000 -0.002531 J458 (129.73473,33.74266)
129.537018 33.362202 0.000000 -0.002308 J459 (129.53702,33.36220)
129.690659 33.063103 0.000000 -0.002222 J460 (129.69066,33.06310)
130.271332 32.870686 0.000000 -0.002254 J461 (130.27133,32.87069)
128.843109 32.669384 0.000000 -0.001876 J462 (128.84311,32.66938)
130.154602 32.636913 0.000000 -0.002130 J463 (130.15460,32.63691)
130.547729 32.933495 0.000000 -0.002355 J464 (130.54773,32.93349)
130.764801 32.842098 0.000000 -0.002367 J465 (130.76480,32.84210)
131.099304 32.740650 0.000000 -0.002414 J466 (131.09930,32.74065)
129.987305 32.326241 0.000000 -0.001987 J467 (129.98730,32.32624)
130.506836 32.299156 0.000000 -0.002037 J468 (130.50684,32.29916)
130.802628 32.238674 0.000000 -0.002047 J469 (130.80263,32.23867)
131.564163 33.671192 0.000000 -0.003549 J470 (131.56416,33.67119)
131.168930 33.496235 0.000000 -0.003090 J471 (131.16893,33.49623)
131.347275 33.254044 0.000000 -0.002971 J472 (131.34727,33.25404)
131.798065 33.239437 0.000000 -0.003245 J473 (131.79807,33.23944)
131.286087 33.009029 0.000000 -0.002712 J474 (131.28609,33.00903)
131.587845 32.986858 0.000000 -0.002855 J475 (131.58784,32.98686)
131.756836 32.704018 0.000000 -0.002674 J476 (131.75684,32.70402)
131.327621 32.684834 0.000000 -0.002461 J477 (131.32762,32.68483)
131.148865 32.456642 0.000000 -0.002237 J478 (131.14886,32.45664)
131.185226 32.245857 0.000000 -0.002117 J479 (131.18523,32.24586)
131.515854 32.170433 0.000000 -0.002148 J480 (131.51585,32.17043)
131.078568 31.965048 0.000000 -0.001953 J481 (131.07857,31.96505)
131.021515 31.740314 0.000000 -0.001852 J482 (131.02151,31.74031)
131.368866 31.676546 0.000000 -0.001847 J483 (131.36887,31.67655)
131.217392 31.469376 0.000000 -0.001754 J484 (131.21739,31.46938)
130.597809 32.057503 0.000000 -0.001948 J485 (130.59781,32.05750)
130.759674 31.855528 0.000000 -0.001882 J486 (130.75967,31.85553)
129.795441 31.768684 0.000000 -0.001746 J487 (129.79544,31.76868)
130.278152 31.717379 0.000000 -0.001796 J488 (130.27815,31.71738)
130.836060 31.617376 0.000000 -0.001797 J489 (130.83606,31.61738)
130.640366 31.235224 0.000000 -0.001653 J490 (130.64037,31.23522)
130.723053 31.106205 0.000000 -0.001613 J491 (130.72305,31.10620)
130.964218 30.530867 0.000000 -0.001425 J492 (130.96422,30.53087)
130.638382 30.381721 0.000000 -0.001333 J493 (130.63838,30.38172)
129.489029 28.399088 0.000000 -0.000797 J494 (129.48903,28.39909)
128.432327 27.032185 0.000000 -0.000963 J495 (128.43233,27.03218)
127.898453 26.694811 0.000000 -0.000787 J496 (127.89845,26.69481)
131.227798 25.831211 0.000000 -0.000738 J497 (131.22780,25.83121)
125.373795 24.753119 0.000000 -0.000602 J498 (125.37379,24.75312)
122.942841 24.454168 0.000000 -0.000186 J499 (122.94284,24.45417)
123.792038 24.426273 0.000000 -0.000305 J500 (123.79204,24.42627)
141.167099 45.137711 0.000000 -0.003322 J501 (141.16710,45.13771)
142.964462 44.582043 0.000000 -0.000370 J502 (142.96446,44.58204)
143.615677 44.219723 0.000000 0.001195 J503 (143.61568,44.21972)
143.076813 44.191944 0.000000 0.000423 J504 (143.07681,44.19194)
144.293304 43.988789 0.000000 0.002497 J505 (144.29330,43.98879)
142.577713 43.908405 0.000000 -0.000102 J506 (142.57771,43.90841)
144.115250 43.828079 0.000000 0.002901 J507 (144.11525,43.82808)
142.409607 43.738522 0.000000 -0.000223 J508 (142.40961,43.73852)
141.873840 43.740841 0.000000 -0.001981 J509 (141.87384,43.74084)
142.903015 43.771412 0.000000 0.001072 J510 (142.90302,43.77141)
143.578156 43.670502 0.000000 0.002857 J511 (143.57816,43.67050)
145.258957 43.232105 0.000000 0.005300 J512 (145.25896,43.23211)
144.079620 43.438835 0.000000 0.004606 J513 (144.07962,43.43884)
142.395340 43.336266 0.000000 0.001025 J514 (142.39534,43.33627)
144.597656 43.307011 0.000000 0.005471 J515 (144.59766,43.30701)
141.890930 43.248409 0.000000 -0.000927 J516 (141.89093,43.24841)
140.860611 43.209507 0.000000 -0.006242 J517 (140.86061,43.20951)
142.809723 43.165527 0.000000 0.003639 J518 (142.80972,43.16553)
145.520493 43.195164 0.000000 0.005067 J519 (145.52049,43.19516)
141.540115 43.077587 0.000000 -0.002287 J520 (141.54012,43.07759)
143.170563 42.938862 0.000000 0.006780 J521 (143.17056,42.93886)
141.577423 42.884430 0.000000 -0.001249 J522 (141.57742,42.88443)
141.407089 42.773190 0.000000 -0.001926 J523 (141.40709,42.77319)
140.767624 42.551380 0.000000 -0.006477 J525 (140.76762,42.55138)
140.876373 42.473904 0.000000 -0.005145 J526 (140.87637,42.47390)
139.446152 42.060505 0.000000 -0.018690 J527 (139.44615,42.06050)
140.666870 42.123142 0.000000 -0.005491 J528 (140.66687,42.12314)
140.715439 41.976688 0.000000 -0.003484 J529 (140.71544,41.97669)
140.071228 41.803028 0.000000 -0.012424 J530 (140.07123,41.80303)
144.719147 42.982571 0.000000 0.007419 J531 (144.71915,42.98257)
143.315689 42.125587 0.000000 0.020816 J532 (143.31569,42.12559)
141.447586 41.404705 0.000000 0.025041 J533 (141.44759,41.40471)
140.490768 41.185078 0.000000 0.000878 J534 (140.49077,41.18508)
140.821991 41.145546 0.000000 0.011328 J535 (140.82199,41.14555)
141.131805 40.862362 0.000000 0.026982 J537 (141.13181,40.86236)
140.589218 40.706276 0.000000 0.004545 J538 (140.58922,40.70628)
141.376205 40.676399 0.000000 0.041658 J539 (141.37621,40.67640)
140.478531 40.624344 0.000000 0.000182 J540 (140.47853,40.62434)
140.803345 40.643566 0.000000 0.010966 J541 (140.80334,40.64357)
140.451569 40.910175 0.000000 0.001199 J542 (140.45157,40.91018)
141.066330 39.953079 0.000000 -0.006489 J543 (141.06633,39.95308)
140.769180 39.351299 0.000000 -0.023612 J544 (140.76918,39.35130)
141.575485 39.143089 0.000000 0.263410 J546 (141.57549,39.14309)
141.675293 39.596127 0.000000 0.113192 J547 (141.67529,39.59613)
140.847870 38.546215 0.000000 0.147528 J548 (140.84787,38.54622)
141.212906 38.425056 0.000000 0.449698 J549 (141.21291,38.42506)
141.500687 38.301186 0.000000 0.673928 J550 (141.50069,38.30119)
139.848938 39.891136 0.000000 -0.022022 J551 (139.84894,39.89114)
140.044724 39.825809 0.000000 -0.023576 J552 (140.04472,39.82581)
140.732849 39.702682 0.000000 -0.035628 J553 (140.73285,39.70268)
140.506699 39.199097 0.000000 -0.038853 J554 (140.50670,39.19910)
139.927490 39.015972 0.000000 -0.031527 J555 (139.92749,39.01597)
140.365158 38.496769 0.000000 -0.028250 J556 (140.36516,38.49677)
140.271133 38.148098 0.000000 -0.015708 J557 (140.27113,38.14810)
140.205658 37.615952 0.000000 0.044245 J559 (140.20566,37.61595)
140.372894 37.620731 0.000000 0.077703 J560 (140.37289,37.62073)
140.135880 37.424507 0.000000 0.048202 J561 (140.13588,37.42451)
139.586166 37.097248 0.000000 0.017114 J563 (139.58617,37.09725)
139.461685 38.056183 0.000000 -0.009496 J564 (139.46169,38.05618)
138.369888 38.023685 0.000000 -0.028466 J565 (138.36989,38.02369)
138.706940 37.535831 0.000000 -0.014159 J566 (138.70694,37.53583)
138.516373 37.348541 0.000000 -0.016597 J567 (138.51637,37.34854)
139.020248 37.319870 0.000000 -0.002264 J568 (139.02025,37.31987)
138.242584 37.056683 0.000000 -0.019168 J569 (138.24258,37.05668)
137.893875 36.950871 0.000000 -0.024348 J570 (137.89388,36.95087)
139.073914 37.752064 0.000000 -0.007756 J571 (139.07391,37.75206)
137.369522 36.736958 0.000000 -0.026062 J572 (137.36952,36.73696)
137.031891 36.649563 0.000000 -0.026024 J573 (137.03189,36.64956)
137.138550 37.306969 0.000000 -0.032739 J574 (137.13855,37.30697)
136.718765 37.156746 0.000000 -0.030773 J575 (136.71877,37.15675)
136.996063 37.123158 0.000000 -0.030986 J576 (136.99606,37.12316)
136.755646 36.817478 0.000000 -0.027599 J577 (136.75565,36.81748)
136.605331 36.370068 0.000000 -0.022896 J578 (136.60533,36.37007)
136.184998 35.968887 0.000000 -0.018589 J579 (136.18500,35.96889)
136.055984 35.836842 0.000000 -0.017354 J580 (136.05598,35.83684)
140.497604 36.743027 0.000000 0.159954 J581 (140.49760,36.74303)
139.987762 36.300705 0.000000 0.039532 J582 (139.98776,36.30070)
139.931503 36.114815 0.000000 0.032834 J583 (139.93150,36.11481)
140.202438 36.031338 0.000000 0.096296 J584 (140.20244,36.03134)
140.164764 36.952305 0.000000 0.072551 J585 (140.16476,36.95230)
139.805740 36.979580 0.000000 0.029590 J586 (139.80574,36.97958)
139.854263 36.776371 0.000000 0.031541 J587 (139.85426,36.77637)
140.157684 36.692455 0.000000 0.074289 J588 (140.15768,36.69246)
139.490585 36.624172 0.000000 0.009811 J589 (139.49059,36.62417)
140.179306 36.542217 0.000000 0.078128 J590 (140.17931,36.54222)
138.591446 36.616318 0.000000 -0.008430 J591 (138.59145,36.61632)
139.066635 36.234669 0.000000 0.000012 J592 (139.06664,36.23467)
138.912415 36.142754 0.000000 -0.001052 J593 (138.91241,36.14275)
139.434021 34.761543 0.000000 0.021352 J594 (139.43402,34.76154)
139.358582 34.737614 0.000000 0.019147 J595 (139.35858,34.73761)
139.270935 34.519634 0.000000 0.014974 J596 (139.27094,34.51963)
139.210938 34.333122 0.000000 0.012174 J597 (139.21094,34.33312)
139.137573 34.239914 0.000000 0.010371 J598 (139.13757,34.23991)
139.478806 34.075783 0.000000 0.013147 J600 (139.47881,34.07578)
139.612854 33.884125 0.000000 0.012299 J601 (139.61285,33.88412)
139.764618 32.463501 0.000000 0.003688 J602 (139.76462,32.46350)
142.162766 26.635151 0.000000 -0.000300 J603 (142.16277,26.63515)
138.690384 35.649517 0.000000 0.000859 J606 (138.69038,35.64952)
139.025772 35.511868 0.000000 0.008816 J607 (139.02577,35.51187)
137.984543 36.239029 0.000000 -0.015493 J608 (137.98454,36.23903)
137.871750 36.228371 0.000000 -0.016798 J609 (137.87175,36.22837)
138.499283 36.284714 0.000000 -0.007840 J610 (138.49928,36.28471)
137.682632 36.084663 0.000000 -0.017173 J611 (137.68263,36.08466)
138.214478 36.026161 0.000000 -0.010252 J612 (138.21448,36.02616)
138.583023 35.974148 0.000000 -0.004050 J613 (138.58302,35.97415)
137.598267 35.880001 0.000000 -0.015645 J614 (137.59827,35.88000)
137.983887 35.726292 0.000000 -0.010518 J615 (137.98389,35.72629)
137.676392 35.343735 0.000000 -0.010015 J616 (137.67639,35.34373)
136.904266 36.261467 0.000000 -0.022039 J617 (136.90427,36.26147)
137.363022 36.285645 0.000000 -0.021209 J618 (137.36302,36.28564)
137.200668 35.911633 0.000000 -0.017880 J619 (137.20067,35.91163)
138.776520 34.855034 0.000000 0.006927 J620 (138.77652,34.85503)
138.928360 35.204395 0.000000 0.009408 J621 (138.92836,35.20440)
138.098282 34.679924 0.000000 -0.002167 J622 (138.09828,34.67992)
138.182968 34.677753 0.000000 -0.001269 J623 (138.18297,34.67775)
138.046524 34.666409 0.000000 -0.002626 J624 (138.04652,34.66641)
138.159042 34.634541 0.000000 -0.001398 J625 (138.15904,34.63454)
138.906891 35.047241 0.000000 0.009432 J626 (138.90689,35.04724)
140.086304 36.103634 0.000000 0.065553 J627 (140.08630,36.10363)
138.939331 34.698906 0.000000 0.009746 J628 (138.93933,34.69891)
137.073563 35.239086 0.000000 -0.012351 J629 (137.07356,35.23909)
136.965805 35.168423 0.000000 -0.012171 J630 (136.96581,35.16842)
136.862747 34.984394 0.000000 -0.011183 J631 (136.86275,34.98439)
136.831879 34.904385 0.000000 -0.010745 J632 (136.83188,34.90438)
136.694244 35.050911 0.000000 -0.011970 J633 (136.69424,35.05091)
136.393265 34.854900 0.000000 -0.011090 J634 (136.39326,34.85490)
136.329758 34.648750 0.000000 -0.010002 J635 (136.32976,34.64875)
136.628403 34.431442 0.000000 -0.008543 J636 (136.62840,34.43144)
136.342926 34.208157 0.000000 -0.007929 J637 (136.34293,34.20816)
136.264740 35.420357 0.000000 -0.014716 J638 (136.26474,35.42036)
136.041199 35.085724 0.000000 -0.012461 J639 (136.04120,35.08572)
135.034042 35.685078 0.000000 -0.013937 J640 (135.03404,35.68508)
135.415833 35.482216 0.000000 -0.013824 J641 (135.41583,35.48222)
135.549530 35.275860 0.000000 -0.012981 J642 (135.54953,35.27586)
135.773300 35.053135 0.000000 -0.012082 J643 (135.77330,35.05313)
135.772400 34.952641 0.000000 -0.011556 J644 (135.77240,34.95264)
134.677383 35.621201 0.000000 -0.012799 J645 (134.67738,35.62120)
134.728714 35.461262 0.000000 -0.012268 J646 (134.72871,35.46126)
135.022034 35.237881 0.000000 -0.011889 J647 (135.02203,35.23788)
134.771225 35.162743 0.000000 -0.011173 J648 (134.77122,35.16274)
134.945038 34.936188 0.000000 -0.010535 J649 (134.94504,34.93619)
135.528351 34.311840 0.000000 -0.008549 J650 (135.52835,34.31184)
135.167740 34.025391 0.000000 -0.007499 J652 (135.16774,34.02539)
135.496201 33.554413 0.000000 -0.006116 J653 (135.49620,33.55441)
133.339691 35.436008 0.000000 -0.009331 J654 (133.33969,35.43601)
134.325272 35.361443 0.000000 -0.011206 J655 (134.32527,35.36144)
133.137894 35.563534 0.000000 -0.009132 J656 (133.13789,35.56353)
132.457321 34.892658 0.000000 -0.006239 J657 (132.45732,34.89266)
132.013565 34.571064 0.000000 -0.005098 J658 (132.01357,34.57106)
131.864319 34.439720 0.000000 -0.004743 J659 (131.86432,34.43972)
133.563995 35.169662 0.000000 -0.009151 J660 (133.56400,35.16966)
133.396271 34.993362 0.000000 -0.008268 J662 (133.39627,34.99336)
132.851578 34.811604 0.000000 -0.006733 J663 (132.85158,34.81160)
133.337631 34.777790 0.000000 -0.007570 J664 (133.33763,34.77779)
132.194656 34.370346 0.000000 -0.005033 J665 (132.19466,34.37035)
132.455551 34.260921 0.000000 -0.005175 J666 (132.45555,34.26092)
132.884384 34.210068 0.000000 -0.005591 J667 (132.88438,34.21007)
131.152390 34.764347 0.000000 -0.004367 J668 (131.15239,34.76435)
131.176163 34.342087 0.000000 -0.003949 J669 (131.17616,34.34209)
131.065674 34.179771 0.000000 -0.003688 J670 (131.06567,34.17977)
132.358337 33.909935 0.000000 -0.004544 J672 (132.35834,33.90993)
134.605026 34.171810 0.000000 -0.007749 J673 (134.60503,34.17181)
133.874985 34.039738 0.000000 -0.006561 J674 (133.87498,34.03974)
134.301468 33.789532 0.000000 -0.006419 J675 (134.30147,33.78953)
133.998672 34.445454 0.000000 -0.007893 J676 (133.99867,34.44545)
133.780670 34.383400 0.000000 -0.007352 J677 (133.78067,34.38340)
133.189102 34.252445 0.000000 -0.006066 J678 (133.18910,34.25245)
132.781738 33.959473 0.000000 -0.005041 J679 (132.78174,33.95947)
132.487259 33.611595 0.000000 -0.004239 J680 (132.48726,33.61160)
132.543762 33.177589 0.000000 -0.003693 J681 (132.54376,33.17759)
133.228470 33.326908 0.000000 -0.004378 J683 (133.22847,33.32691)
133.128632 33.215431 0.000000 -0.004140 J684 (133.12863,33.21543)
130.749557 33.745506 0.000000 -0.003041 J685 (130.74956,33.74551)
131.016525 33.697403 0.000000 -0.003178 J686 (131.01653,33.69740)
130.823883 33.640465 0.000000 -0.002998 J687 (130.82388,33.64046)
130.701157 33.327225 0.000000 -0.002675 J688 (130.70116,33.32722)
129.940094 33.196030 0.000000 -0.002330 J689 (129.94009,33.19603)
129.690018 33.266121 0.000000 -0.002303 J690 (129.69002,33.26612)
129.125504 33.255791 0.000000 -0.002174 J691 (129.12550,33.25579)
129.026337 32.885628 0.000000 -0.002010 J692 (129.02634,32.88563)
130.166428 32.795700 0.000000 -0.002199 J693 (130.16643,32.79570)
130.335953 32.793015 0.000000 -0.002230 J694 (130.33595,32.79301)
130.216660 32.712292 0.000000 -0.002171 J695 (130.21666,32.71229)
130.352280 32.722572 0.000000 -0.002200 J696 (130.35228,32.72257)
130.290710 32.660652 0.000000 -0.002161 J697 (130.29071,32.66065)
128.619354 32.634274 0.000000 -0.001796 J698 (128.61935,32.63427)
131.062897 33.121956 0.000000 -0.002694 J699 (131.06290,33.12196)
130.748627 33.011292 0.000000 -0.002471 J700 (130.74863,33.01129)
130.996216 32.870747 0.000000 -0.002469 J701 (130.99622,32.87075)
130.794907 32.576725 0.000000 -0.002218 J702 (130.79491,32.57673)
131.093430 32.950653 0.000000 -0.002570 J703 (131.09343,32.95065)
131.132156 32.845001 0.000000 -0.002505 J704 (131.13216,32.84500)
131.356644 33.537125 0.000000 -0.003256 J705 (131.35664,33.53712)
131.588425 33.349854 0.000000 -0.003222 J706 (131.58842,33.34985)
131.121140 33.270271 0.000000 -0.002852 J707 (131.12114,33.27027)
131.579483 33.228428 0.000000 -0.003090 J709 (131.57948,33.22843)
130.915741 33.190575 0.000000 -0.002675 J710 (130.91574,33.19057)
131.530670 32.557049 0.000000 -0.002442 J711 (131.53067,32.55705)
131.334015 32.384399 0.000000 -0.002242 J712 (131.33401,32.38440)
131.486023 32.069107 0.000000 -0.002075 J713 (131.48602,32.06911)
130.865631 32.047718 0.000000 -0.001968 J714 (130.86563,32.04772)
131.306305 31.842098 0.000000 -0.001920 J715 (131.30630,31.84210)
131.305862 31.399105 0.000000 -0.001730 J716 (131.30586,31.39911)
130.179657 32.197075 0.000000 -0.001962 J717 (130.17966,32.19707)
130.439651 31.908840 0.000000 -0.001880 J718 (130.43965,31.90884)
130.651886 31.624098 0.000000 -0.001791 J719 (130.65189,31.62410)
130.708542 31.591841 0.000000 -0.001782 J720 (130.70854,31.59184)
130.637360 31.552221 0.000000 -0.001765 J721 (130.63736,31.55222)
130.699402 31.496153 0.000000 -0.001748 J722 (130.69940,31.49615)
130.274979 30.784655 0.000000 -0.001438 J723 (130.27498,30.78465)
131.028595 30.753325 0.000000 -0.001506 J724 (131.02859,30.75332)
130.198242 30.461390 0.000000 -0.001293 J725 (130.19824,30.46139)
130.903229 30.398676 0.000000 -0.001371 J726 (130.90323,30.39868)
130.424377 30.395756 0.000000 -0.001306 J727 (130.42438,30.39576)
130.554550 30.236353 0.000000 -0.001263 J728 (130.55455,30.23635)
129.705750 29.615330 0.000000 -0.000924 J729 (129.70575,29.61533)
129.693573 28.487219 0.000000 -0.000770 J730 (129.69357,28.48722)
130.028961 28.371132 0.000000 -0.000735 J731 (130.02896,28.37113)
129.921677 28.293980 0.000000 -0.000744 J732 (129.92168,28.29398)
129.320450 28.137583 0.000000 -0.000844 J733 (129.32045,28.13758)
128.894470 27.816637 0.000000 -0.000962 J734 (128.89447,27.81664)
128.650726 27.401239 0.000000 -0.001007 J735 (128.65073,27.40124)
127.945053 26.944489 0.000000 -0.000878 J736 (127.94505,26.94449)
128.248367 26.859344 0.000000 -0.000903 J737 (128.24837,26.85934)
128.144028 26.708273 0.000000 -0.000841 J738 (128.14403,26.70827)
127.231628 26.582876 0.000000 -0.000602 J739 (127.23163,26.58288)
127.972397 26.482731 0.000000 -0.000732 J740 (127.97240,26.48273)
127.832733 26.446926 0.000000 -0.000690 J741 (127.83273,26.44693)
127.143646 26.372936 0.000000 -0.000533 J742 (127.14365,26.37294)
126.739151 26.347830 0.000000 -0.000481 J743 (126.73915,26.34783)
127.345245 26.178795 0.000000 -0.000521 J744 (127.34525,26.17879)
127.826187 26.168608 0.000000 -0.000602 J745 (127.82619,26.16861)
131.290680 25.953726 0.000000 -0.000722 J746 (131.29068,25.95373)
125.170975 24.827959 0.000000 -0.000600 J747 (125.17097,24.82796)
124.692444 24.641615 0.000000 -0.000516 J748 (124.69244,24.64161)
124.301285 24.536625 0.000000 -0.000425 J749 (124.30128,24.53662)
124.172653 24.338877 0.000000 -0.000358 J750 (124.17265,24.33888)
123.795853 24.061501 0.000000 -0.000245 J751 (123.79585,24.06150)
139.056732 36.539257 0.000000 0.000707 J752 (139.05673,36.53926)
139.269333 36.003735 0.000000 0.002702 J753 (139.26933,36.00373)
139.182205 35.884048 0.000000 0.004344 J754 (139.18221,35.88405)
139.365967 35.800800 0.000000 0.008752 J755 (139.36597,35.80080)
140.249161 35.288383 0.000000 0.074886 J756 (140.24916,35.28838)
139.369904 35.616428 0.000000 0.014497 J758 (139.36990,35.61643)
139.613846 35.160866 0.000000 0.030897 J759 (139.61385,35.16087)
135.789841 34.882030 0.000000 -0.011208 J760 (135.78984,34.88203)
135.618820 34.621052 0.000000 -0.009870 J761 (135.61882,34.62105)
134.659668 34.864120 0.000000 -0.009955 J762 (134.65967,34.86412)
135.706024 34.698334 0.000000 -0.010269 J763 (135.70602,34.69833)
135.819870 34.574001 0.000000 -0.009742 J764 (135.81987,34.57400)
134.175797 34.809566 0.000000 -0.009242 J765 (134.17580,34.80957)
133.757019 34.579147 0.000000 -0.007864 J766 (133.75702,34.57915)
133.288116 34.450439 0.000000 -0.006664 J767 (133.28812,34.45044)
132.820221 34.334873 0.000000 -0.005743 J768 (132.82022,34.33487)
132.219131 34.191181 0.000000 -0.004802 J769 (132.21913,34.19118)
129.954849 33.372181 0.000000 -0.002417 J770 (129.95485,33.37218)
130.444519 33.346489 0.000000 -0.002573 J771 (130.44452,33.34649)
129.989685 32.945587 0.000000 -0.002231 J772 (129.98969,32.94559)
130.430450 32.581673 0.000000 -0.002149 J773 (130.43045,32.58167)
130.085190 32.524532 0.000000 -0.002075 J774 (130.08519,32.52453)
130.323639 32.426273 0.000000 -0.002067 J775 (130.32364,32.42627)
130.469452 31.675102 0.000000 -0.001798 J776 (130.46945,31.67510)
130.135757 31.415892 0.000000 -0.001666 J777 (130.13576,31.41589)
141.598236 45.219769 0.000000 -0.002693 J778 (141.59824,45.21977)
142.351837 45.126774 0.000000 -0.001661 J779 (142.35184,45.12677)
142.717911 44.780170 0.000000 -0.000935 J780 (142.71791,44.78017)
141.793915 44.639927 0.000000 -0.002433 J781 (141.79391,44.63993)
142.264526 44.365128 0.000000 -0.001415 J782 (142.26453,44.36513)
141.664597 44.148754 0.000000 -0.002749 J783 (141.66460,44.14875)
144.506409 43.722778 0.000000 0.003520 J784 (144.50641,43.72278)
141.370590 43.624329 0.000000 -0.003764 J785 (141.37059,43.62433)
142.643066 43.431633 0.000000 0.001539 J787 (142.64307,43.43163)
143.901993 43.101692 0.000000 0.006682 J788 (143.90199,43.10169)
142.870056 43.013653 0.000000 0.005054 J789 (142.87006,43.01365)
142.084595 42.933773 0.000000 0.001784 J790 (142.08459,42.93377)
143.494965 42.806507 0.000000 0.008973 J791 (143.49496,42.80651)
141.081055 42.420547 0.000000 -0.002658 J792 (141.08105,42.42055)
143.151978 42.486412 0.000000 0.012768 J793 (143.15198,42.48641)
140.371231 41.934853 0.000000 -0.008504 J794 (140.37123,41.93485)
141.452591 39.849018 0.000000 0.077205 J795 (141.45259,39.84902)
140.988449 39.127007 0.000000 0.072997 J796 (140.98845,39.12701)
140.645630 37.984406 0.000000 0.124131 J797 (140.64563,37.98441)
140.822906 40.044975 0.000000 -0.019013 J798 (140.82291,40.04498)
140.094635 38.434341 0.000000 -0.035459 J799 (140.09464,38.43434)
140.841644 37.018448 0.000000 0.242920 J800 (140.84164,37.01845)
139.402237 37.036934 0.000000 0.011184 J801 (139.40224,37.03693)
138.944824 36.778061 0.000000 -0.001404 J802 (138.94482,36.77806)
140.199921 38.288982 0.000000 -0.028974 J803 (140.19992,38.28898)
139.521927 35.419270 0.000000 0.024627 J804 (139.52193,35.41927)
139.226044 37.828159 0.000000 -0.006779 J805 (139.22604,37.82816)
138.880447 37.776989 0.000000 -0.012960 J806 (138.88045,37.77699)
138.779541 37.498657 0.000000 -0.011391 J807 (138.77954,37.49866)
138.456818 35.673695 0.000000 -0.003293 J809 (138.45682,35.67369)
138.920273 37.589737 0.000000 -0.008516 J810 (138.92027,37.58974)
137.528778 35.575092 0.000000 -0.013074 J811 (137.52878,35.57509)
136.470306 35.359730 0.000000 -0.014326 J812 (136.47031,35.35973)
138.973862 35.114166 0.000000 0.010812 J813 (138.97386,35.11417)
138.876465 34.719475 0.000000 0.008639 J814 (138.87646,34.71947)
138.609970 35.117153 0.000000 0.003249 J815 (138.60997,35.11715)
138.209976 35.066975 0.000000 -0.002552 J817 (138.20998,35.06697)
138.081680 35.044884 0.000000 -0.004010 J818 (138.08168,35.04488)
137.946808 34.902050 0.000000 -0.004636 J819 (137.94681,34.90205)
138.176743 34.849415 0.000000 -0.001941 J820 (138.17674,34.84941)
137.680771 34.752041 0.000000 -0.005978 J821 (137.68077,34.75204)
136.788818 35.300838 0.000000 -0.013567 J822 (136.78882,35.30084)
134.588211 35.283344 0.000000 -0.011343 J823 (134.58821,35.28334)
136.096985 34.179951 0.000000 -0.007995 J824 (136.09698,34.17995)
135.735184 33.969482 0.000000 -0.007301 J825 (135.73518,33.96948)
135.708786 33.637173 0.000000 -0.006255 J826 (135.70879,33.63717)
134.393433 34.217796 0.000000 -0.007720 J827 (134.39343,34.21780)
132.046097 33.367970 0.000000 -0.003568 J828 (132.04610,33.36797)
132.475342 33.384373 0.000000 -0.003917 J829 (132.47534,33.38437)
133.362640 33.704285 0.000000 -0.005149 J830 (133.36264,33.70428)
130.464996 33.097355 0.000000 -0.002425 J831 (130.46500,33.09735)
129.720718 32.839611 0.000000 -0.002141 J832 (129.72072,32.83961)
131.206802 33.127842 0.000000 -0.002774 J833 (131.20680,33.12784)
130.360657 32.098434 0.000000 -0.001943 J834 (130.36066,32.09843)
130.238968 31.906164 0.000000 -0.001861 J835 (130.23897,31.90616)
130.408005 31.796021 0.000000 -0.001836 J836 (130.40800,31.79602)
130.599594 31.824060 0.000000 -0.001860 J837 (130.59959,31.82406)
138.762787 34.690254 0.000000 0.006638 J838 (138.76279,34.69025)
138.331223 34.836166 0.000000 0.000057 J840 (138.33122,34.83617)
139.069901 34.949757 0.000000 0.013208 J841 (139.06990,34.94976)
138.249893 34.954346 0.000000 -0.001471 J842 (138.24989,34.95435)
134.049545 35.174889 0.000000 -0.010170 J843 (134.04955,35.17489)
140.810532 40.834408 0.000000 0.013169 J844 (140.81053,40.83441)
140.324387 37.361824 0.000000 0.089374 J845 (140.32439,37.36182)
133.461807 33.818356 0.000000 -0.005482 J846 (133.46181,33.81836)
137.868759 35.160450 0.000000 -0.006973 J847 (137.86876,35.16045)
141.955246 45.514114 0.000000 -0.002233 J848 (141.95525,45.51411)
141.881790 45.230106 0.000000 -0.002312 J849 (141.88179,45.23011)
142.292252 44.990505 0.000000 -0.001682 J850 (142.29225,44.99051)
142.021774 44.916065 0.000000 -0.002063 J851 (142.02177,44.91607)
142.038712 44.743240 0.000000 -0.002001 J852 (142.03871,44.74324)
142.571167 44.546501 0.000000 -0.000972 J853 (142.57117,44.54650)
142.935837 44.332294 0.000000 -0.000074 J854 (142.93584,44.33229)
141.872177 44.317665 0.000000 -0.002255 J855 (141.87218,44.31767)
143.364594 44.260853 0.000000 0.000755 J856 (143.36459,44.26085)
142.400894 44.165474 0.000000 -0.000932 J857 (142.40089,44.16547)
142.601242 44.114449 0.000000 -0.000405 J858 (142.60124,44.11445)
144.993500 44.065033 0.000000 0.002487 J859 (144.99350,44.06503)
141.860748 44.052105 0.000000 -0.002211 J860 (141.86075,44.05210)
143.534149 43.909927 0.000000 0.001918 J861 (143.53415,43.90993)
142.236542 43.889290 0.000000 -0.001010 J862 (142.23654,43.88929)
143.176697 43.878723 0.000000 0.001371 J863 (143.17670,43.87872)
145.056870 43.794029 0.000000 0.003268 J864 (145.05687,43.79403)
142.132309 43.725658 0.000000 -0.001087 J865 (142.13231,43.72566)
143.381088 43.710323 0.000000 0.002345 J866 (143.38109,43.71032)
142.794403 43.646908 0.000000 0.001180 J867 (142.79440,43.64691)
143.991730 43.644562 0.000000 0.003518 J868 (143.99173,43.64456)
145.220367 43.555996 0.000000 0.004005 J869 (145.22037,43.55600)
144.719040 43.545929 0.000000 0.004265 J870 (144.71904,43.54593)
142.187607 43.521576 0.000000 -0.000457 J871 (142.18761,43.52158)
141.616776 43.504215 0.000000 -0.002732 J872 (141.61678,43.50422)
143.753860 43.473579 0.000000 0.004062 J873 (143.75386,43.47358)
143.187042 43.366470 0.000000 0.003540 J874 (143.18704,43.36647)
140.378281 43.320705 0.000000 -0.008222 J875 (140.37828,43.32071)
141.345963 43.240528 0.000000 -0.003723 J876 (141.34596,43.24053)
141.652023 43.220894 0.000000 -0.002073 J877 (141.65202,43.22089)
144.970734 43.218189 0.000000 0.005710 J878 (144.97073,43.21819)
143.027756 43.171329 0.000000 0.004350 J879 (143.02776,43.17133)
142.567032 43.165047 0.000000 0.002673 J880 (142.56703,43.16505)
144.496490 43.149391 0.000000 0.006462 J881 (144.49649,43.14939)
141.203293 43.140396 0.000000 -0.004388 J882 (141.20329,43.14040)
143.597702 43.123894 0.000000 0.006114 J883 (143.59770,43.12389)
140.811111 43.082596 0.000000 -0.006602 J884 (140.81111,43.08260)
142.532257 42.890633 0.000000 0.004673 J885 (142.53226,42.89063)
143.655533 42.800343 0.000000 0.009275 J886 (143.65553,42.80034)
142.953690 42.803341 0.000000 0.007507 J887 (142.95369,42.80334)
140.011780 42.685337 0.000000 -0.012147 J888 (140.01178,42.68534)
143.312790 42.673962 0.000000 0.010265 J889 (143.31279,42.67396)
142.395920 42.554260 0.000000 0.007981 J890 (142.39592,42.55426)
142.767944 42.277233 0.000000 0.015502 J891 (142.76794,42.27723)
140.929337 41.740593 0.000000 0.003723 J892 (140.92934,41.74059)
140.535019 41.711327 0.000000 -0.003814 J893 (140.53502,41.71133)
141.094467 41.466160 0.000000 0.013209 J894 (141.09447,41.46616)
140.983810 41.199665 0.000000 0.015814 J895 (140.98381,41.19967)
141.385696 41.160934 0.000000 0.031435 J896 (141.38570,41.16093)
140.293533 41.121723 0.000000 -0.003881 J897 (140.29353,41.12172)
140.011002 40.730633 0.000000 -0.010677 J898 (140.01100,40.73063)
141.106018 40.579983 0.000000 0.023576 J899 (141.10602,40.57998)
141.332001 40.508759 0.000000 0.037108 J901 (141.33200,40.50876)
140.941589 40.447632 0.000000 0.010361 J902 (140.94159,40.44763)
141.484863 40.271042 0.000000 0.048490 J903 (141.48486,40.27104)
141.046463 40.106747 0.000000 -0.003230 J904 (141.04646,40.10675)
141.662186 39.970955 0.000000 0.062695 J905 (141.66219,39.97095)
141.970230 39.738960 0.000000 0.073401 J906 (141.97023,39.73896)
141.426132 39.639370 0.000000 0.121184 J907 (141.42613,39.63937)
140.836319 39.554455 0.000000 -0.026440 J908 (140.83632,39.55445)
141.292999 39.464695 0.000000 0.127504 J909 (141.29300,39.46469)
141.311676 39.235374 0.000000 0.187190 J910 (141.31168,39.23537)
141.400848 39.012108 0.000000 0.277917 J911 (141.40085,39.01211)
141.148529 38.995464 0.000000 0.181701 J912 (141.14853,38.99546)
140.833191 38.934029 0.000000 0.045590 J913 (140.83319,38.93403)
141.317856 38.743221 0.000000 0.379048 J914 (141.31786,38.74322)
141.004333 38.686134 0.000000 0.210250 J915 (141.00433,38.68613)
141.160721 38.660629 0.000000 0.321619 J916 (141.16072,38.66063)
140.727722 38.571812 0.000000 0.069208 J917 (140.72772,38.57181)
141.304398 38.509842 0.000000 0.473290 J918 (141.30440,38.50984)
140.943695 38.177120 0.000000 0.320237 J919 (140.94370,38.17712)
140.727661 37.824600 0.000000 0.201057 J920 (140.72766,37.82460)
140.027573 40.339397 0.000000 -0.013955 J921 (140.02757,40.33940)
140.408157 40.183315 0.000000 -0.014710 J922 (140.40816,40.18332)
140.005493 40.099701 0.000000 -0.018167 J923 (140.00549,40.09970)
140.535858 39.921391 0.000000 -0.028246 J924 (140.53586,39.92139)
140.053925 39.527565 0.000000 -0.028578 J925 (140.05392,39.52757)
140.596085 39.508137 0.000000 -0.038984 J926 (140.59608,39.50814)
140.278931 39.296745 0.000000 -0.039652 J927 (140.27893,39.29675)
140.715057 39.146202 0.000000 -0.018496 J928 (140.71506,39.14620)
140.447327 39.054379 0.000000 -0.038611 J929 (140.44733,39.05438)
140.183472 38.938103 0.000000 -0.040518 J930 (140.18347,38.93810)
140.497253 38.752155 0.000000 -0.024147 J931 (140.49725,38.75216)
139.674530 38.701168 0.000000 -0.025926 J932 (139.67453,38.70117)
140.220505 38.628414 0.000000 -0.038011 J933 (140.22050,38.62841)
140.393875 38.170441 0.000000 -0.003806 J934 (140.39388,38.17044)
139.879410 37.920586 0.000000 -0.003705 J935 (139.87941,37.92059)
140.446793 37.833496 0.000000 0.066885 J936 (140.44679,37.83350)
139.972656 37.669289 0.000000 0.019118 J937 (139.97266,37.66929)
140.571655 37.591091 0.000000 0.148045 J938 (140.57166,37.59109)
139.835526 37.461288 0.000000 0.022058 J939 (139.83553,37.46129)
140.464035 37.444870 0.000000 0.123011 J940 (140.46404,37.44487)
139.686340 37.326210 0.000000 0.018395 J941 (139.68634,37.32621)
140.212738 37.293041 0.000000 0.068253 J942 (140.21274,37.29304)
140.450974 37.210564 0.000000 0.134667 J943 (140.45097,37.21056)
140.716003 37.183090 0.000000 0.218865 J944 (140.71600,37.18309)
140.376266 37.023582 0.000000 0.120793 J945 (140.37627,37.02358)
140.690155 36.932621 0.000000 0.209052 J946 (140.69016,36.93262)
140.385696 36.475849 0.000000 0.128958 J947 (140.38570,36.47585)
140.035416 37.124699 0.000000 0.047349 J948 (140.03542,37.12470)
139.505310 36.872246 0.000000 0.013909 J949 (139.50531,36.87225)
139.752792 36.537632 0.000000 0.018401 J950 (139.75279,36.53763)
139.902512 36.456581 0.000000 0.028884 J951 (139.90251,36.45658)
139.060852 36.837357 0.000000 0.001689 J952 (139.06085,36.83736)
138.847885 36.591377 0.000000 -0.003475 J954 (138.84789,36.59138)
139.016708 36.395348 0.000000 -0.000433 J955 (139.01671,36.39535)
139.254639 36.267693 0.000000 0.001068 J956 (139.25464,36.26769)
138.702988 36.200268 0.000000 -0.004293 J957 (138.70299,36.20027)
138.926056 35.929928 0.000000 0.001213 J958 (138.92606,35.92993)
139.968475 35.143803 0.000000 0.048909 J959 (139.96848,35.14380)
139.366058 35.391487 0.000000 0.019507 J960 (139.36606,35.39149)
139.111450 37.540340 0.000000 -0.002909 J961 (139.11145,37.54034)
138.634598 37.212112 0.000000 -0.012021 J962 (138.63460,37.21211)
139.247101 37.157616 0.000000 0.006521 J963 (139.24710,37.15762)
138.457352 37.107086 0.000000 -0.015340 J964 (138.45735,37.10709)
140.296494 36.778957 0.000000 0.105753 J965 (140.29649,36.77896)
137.026428 36.919510 0.000000 -0.028885 J966 (137.02643,36.91951)
137.551331 36.864346 0.000000 -0.026518 J967 (137.55133,36.86435)
137.154480 36.757950 0.000000 -0.026992 J968 (137.15448,36.75795)
136.806396 36.592091 0.000000 -0.025403 J969 (136.80640,36.59209)
137.239227 36.472801 0.000000 -0.023681 J970 (137.23923,36.47280)
137.033936 37.432259 0.000000 -0.034013 J971 (137.03394,37.43226)
136.908768 37.226437 0.000000 -0.031932 J972 (136.90877,37.22644)
136.540680 36.537266 0.000000 -0.024313 J973 (136.54068,36.53727)
136.361649 36.229565 0.000000 -0.021081 J974 (136.36165,36.22956)
136.048950 36.109734 0.000000 -0.019285 J975 (136.04895,36.10973)
136.657745 35.901413 0.000000 -0.018629 J976 (136.65775,35.90141)
136.339584 35.888218 0.000000 -0.018251 J977 (136.33958,35.88822)
135.755646 35.486572 0.000000 -0.014505 J978 (135.75565,35.48657)
138.444214 35.904934 0.000000 -0.005529 J979 (138.44421,35.90493)
138.949997 35.753872 0.000000 0.003927 J980 (138.95000,35.75387)
138.606873 35.467693 0.000000 0.001010 J981 (138.60687,35.46769)
138.624252 36.856686 0.000000 -0.009187 J982 (138.62425,36.85669)
138.096725 36.706646 0.000000 -0.018361 J983 (138.09673,36.70665)
138.120941 36.523605 0.000000 -0.016219 J984 (138.12094,36.52361)
138.366043 36.260986 0.000000 -0.009863 J985 (138.36604,36.26099)
137.785431 35.944603 0.000000 -0.014777 J986 (137.78543,35.94460)
138.095703 35.878418 0.000000 -0.010582 J987 (138.09570,35.87842)
137.450882 35.815552 0.000000 -0.015858 J988 (137.45088,35.81555)
137.620163 35.661228 0.000000 -0.013295 J989 (137.62016,35.66123)
137.080521 36.140263 0.000000 -0.020550 J990 (137.08052,36.14026)
136.784622 35.723488 0.000000 -0.017003 J991 (136.78462,35.72349)
137.309097 35.523129 0.000000 -0.013749 J992 (137.30910,35.52313)
136.545288 35.480061 0.000000 -0.015188 J993 (136.54529,35.48006)
137.252319 35.300552 0.000000 -0.012124 J994 (137.25232,35.30055)
137.575333 35.100021 0.000000 -0.008843 J995 (137.57533,35.10002)
137.152390 34.917339 0.000000 -0.009807 J996 (137.15239,34.91734)
137.338776 34.785915 0.000000 -0.008169 J997 (137.33878,34.78592)
136.938477 34.740051 0.000000 -0.009470 J998 (136.93848,34.74005)
136.474457 34.420326 0.000000 -0.008720 J999 (136.47446,34.42033)
139.488007 35.709999 0.000000 0.014674 KGNI (139.48801,35.71000)
135.046005 48.521000 0.000000 -0.001690 KHAJ (135.04601,48.52100)
130.878571 31.425312 0.000000 -0.001730 KNYA (130.87857,31.42531)
140.658005 35.955002 0.000000 0.191828 KSMV (140.65800,35.95500)
102.796997 25.030001 0.000000 -0.000197 KUNM (102.79700,25.03000)
150.810379 59.577644 0.000000 -0.000182 MAGJ (150.81038,59.57764)
153.979996 24.290001 0.000000 -0.000198 MCIL (153.98000,24.29000)
141.132996 39.134998 0.000000 0.137028 MIZU (141.13300,39.13500)
139.559998 35.680000 0.000000 0.018271 MTKA (139.56000,35.68000)
100.713654 14.043016 0.000000 -0.000097 NIMT (100.71365,14.04302)
127.768921 26.144817 0.000000 -0.000584 OKN1 (127.76892,26.14482)
158.649994 53.020000 0.000000 -0.000285 PETS (158.64999,53.02000)
121.080002 14.640000 0.000000 -0.000247 PIMO (121.08000,14.64000)
130.878571 31.425308 0.000000 -0.001730 S004 (130.87857,31.42531)
141.844818 43.528645 0.000000 -0.001823 S005 (141.84482,43.52864)
142.195023 27.067532 0.000000 -0.000377 S007 (142.19502,27.06753)
139.081970 35.006851 0.000000 0.013554 S106 (139.08197,35.00685)
139.101685 34.971863 0.000000 0.014012 S107 (139.10168,34.97186)
140.087189 36.106113 0.000000 0.065683 S110 (140.08719,36.10611)
121.199997 31.100000 0.000000 -0.000960 SHAO (121.20000,31.10000)
135.936951 33.577854 0.000000 -0.005961 SMST (135.93695,33.57785)
141.845001 43.528999 0.000000 -0.001823 STK2 (141.84500,43.52900)
127.054001 37.276001 0.000000 -0.002605 SUWN (127.05400,37.27600)
120.989998 24.799999 0.000000 -0.000233 TCMS (120.99000,24.80000)
120.989998 24.799999 0.000000 -0.000233 TNML (120.99000,24.80000)
140.089996 36.110001 0.000000 0.066227 TSK2 (140.09000,36.11000)
140.087006 36.105999 0.000000 0.065644 TSKB (140.08701,36.10600)
121.160004 24.950001 0.000000 -0.000191 TWTF (121.16000,24.95000)
107.050003 47.869999 0.000000 -0.000303 ULAB (107.05000,47.87000)
138.362000 36.132999 0.000000 -0.008833 USUD (138.36200,36.13300)
114.357002 30.532000 0.000000 -0.000667 WUHN (114.35700,30.53200)
142.720001 47.029999 0.000000 -0.001248 YSSK (142.72000,47.03000)
136.503754 35.104763 0.000000 -0.012556 Z101 (136.50375,35.10476)
138.185791 35.322075 0.000000 -0.004527 Z102 (138.18579,35.32207)
137.423126 34.967480 0.000000 -0.008847 Z103 (137.42313,34.96748)
136.981750 34.543915 0.000000 -0.008270 Z104 (136.98175,34.54391)
136.802002 34.373581 0.000000 -0.007919 Z105 (136.80200,34.37358)
136.388489 34.297928 0.000000 -0.008265 Z106 (136.38849,34.29793)
136.139969 33.932949 0.000000 -0.007013 Z107 (136.13997,33.93295)
135.743454 34.155849 0.000000 -0.007981 Z108 (135.74345,34.15585)
135.290344 34.090851 0.000000 -0.007716 Z109 (135.29034,34.09085)
135.399124 33.854500 0.000000 -0.006981 Z110 (135.39912,33.85450)
135.871094 33.799084 0.000000 -0.006682 Z111 (135.87109,33.79908)
135.406006 33.647251 0.000000 -0.006392 Z112 (135.40601,33.64725)
135.834137 33.520081 0.000000 -0.005860 Z113 (135.83414,33.52008)
134.510025 33.932796 0.000000 -0.007004 Z114 (134.51003,33.93280)
133.796951 33.838840 0.000000 -0.005937 Z115 (133.79695,33.83884)
134.484558 33.821980 0.000000 -0.006675 Z116 (134.48456,33.82198)
132.564697 33.510353 0.000000 -0.004161 Z117 (132.56470,33.51035)
132.360382 33.202183 0.000000 -0.003594 Z118 (132.36038,33.20218)
133.431702 33.545727 0.000000 -0.004910 Z119 (133.43170,33.54573)
133.699844 33.542534 0.000000 -0.005149 Z120 (133.69984,33.54253)
134.056198 33.367382 0.000000 -0.005103 Z121 (134.05620,33.36738)
132.974030 33.312130 0.000000 -0.004182 Z123 (132.97403,33.31213)
132.822083 33.060120 0.000000 -0.003724 Z124 (132.82208,33.06012)
141.669920 35.502980 0.000000 0.045095 _CHS (141.66992,35.50298)
142.083120 37.166010 0.000000 -0.179677 _FUK (142.08312,37.16601)
143.362340 38.887930 0.000000 -0.272026 _KMN (143.36234,38.88793)
143.263500 38.636440 0.000000 -0.218515 _KMS (143.26350,38.63644)
142.916670 38.082940 0.000000 -0.254865 _MGI (142.91667,38.08294)
142.433270 38.150560 0.000000 -0.476670 _MGW (142.43327,38.15056)
