56542
56542
56542
56542
56542
56542
56542
56473
51145
56542
56542
56542
56542
56542
56542
56542
55626
56542
56542
56542
56542
56542
56542
55049
56542
56542
56549
55631
51909
56542
56542
56542
56542
56542
56542
56542
56542
56542
56542
56542
56542
56542
56542
56542
55381
56542
56542
56542
56542
52930
56542
56542
56542
56542
56542
56542
56542
56542
56542
56451
56542
56542
56542
56542
56542
56542
56542
56542
56542
55821
56542
56542
56542
56542
56542
56213
56542
56542
56542
56542
56542
56542
56542
56542
55984
56542
56542
56542
56542
56382
56542
56542
56542
56243
56542
56542
56542
51145
56542
51829
56542
55985
56542
56542
56542
56542
56542
56547
56542
56542
56549
56542
56542
55821
56542
56542
56542
54874
52559
56542
56542
56542
56320
56542
56542
56542
56542
56542
56542
56542
56542
56542
56542
56542
51831
56542
56549
56542
56542
56542
56542
56542
56542
56542
56542
56213
56542
56542
56542
56542
56542
56542
56501
56542
56542
56542
56443
56542
56542
56542
56542
56542
56542
55457
56542
56542
56542
56547
56542
56542
54050
56542
56542
56542
56542
56542
56542
56542
54050
56542
56542
56542
55624
56549
56549
55821
56542
56542
56542
56542
56542
56542
52559
56542
56542
56542
56542
56542
56542
55605
56542
56542
56542
56542
56542
56542
56542
56542
56542
56549
56542
56542
56542
56542
56542
56542
56542
56542
53556
56542
56549
56542
56549
55822
56542
56542
53437
56542
56542
55586
56542
56542
56542
56542
56542
56542
56542
52558
56542
56251
54371
56542
56542
56542
56542
55396
56542
56542
56542
56542
56542
56542
55628
56542
56542
56542
56542
56542
56542
56542
56542
56542
56542
56542
56542
56542
56542
56542
56542
56542
53308
56542
56549
56542
51145
56542
56382
56542
56542
56542
56542
56542
56549
56542
56542
56542
56542
56542
56542
56542
56549
56542
55807
55821
56542
56542
56542
56542
54050
56542
56542
56542
56542
56542
56542
56542
56542
56542
56542
56542
56549
56542
56542
56542
56542
56542
56542
56542
56542
56542
56542
56542
56542
56542
56542
56542
56542
56542
55315
56542
51145
56542
56542
56542
56542
56542
56542
56542
56542
52199
56542
56542
56549
56542
56542
56542
56542
56542
56542
56542
56542
56549
56542
56542
56542
56542
56542
56542
56542
56542
56542
52199
56542
56542
56542
56542
56542
56542
56542
52559
56542
56542
56542
56542
56405
56542
56542
56542
56542
56542
56542
56549
56549
56542
56542
51491
56320
56542
56542
56542
56542
56542
56542
56542
56542
56542
56542
56542
56542
56542
56542
56542
56549
56542
56549
56542
55800
56542
56542
56542
56542
56549
56542
56542
56542
55913
56542
56542
56542
51830
56542
56542
56542
56542
56542
56542
53658
56542
56542
56542
56542
56542
56542
56542
55985
56542
56542
56195
56542
56542
56542
56542
56522
56542
56542
55333
56542
56542
56542
55440
56542
56405
56542
56542
56542
56542
56542
56542
56542
55111
56542
56542
56542
56542
56542
56542
51491
56542
56542
56542
56542
56549
56542
56542
56382
56542
56542
56542
56542
56542
56542
56542
56542
56106
56542
56542
55126
56542
56542
56549
56542
55883
56542
55253
55887
56542
56542
56542
56549
56542
56297
56542
56542
56542
55598
56542
56542
55976
55971
56542
56542
56542
54050
56542
56542
56542
56542
56542
56542
56542
56542
56542
56542
56542
56542
56542
56542
56542
56542
56542
56542
56542
56542
56542
56542
56542
56542
56542
56542
56542
56542
56542
56542
56542
55253
56549
56382
56542
56542
56542
56542
56549
56542
56542
56549
56542
56542
56542
56542
56542
56524
55457
56542
56542
56542
56542
56542
56542
56542
56542
56542
56542
56542
56542
56542
56542
56542
56542
56542
56542
56542
56542
56542
56542
56542
56542
56542
56542
56542
56542
56542
56549
56542
56542
56542
56549
56542
56542
56542
56542
56542
56542
56542
56542
56542
56542
56542
56542
56549
56542
56542
56542
56542
56501
56542
56542
56542
56542
56542
56542
56542
56542
56542
56542
56542
56542
56542
56542
56549
56542
56542
56542
56542
56542
56549
56542
56542
56549
56542
56542
56542
56542
56542
56542
56542
56549
56542
56542
56542
56542
56542
56542
55021
52558
56542
56542
56542
56542
56542
56549
56542
56542
56542
56542
56542
53556
56542
55822
56542
56542
56542
56542
56542
56542
56542
56542
56542
56542
56542
56542
56549
56542
56542
56542
56542
56542
56542
56542
56542
56542
56542
53825
55821
56542
56549
56542
55253
54652
56542
56542
56542
56542
56542
56542
55430
56542
56542
56542
56542
56542
56542
56542
56542
56542
56542
56549
56542
56542
56542
56542
56542
56542
56542
56542
56542
56542
56542
56542
56542
56542
56542
56542
55401
56542
56542
56542
55148
56542
56542
56542
56542
56542
56542
56542
56542
56542
56542
56542
56542
56542
56542
56542
56542
56542
56542
56542
53556
56542
56542
56542
56542
56542
56542
56542
56542
56542
56542
56542
56542
56542
56542
56542
56542
56542
56542
56549
56542
56542
56542
56542
56542
56542
56542
56542
56213
56542
56542
56542
56549
56542
56542
56542
56542
56542
56542
56542
56542
56542
56542
56542
56542
55822
56542
56542
56542
56542
52558
56542
56542
56542
56542
56542
56542
56542
56542
56542
56542
51145
51831
56542
56542
56542
56542
56542
56549
56542
56245
54372
56542
56542
56542
56542
56542
56542
56542
56542
56542
56549
56542
56542
56542
56542
56542
56542
56542
56542
56546
56542
56542
56542
56542
56542
56513
56542
56542
56542
56542
56542
56542
56542
56542
56542
56542
56528
56542
56542
56542
56542
56542
56542
56549
56542
55821
56542
56542
56542
56542
56542
56542
56542
56542
56542
56542
56542
56542
56542
56542
56213
56549
56542
56544
55457
55821
56549
56542
56542
56542
56542
56542
56542
56542
56542
56542
56542
52559
56542
56542
56542
56549
56213
56542
56542
56542
56542
56542
56542
56183
56542
55457
56542
56542
56542
56542
56542
56542
56542
56542
56405
56542
56542
54050
56542
56542
56542
56542
56542
56542
52558
56542
56542
56542
56542
56542
56542
56542
56542
56542
56542
56542
56542
56542
56542
56542
56542
56542
56542
56542
56542
56542
56542
56542
55253
56542
56542
56542
56542
56542
56542
56549
56542
56542
56466
56542
56542
56542
56542
56542
56542
56542
56542
56549
56542
55190
56542
56542
56542
56542
56542
55986
56382
56542
56542
55961
56542
56542
56542
56220
56542
56542
56542
56542
56542
56542
56542
56542
56542
55457
56542
56542
56542
56542
55822
52930
56542
56542
56542
56542
56542
56542
56542
56542
51254
56542
56542
56542
56542
55821
56542
56542
56542
56231
56542
52558
56542
56542
56542
56542
56542
56542
56542
56542
56542
55114
56542
56542
56542
56542
56542
56542
56549
56542
56542
56542
56542
56542
56549
56542
53596
56542
56542
56549
52558
56542
56542
53273
56542
56272
56542
56542
56542
56542
56542
52199
56531
56542
56549
56542
56542
56542
56542
56542
56542
56542
56542
56542
56542
56542
56542
56542
56542
56542
56542
56382
56542
56542
56542
56542
56542
56542
56542
56382
56542
56542
56542
56542
56542
56542
56542
56542
56542
56542
56542
56542
51830
56542
56542
56382
56542
56542
56549
56542
56542
53205
56542
56382
56542
56542
56542
56542
56542
51246
56536
56542
56549
56542
56542
56549
56542
52558
56542
56542
56542
56542
56542
56542
56542
56542
51491
56542
56542
56542
56542
56549
56549
56542
56542
56542
56542
56542
56542
56542
56542
51145
56542
56542
56542
56542
56542
56549
56542
55457
53658
56542
56542
50784
56542
56542
56542
56542
51491
56542
56542
56542
56542
56542
56542
55028
56542
56542
56542
56542
51329
56222
56542
56542
55259
56542
56542
56542
56549
56542
56549
56542
56542
56542
56542
56542
56542
56542
56542
56542
56542
52559
56542
56542
56542
56542
56542
56542
56542
56542
56542
55253
56542
56542
56542
56542
56542
56542
56542
56542
56542
51831
56542
56549
56542
56549
56542
56549
56542
56542
52081
56542
56542
56542
56542
56542
56542
56542
56228
56542
56542
56542
56542
55821
56542
52194
56549
56542
56542
56542
56542
56542
52855
55315
56542
56111
56542
56542
55822
56542
56213
56542
56542
51142
56549
56542
56542
56549
56542
56542
56542
55632
56542
56542
56542
56542
56542
56542
56542
56542
56542
56542
56542
56542
56542
56542
56542
56542
56542
55253
56542
56542
56542
56542
55457
51145
56542
56542
56542
56542
56542
56542
56542
56542
56542
56549
56542
56542
56549
56542
56542
56542
56542
56542
56542
56542
56542
56542
56542
56542
56542
55204
56542
56542
56542
56542
56542
56542
56542
56542
56542
56542
56542
56542
56542
56549
56542
56542
55443
56542
56213
56542
56542
56207
56542
56542
56542
56542
56542
56542
56542
56542
56542
56542
56542
56542
56542
56542
52194
55457
56542
56542
56542
56542
56542
56542
56542
56542
56542
56542
55259
56542
56542
56542
56542
56542
56542
56542
56542
51095
56542
56542
56542
56542
56542
56323
56542
56542
56542
56542
56542
56542
56542
56542
55457
56542
56542
56542
56542
56542
56542
56549
52558
56213
56542
56542
52559
56542
56542
56542
56542
56542
56549
56542
56542
56542
56549
56542
56542
56542
56542
56549
56542
56542
56542
56542
56542
56542
55986
56549
56542
56542
56549
56542
56494
56542
56542
56542
56542
56549
56542
56542
56503
56542
56542
56542
56542
56549
56542
56542
56542
56542
56542
56542
56542
56542
56518
56549
56542
56542
56542
56549
56542
56542
51140
56542
56542
56542
56542
56542
56542
56542
56542
56542
56542
