81.836479 11.993977 0.004524
83.672913 11.987956 0.004425
85.509300 11.981938 0.004318
87.345657 11.975924 0.004204
89.181969 11.969913 0.004082
91.018242 11.963904 0.003951
92.854477 11.957899 0.003811
94.690666 11.951898 0.003663
96.526817 11.945898 0.003506
98.362923 11.939902 0.003340
100.198997 11.933909 0.003164
102.035027 11.927920 0.002980
103.871017 11.921934 0.002785
105.706963 11.915951 0.002581
107.542870 11.909970 0.002366
109.378738 11.903993 0.002142
111.214569 11.898019 0.001908
113.050362 11.892048 0.001665
114.886108 11.886080 0.001418
116.721817 11.880115 0.001175
118.557487 11.874153 0.000953
120.393112 11.868194 0.000784
122.228706 11.862238 0.000722
124.064255 11.856286 0.000794
125.899765 11.850336 0.000963
127.735229 11.844390 0.001167
129.570663 11.838447 0.001360
131.406052 11.832506 0.001508
133.241409 11.826569 0.001584
135.076721 11.820635 0.001564
136.911987 11.814703 0.001436
138.747223 11.808775 0.001195
140.582413 11.802850 0.000870
142.417572 11.796928 0.000602
144.252686 11.791009 0.000781
146.087753 11.785093 0.001348
147.922791 11.779181 0.002042
149.757782 11.773271 0.002774
151.592743 11.767365 0.003499
153.427658 11.761460 0.004190
155.262543 11.755560 0.004828
157.097382 11.749662 0.005402
158.932175 11.743768 0.005906
160.766937 11.737876 0.006340
162.601669 11.731988 0.006704
164.436356 11.726102 0.007003
166.270996 11.720220 0.007242
168.105606 11.714340 0.007424
169.940170 11.708464 0.007557
171.774704 11.702591 0.007647
173.609192 11.696720 0.007700
175.443634 11.690853 0.007722
177.278061 11.684989 0.007715
179.112427 11.679128 0.007685
180.946762 11.673269 0.007635
182.781067 11.667414 0.007567
184.615326 11.661562 0.007486
186.449539 11.655713 0.007395
188.283722 11.649866 0.007296
190.117874 11.644024 0.007191
191.951965 11.638184 0.007082
193.786041 11.632346 0.006971
195.620071 11.626513 0.006858
197.454056 11.620681 0.006746
199.288010 11.614853 0.006634
201.121933 11.609028 0.006522
81.849709 13.800868 0.004708
83.699356 13.793908 0.004617
85.548950 13.786952 0.004520
87.398491 13.780000 0.004415
89.247978 13.773050 0.004302
91.097412 13.766105 0.004180
92.946793 13.759163 0.004050
94.796112 13.752225 0.003912
96.645386 13.745291 0.003765
98.494598 13.738359 0.003610
100.343758 13.731432 0.003445
102.192863 13.724508 0.003270
104.041916 13.717588 0.003085
105.890915 13.710672 0.002888
107.739853 13.703759 0.002680
109.588745 13.696851 0.002458
111.437584 13.689945 0.002221
113.286362 13.683043 0.001970
115.135086 13.676145 0.001705
116.983765 13.669250 0.001430
118.832382 13.662359 0.001153
120.680946 13.655472 0.000897
122.529465 13.648587 0.000713
124.377922 13.641707 0.000687
126.226326 13.634830 0.000837
128.074677 13.627957 0.001075
129.922974 13.621088 0.001318
131.771225 13.614222 0.001516
133.619415 13.607360 0.001633
135.467560 13.600501 0.001638
137.315643 13.593646 0.001505
139.163681 13.586794 0.001228
141.011658 13.579947 0.000844
142.859573 13.573102 0.000612
144.707458 13.566261 0.001030
146.555267 13.559423 0.001792
148.403046 13.552590 0.002640
150.250763 13.545760 0.003490
152.098419 13.538934 0.004295
153.946030 13.532110 0.005027
155.793594 13.525291 0.005675
157.641098 13.518476 0.006234
159.488541 13.511662 0.006703
161.335938 13.504854 0.007089
163.183289 13.498049 0.007398
165.030594 13.491247 0.007637
166.877838 13.484449 0.007815
168.725021 13.477654 0.007939
170.572159 13.470864 0.008014
172.419250 13.464076 0.008048
174.266281 13.457293 0.008049
176.113266 13.450512 0.008021
177.960190 13.443735 0.007969
179.807068 13.436962 0.007898
181.653900 13.430193 0.007810
183.500671 13.423427 0.007708
185.347397 13.416664 0.007595
187.194077 13.409904 0.007474
189.040695 13.403149 0.007348
190.887253 13.396397 0.007219
192.733780 13.389648 0.007087
194.580246 13.382903 0.006956
196.426651 13.376162 0.006825
198.273026 13.369424 0.006695
200.119339 13.362689 0.006568
81.864983 15.607481 0.004892
83.729897 15.599567 0.004811
85.594742 15.591659 0.004724
87.459511 15.583754 0.004629
89.324211 15.575852 0.004527
91.188835 15.567956 0.004417
93.053398 15.560064 0.004300
94.917885 15.552176 0.004175
96.782295 15.544291 0.004042
98.646645 15.536412 0.003900
100.510918 15.528537 0.003750
102.375114 15.520665 0.003590
104.239250 15.512798 0.003420
106.103310 15.504935 0.003238
107.967300 15.497076 0.003041
109.831223 15.489222 0.002828
111.695068 15.481371 0.002597
113.558853 15.473525 0.002346
115.422562 15.465683 0.002072
117.286201 15.457845 0.001776
119.149773 15.450011 0.001458
121.013268 15.442182 0.001129
122.876701 15.434356 0.000821
124.740059 15.426535 0.000630
126.603348 15.418717 0.000700
128.466568 15.410905 0.000966
130.329727 15.403096 0.001283
132.192810 15.395291 0.001570
134.055817 15.387490 0.001778
135.918762 15.379694 0.001851
137.781631 15.371902 0.001728
139.644440 15.364114 0.001375
141.507172 15.356330 0.000832
143.369843 15.348550 0.000578
145.232437 15.340775 0.001338
147.094971 15.333002 0.002373
148.957428 15.325235 0.003438
150.819809 15.317472 0.004447
152.682129 15.309712 0.005346
154.544388 15.301957 0.006109
156.406570 15.294207 0.006736
158.268692 15.286459 0.007242
160.130737 15.278717 0.007638
161.992722 15.270978 0.007939
163.854630 15.263244 0.008159
165.716476 15.255513 0.008311
167.578247 15.247787 0.008406
169.439957 15.240065 0.008452
171.301605 15.232346 0.008457
173.163162 15.224632 0.008426
175.024673 15.216922 0.008366
176.886108 15.209216 0.008284
178.747482 15.201514 0.008183
180.608780 15.193816 0.008068
182.470016 15.186123 0.007941
184.331177 15.178433 0.007804
186.192276 15.170748 0.007659
188.053314 15.163066 0.007510
189.914276 15.155389 0.007358
191.775177 15.147716 0.007205
193.636002 15.140046 0.007053
195.496765 15.132381 0.006902
197.357468 15.124720 0.006754
199.218094 15.117063 0.006609
201.078659 15.109410 0.006467
81.882393 17.413780 0.005074
83.764694 17.404898 0.005005
85.646912 17.396019 0.004929
87.529030 17.387146 0.004847
89.411064 17.378277 0.004757
91.292999 17.369413 0.004662
93.174850 17.360556 0.004560
95.056610 17.351702 0.004451
96.938278 17.342852 0.004335
98.819855 17.334007 0.004213
100.701347 17.325167 0.004083
102.582748 17.316332 0.003944
104.464058 17.307503 0.003794
106.345276 17.298677 0.003633
108.226402 17.289856 0.003456
110.107445 17.281040 0.003261
111.988396 17.272230 0.003045
113.869255 17.263424 0.002803
115.750031 17.254622 0.002530
117.630707 17.245825 0.002221
119.511307 17.237034 0.001871
121.391808 17.228247 0.001481
123.272224 17.219463 0.001069
125.152550 17.210686 0.000702
127.032791 17.201914 0.000579
128.912949 17.193144 0.000850
130.792999 17.184381 0.001300
132.672974 17.175623 0.001764
134.552856 17.166868 0.002114
136.432663 17.158119 0.002228
138.312363 17.149374 0.002017
140.191986 17.140635 0.001442
142.071518 17.131899 0.000590
143.950974 17.123169 0.000897
145.830322 17.114443 0.002226
147.709595 17.105722 0.003602
149.588776 17.097006 0.004865
151.467865 17.088295 0.005939
153.346878 17.079588 0.006815
155.225800 17.070887 0.007517
157.104630 17.062189 0.008053
158.983383 17.053495 0.008438
160.862045 17.044807 0.008705
162.740616 17.036123 0.008874
164.619095 17.027445 0.008967
166.497498 17.018772 0.009000
168.375809 17.010101 0.008989
170.254044 17.001438 0.008941
172.132187 16.992777 0.008862
174.010239 16.984121 0.008758
175.888214 16.975471 0.008634
177.766098 16.966825 0.008494
179.643890 16.958183 0.008343
181.521591 16.949547 0.008183
183.399231 16.940916 0.008017
185.276764 16.932287 0.007846
187.154221 16.923666 0.007671
189.031586 16.915047 0.007494
190.908875 16.906433 0.007318
192.786072 16.897825 0.007144
194.663177 16.889221 0.006973
196.540207 16.880621 0.006805
198.417160 16.872026 0.006642
200.294006 16.863436 0.006483
81.902031 19.219734 0.005254
83.803940 19.209864 0.005197
85.705742 19.199997 0.005135
87.607430 19.190138 0.005066
89.509003 19.180283 0.004992
91.410469 19.170433 0.004914
93.311813 19.160589 0.004830
95.213051 19.150751 0.004741
97.114174 19.140919 0.004648
99.015182 19.131092 0.004549
100.916084 19.121269 0.004444
102.816864 19.111452 0.004332
104.717545 19.101641 0.004212
106.618103 19.091835 0.004079
108.518555 19.082035 0.003932
110.418892 19.072241 0.003766
112.319115 19.062450 0.003577
114.219231 19.052668 0.003355
116.119240 19.042889 0.003092
118.019127 19.033115 0.002777
119.918907 19.023348 0.002399
121.818581 19.013584 0.001963
123.718140 19.003828 0.001496
125.617592 18.994076 0.001036
127.516930 18.984329 0.000659
129.416153 18.974588 0.000782
131.315277 18.964853 0.001402
133.214279 18.955122 0.002045
135.113174 18.945398 0.002487
137.011963 18.935678 0.002572
138.910645 18.925964 0.002172
140.809219 18.916254 0.001221
142.707672 18.906551 0.000365
144.606018 18.896852 0.002165
146.504257 18.887161 0.004156
148.402390 18.877474 0.006016
150.300415 18.867790 0.007524
152.198318 18.858114 0.008575
154.096130 18.848442 0.009197
155.993820 18.838776 0.009522
157.891418 18.829115 0.009712
159.788895 18.819460 0.009835
161.686264 18.809811 0.009877
163.583527 18.800165 0.009860
165.480682 18.790525 0.009784
167.377716 18.780891 0.009669
169.274658 18.771261 0.009530
171.171494 18.761639 0.009374
173.068222 18.752020 0.009204
174.964828 18.742407 0.009022
176.861343 18.732800 0.008831
178.757736 18.723196 0.008634
180.654037 18.713598 0.008433
182.550217 18.704006 0.008231
184.446304 18.694420 0.008028
186.342285 18.684839 0.007825
188.238144 18.675262 0.007623
190.133911 18.665691 0.007422
192.029556 18.656126 0.007224
193.925110 18.646566 0.007032
195.820557 18.637011 0.006844
197.715897 18.627460 0.006662
199.611115 18.617916 0.006486
201.506241 18.608376 0.006316
81.923996 21.025311 0.005431
83.847855 21.014431 0.005387
85.771568 21.003557 0.005339
87.695145 20.992689 0.005287
89.618584 20.981827 0.005231
91.541885 20.970972 0.005172
93.465042 20.960121 0.005110
95.388062 20.949278 0.005045
97.310944 20.938442 0.004978
99.233688 20.927610 0.004909
101.156296 20.916786 0.004836
103.078766 20.905968 0.004759
105.001099 20.895155 0.004676
106.923294 20.884348 0.004583
108.845352 20.873547 0.004478
110.767265 20.862753 0.004354
112.689049 20.851965 0.004204
114.610695 20.841183 0.004015
116.532204 20.830406 0.003772
118.453575 20.819635 0.003458
120.374809 20.808872 0.003082
122.295906 20.798115 0.002691
124.216866 20.787363 0.002318
126.137695 20.776617 0.001794
128.058380 20.765877 0.001122
129.978943 20.755142 0.000819
131.899353 20.744415 0.001397
133.819641 20.733694 0.002209
135.739792 20.722979 0.002875
137.659805 20.712269 0.003077
139.579681 20.701565 0.002510
141.499435 20.690868 0.001009
143.419037 20.680176 0.001361
145.338516 20.669491 0.004245
147.257858 20.658812 0.007192
149.177063 20.648138 0.009744
151.096146 20.637470 0.011578
153.015076 20.626810 0.012557
154.933884 20.616154 0.012752
156.852554 20.605505 0.012418
158.771103 20.594862 0.011891
160.689499 20.584223 0.011442
162.607773 20.573593 0.011115
164.525925 20.562967 0.010832
166.443924 20.552347 0.010552
168.361801 20.541733 0.010266
170.279541 20.531126 0.009987
172.197159 20.520525 0.009715
174.114639 20.509930 0.009452
176.031982 20.499338 0.009194
177.949203 20.488756 0.008938
179.866287 20.478178 0.008687
181.783234 20.467606 0.008441
183.700058 20.457039 0.008201
185.616745 20.446480 0.007966
187.533310 20.435925 0.007735
189.449738 20.425377 0.007509
191.366043 20.414835 0.007288
193.282211 20.404299 0.007073
195.198242 20.393768 0.006866
197.114151 20.383244 0.006665
199.029938 20.372725 0.006472
200.945587 20.362213 0.006286
81.948425 22.830481 0.005602
83.896675 22.818567 0.005573
85.844757 22.806662 0.005541
87.792671 22.794762 0.005507
89.740417 22.782869 0.005471
91.687996 22.770985 0.005435
93.635406 22.759106 0.005398
95.582642 22.747234 0.005362
97.529716 22.735369 0.005327
99.476624 22.723511 0.005294
101.423355 22.711660 0.005260
103.369926 22.699816 0.005227
105.316330 22.687979 0.005191
107.262558 22.676147 0.005151
109.208626 22.664324 0.005101
111.154533 22.652508 0.005036
113.100266 22.640697 0.004940
115.045830 22.628895 0.004798
116.991234 22.617098 0.004588
118.936470 22.605309 0.004331
120.881538 22.593525 0.004145
122.826447 22.581749 0.004027
124.771187 22.569981 0.003634
126.715759 22.558218 0.002980
128.660172 22.546463 0.002220
130.604416 22.534714 0.001391
132.548492 22.522972 0.001301
134.492416 22.511236 0.002646
136.436172 22.499508 0.004023
138.379761 22.487785 0.004532
140.323181 22.476070 0.003571
142.266449 22.464363 0.001114
144.209549 22.452662 0.003222
146.152481 22.440968 0.007676
148.095261 22.429279 0.011842
150.037872 22.417599 0.015074
151.980316 22.405924 0.017069
153.922607 22.394255 0.017770
155.864731 22.382595 0.017317
157.806686 22.370941 0.016069
159.748489 22.359293 0.014552
161.690125 22.347652 0.013236
163.631607 22.336018 0.012339
165.572922 22.324390 0.011703
167.514084 22.312769 0.011196
169.455078 22.301155 0.010732
171.395920 22.289547 0.010312
173.336594 22.277946 0.009930
175.277115 22.266354 0.009579
177.217468 22.254765 0.009251
179.157654 22.243185 0.008939
181.097702 22.231609 0.008642
183.037582 22.220043 0.008358
184.977295 22.208483 0.008086
186.916855 22.196928 0.007825
188.856262 22.185381 0.007572
190.795502 22.173840 0.007328
192.734589 22.162306 0.007091
194.673508 22.150778 0.006864
196.612274 22.139256 0.006645
198.550888 22.127741 0.006435
200.489349 22.116234 0.006235
81.975456 24.635214 0.005766
83.950699 24.622240 0.005753
85.925743 24.609276 0.005739
87.900589 24.596319 0.005726
89.875229 24.583368 0.005713
91.849663 24.570427 0.005702
93.823898 24.557493 0.005695
95.797928 24.544567 0.005692
97.771751 24.531649 0.005694
99.745377 24.518738 0.005702
101.718803 24.505833 0.005717
103.692024 24.492937 0.005737
105.665047 24.480049 0.005761
107.637871 24.467169 0.005788
109.610489 24.454296 0.005812
111.582916 24.441431 0.005821
113.555130 24.428574 0.005798
115.527153 24.415724 0.005721
117.498978 24.402882 0.005625
119.470596 24.390047 0.005736
121.442017 24.377220 0.005993
123.413246 24.364401 0.005936
125.384270 24.351589 0.005723
127.355095 24.338785 0.005429
129.325729 24.325989 0.004570
131.296158 24.313200 0.002828
133.266388 24.300419 0.001639
135.236435 24.287643 0.003953
137.206268 24.274878 0.006312
139.175903 24.262119 0.006893
141.145355 24.249369 0.004684
143.114609 24.236624 0.001976
145.083664 24.223888 0.008182
147.052521 24.211161 0.014994
149.021179 24.198439 0.020191
150.989655 24.185724 0.023200
152.957932 24.173019 0.024313
154.926010 24.160320 0.023980
156.893890 24.147629 0.022442
158.861572 24.134947 0.020017
160.829071 24.122271 0.017318
162.796371 24.109602 0.015000
164.763489 24.096941 0.013400
166.730392 24.084288 0.012377
168.697113 24.071640 0.011638
170.663651 24.059002 0.011008
172.629990 24.046371 0.010463
174.596130 24.033747 0.009987
176.562088 24.021132 0.009564
178.527847 24.008522 0.009180
180.493408 23.995920 0.008824
182.458786 23.983326 0.008491
184.423981 23.970739 0.008179
186.388977 23.958160 0.007884
188.353775 23.945589 0.007604
190.318405 23.933025 0.007336
192.282822 23.920467 0.007079
194.247055 23.907919 0.006833
196.211105 23.895376 0.006597
198.174957 23.882841 0.006372
200.138626 23.870314 0.006157
82.005249 26.439484 0.005921
84.010254 26.425421 0.005926
86.015015 26.411367 0.005932
88.019539 26.397322 0.005940
90.023819 26.383286 0.005953
92.027855 26.369259 0.005971
94.031647 26.355238 0.005996
96.035194 26.341228 0.006031
98.038506 26.327227 0.006077
100.041580 26.313232 0.006135
102.044411 26.299248 0.006206
104.046997 26.285271 0.006291
106.049347 26.271303 0.006389
108.051460 26.257345 0.006500
110.053329 26.243393 0.006615
112.054962 26.229452 0.006719
114.056358 26.215517 0.006791
116.057510 26.201593 0.006867
118.058434 26.187675 0.007307
120.059113 26.173767 0.008032
122.059555 26.159868 0.008502
124.059761 26.145977 0.009095
126.059731 26.132093 0.009797
128.059464 26.118219 0.009658
130.058960 26.104353 0.008071
132.058212 26.090496 0.005129
134.057251 26.076647 0.002236
136.056030 26.062807 0.005938
138.054596 26.048975 0.010332
140.052917 26.035151 0.010830
142.050995 26.021336 0.005608
144.048859 26.007528 0.007552
146.046478 25.993731 0.019606
148.043869 25.979940 0.029440
150.041016 25.966160 0.034705
152.037933 25.952385 0.035600
154.034622 25.938622 0.033697
156.031082 25.924864 0.030800
158.027313 25.911116 0.027451
160.023300 25.897377 0.023592
162.019073 25.883646 0.019641
164.014603 25.869923 0.016349
166.009903 25.856207 0.014103
168.004974 25.842501 0.012740
169.999817 25.828802 0.011808
171.994431 25.815113 0.011049
173.988815 25.801432 0.010411
175.982971 25.787758 0.009867
177.976898 25.774094 0.009395
179.970596 25.760437 0.008973
181.964066 25.746788 0.008588
183.957306 25.733149 0.008233
185.950317 25.719517 0.007904
187.943115 25.705893 0.007596
189.935669 25.692278 0.007305
191.928009 25.678671 0.007029
193.920120 25.665071 0.006766
195.912003 25.651482 0.006515
197.903656 25.637897 0.006277
199.895096 25.624325 0.006050
201.886307 25.610758 0.005834
82.038002 28.243263 0.006065
84.075706 28.228077 0.006089
86.113136 28.212902 0.006116
88.150269 28.197737 0.006149
90.187111 28.182579 0.006189
92.223679 28.167433 0.006239
94.259949 28.152296 0.006301
96.295937 28.137167 0.006379
98.331635 28.122049 0.006473
100.367050 28.106941 0.006588
102.402184 28.091841 0.006725
104.437035 28.076752 0.006888
106.471596 28.061672 0.007077
108.505875 28.046600 0.007289
110.539871 28.031540 0.007514
112.573578 28.016489 0.007736
114.607010 28.001446 0.007972
116.640160 27.986414 0.008690
118.673019 27.971390 0.009932
120.705605 27.956377 0.011042
122.737907 27.941372 0.012666
124.769936 27.926378 0.014819
126.801674 27.911392 0.016207
128.833130 27.896416 0.016234
130.864319 27.881451 0.014846
132.895218 27.866493 0.010518
134.925842 27.851545 0.003413
136.956192 27.836607 0.010817
138.986267 27.821678 0.019446
141.016052 27.806759 0.017548
143.045563 27.791849 0.006269
145.074814 27.776947 0.025052
147.103775 27.762056 0.044835
149.132446 27.747173 0.055038
151.160858 27.732302 0.056198
153.188995 27.717438 0.051529
155.216858 27.702583 0.044301
157.244446 27.687738 0.037251
159.271759 27.672903 0.031452
161.298798 27.658077 0.026048
163.325562 27.643259 0.020968
165.352051 27.628452 0.016930
167.378265 27.613653 0.014272
169.404205 27.598864 0.012713
171.429886 27.584084 0.011669
173.455292 27.569313 0.010834
175.480423 27.554552 0.010147
177.505280 27.539801 0.009570
179.529877 27.525057 0.009075
181.554199 27.510323 0.008636
183.578247 27.495598 0.008238
185.602036 27.480883 0.007875
187.625549 27.466177 0.007541
189.648788 27.451479 0.007229
191.671768 27.436792 0.006936
193.694473 27.422113 0.006659
195.716919 27.407444 0.006395
197.739105 27.392782 0.006146
199.761002 27.378132 0.005909
201.782654 27.363489 0.005684
82.073914 30.046530 0.006197
84.147491 30.030184 0.006240
86.220726 30.013849 0.006290
88.293617 29.997524 0.006348
90.366173 29.981211 0.006418
92.438393 29.964907 0.006503
94.510277 29.948614 0.006606
96.581818 29.932333 0.006730
98.653023 29.916061 0.006880
100.723892 29.899801 0.007059
102.794418 29.883553 0.007273
104.864616 29.867313 0.007526
106.934479 29.851084 0.007821
109.004005 29.834866 0.008152
111.073204 29.818659 0.008509
113.142059 29.802462 0.008889
115.210587 29.786276 0.009754
117.278778 29.770100 0.011485
119.346642 29.753935 0.013236
121.414177 29.737780 0.015879
123.481377 29.721636 0.019733
125.548241 29.705502 0.023348
127.614784 29.689379 0.026516
129.680984 29.673265 0.029504
131.746872 29.657164 0.028846
133.812424 29.641071 0.021272
135.877640 29.624990 0.004980
137.942535 29.608919 0.022981
140.007111 29.592859 0.039945
142.071350 29.576809 0.024703
144.135254 29.560768 0.027792
146.198853 29.544739 0.073408
148.262115 29.528721 0.095700
150.325058 29.512712 0.094450
152.387665 29.496714 0.082346
154.449951 29.480726 0.067262
156.511917 29.464750 0.053128
158.573563 29.448782 0.041582
160.634888 29.432825 0.033458
162.695892 29.416880 0.026766
164.756561 29.400944 0.020927
166.816925 29.385017 0.016562
168.876953 29.369102 0.013855
170.936676 29.353197 0.012287
172.996063 29.337303 0.011224
175.055145 29.321417 0.010376
177.113907 29.305544 0.009686
179.172333 29.289679 0.009111
181.230453 29.273825 0.008618
183.288269 29.257982 0.008181
185.345749 29.242147 0.007788
187.402924 29.226326 0.007430
189.459778 29.210512 0.007100
191.516312 29.194710 0.006793
193.572540 29.178917 0.006505
195.628448 29.163134 0.006233
197.684052 29.147362 0.005975
199.739319 29.131599 0.005731
201.794296 29.115849 0.005500
82.113243 31.849258 0.006314
84.226082 31.831711 0.006377
86.338516 31.814175 0.006450
88.450562 31.796650 0.006535
90.562202 31.779137 0.006637
92.673447 31.761637 0.006759
94.784294 31.744148 0.006905
96.894745 31.726671 0.007080
99.004799 31.709208 0.007291
101.114464 31.691753 0.007542
103.223724 31.674313 0.007843
105.332596 31.656883 0.008200
107.441078 31.639465 0.008614
109.549164 31.622061 0.009081
111.656860 31.604666 0.009595
113.764160 31.587284 0.010458
115.871071 31.569914 0.012522
117.977592 31.552555 0.014836
120.083725 31.535208 0.018227
122.189461 31.517872 0.023666
124.294815 31.500547 0.029776
126.399780 31.483236 0.036841
128.504364 31.465937 0.046444
130.608551 31.448647 0.054817
132.712357 31.431370 0.058523
134.815781 31.414104 0.047633
136.918808 31.396851 0.007345
139.021469 31.379608 0.059979
141.123734 31.362379 0.085874
143.225616 31.345160 0.015248
145.327118 31.327951 0.123958
147.428238 31.310757 0.179369
149.528976 31.293571 0.172542
151.629318 31.276400 0.138929
153.729309 31.259239 0.104179
155.828903 31.242088 0.076897
157.928116 31.224951 0.056630
160.026947 31.207825 0.042168
162.125412 31.190708 0.032833
164.223495 31.173605 0.025489
166.321198 31.156513 0.019485
168.418533 31.139433 0.015335
170.515488 31.122362 0.012942
172.612076 31.105305 0.011532
174.708267 31.088259 0.010519
176.804108 31.071224 0.009715
178.899567 31.054199 0.009063
180.994644 31.037188 0.008519
183.089355 31.020187 0.008049
185.183701 31.003197 0.007632
187.277679 30.986219 0.007256
189.371277 30.969252 0.006913
191.464508 30.952295 0.006597
193.557358 30.935352 0.006302
195.649857 30.918419 0.006024
197.741974 30.901497 0.005762
199.833725 30.884586 0.005515
201.925110 30.867687 0.005281
82.156250 33.651428 0.006413
84.312027 33.632629 0.006497
86.467339 33.613846 0.006594
88.622185 33.595078 0.006707
90.776558 33.576321 0.006841
92.930473 33.557575 0.007002
95.083923 33.538845 0.007194
97.236908 33.520126 0.007423
99.389427 33.501423 0.007699
101.541481 33.482735 0.008029
103.693077 33.464054 0.008426
105.844208 33.445389 0.008896
107.994881 33.426739 0.009442
110.145096 33.408100 0.010062
112.294853 33.389477 0.010861
114.444153 33.370861 0.012942
116.592987 33.352264 0.015726
118.741371 33.333679 0.019440
120.889297 33.315105 0.025913
123.036774 33.296543 0.034227
125.183792 33.277996 0.044620
127.330353 33.259464 0.061114
129.476471 33.240944 0.081504
131.622131 33.222435 0.106931
133.767334 33.203938 0.129707
135.912094 33.185455 0.123261
138.056396 33.166988 0.036023
140.200256 33.148533 0.191694
142.343658 33.130089 0.108202
144.486618 33.111656 0.235199
146.629135 33.093239 0.375232
148.771194 33.074837 0.330277
150.912827 33.056442 0.241086
153.054001 33.038063 0.163747
155.194733 33.019699 0.110028
157.335022 33.001343 0.075685
159.474869 32.983006 0.053177
161.614273 32.964676 0.038802
163.753235 32.946362 0.029682
165.891754 32.928059 0.022464
168.029831 32.909767 0.017006
170.167480 32.891491 0.013583
172.304672 32.873226 0.011713
174.441437 32.854977 0.010531
176.577774 32.836739 0.009628
178.713669 32.818512 0.008911
180.849121 32.800297 0.008326
182.984146 32.782097 0.007832
185.118729 32.763908 0.007400
187.252884 32.745731 0.007014
189.386597 32.727570 0.006664
191.519882 32.709419 0.006344
193.652740 32.691280 0.006048
195.785172 32.673157 0.005769
197.917160 32.655045 0.005507
200.048721 32.636944 0.005259
82.203255 35.453018 0.006492
84.405968 35.432922 0.006596
86.608131 35.412838 0.006717
88.809746 35.392769 0.006859
91.010818 35.372715 0.007027
93.211349 35.352676 0.007226
95.411331 35.332653 0.007465
97.610779 35.312645 0.007752
99.809677 35.292652 0.008096
102.008041 35.272671 0.008510
104.205864 35.252705 0.009009
106.403145 35.232754 0.009598
108.599892 35.212818 0.010284
110.796097 35.192898 0.011075
112.991776 35.172993 0.012780
115.186913 35.153099 0.015873
117.381516 35.133224 0.019586
119.575592 35.113361 0.026204
121.769127 35.093510 0.035927
123.962135 35.073677 0.048217
126.154617 35.053860 0.069181
128.346558 35.034054 0.099274
130.537979 35.014263 0.146630
132.728882 34.994488 0.217699
134.919250 34.974728 0.313305
137.109085 34.954979 0.372966
139.298401 34.935246 0.282499
141.487198 34.915527 1.118605
143.675461 34.895824 0.492757
145.863205 34.876137 0.895903
148.050430 34.856461 0.658823
150.237137 34.836800 0.406635
152.423325 34.817154 0.246900
154.608994 34.797520 0.150858
156.794144 34.777901 0.096505
158.978775 34.758297 0.064463
161.162888 34.738708 0.044452
163.346497 34.719131 0.032785
165.529587 34.699574 0.024742
167.712158 34.680023 0.018410
169.894211 34.660492 0.014125
172.075760 34.640972 0.011734
174.256805 34.621468 0.010366
176.437332 34.601978 0.009394
178.617355 34.582500 0.008635
180.796860 34.563038 0.008026
182.975876 34.543591 0.007521
185.154373 34.524158 0.007086
187.332367 34.504738 0.006700
189.509842 34.485332 0.006352
191.686829 34.465939 0.006035
193.863312 34.446560 0.005742
196.039291 34.427197 0.005468
198.214767 34.407845 0.005210
200.389740 34.388508 0.004966
82.254631 37.254013 0.006548
84.508621 37.232555 0.006672
86.761978 37.211117 0.006817
89.014694 37.189690 0.006986
91.266769 37.168285 0.007187
93.518219 37.146893 0.007426
95.769028 37.125519 0.007712
98.019211 37.104160 0.008056
100.268761 37.082821 0.008470
102.517677 37.061493 0.008971
104.765968 37.040184 0.009571
107.013626 37.018894 0.010281
109.260666 36.997616 0.011110
111.507072 36.976357 0.012312
113.752861 36.955116 0.015280
115.998016 36.933887 0.018958
118.242561 36.912678 0.024821
120.486481 36.891483 0.034755
122.729774 36.870304 0.047721
124.972458 36.849140 0.068830
127.214516 36.827995 0.103123
129.455963 36.806866 0.160585
131.696793 36.785751 0.259906
133.937012 36.764656 0.443919
136.176620 36.743572 0.761549
138.415604 36.722507 1.262829
140.653992 36.701458 2.279428
142.891754 36.680424 13.425328
145.128922 36.659409 2.036060
147.365463 36.638409 1.196587
149.601410 36.617420 0.610769
151.836761 36.596451 0.327865
154.071503 36.575500 0.188006
156.305634 36.554562 0.112362
158.539154 36.533638 0.072084
160.772095 36.512733 0.048379
163.004425 36.491844 0.034263
165.236160 36.470970 0.025694
167.467285 36.450111 0.019067
169.697830 36.429268 0.014290
171.927765 36.408440 0.011491
174.157104 36.387630 0.009991
176.385864 36.366837 0.008992
178.614029 36.346054 0.008223
180.841583 36.325291 0.007615
183.068573 36.304543 0.007117
185.294952 36.283810 0.006691
187.520752 36.263092 0.006316
189.745972 36.242393 0.005979
191.970596 36.221706 0.005672
194.194641 36.201035 0.005389
196.418091 36.180382 0.005124
198.640961 36.159740 0.004874
200.863251 36.139118 0.004638
82.310783 39.054390 0.006578
84.620819 39.031509 0.006722
86.930115 39.008648 0.006889
89.238663 38.985802 0.007084
91.546478 38.962978 0.007317
93.853546 38.940170 0.007594
96.159874 38.917381 0.007925
98.465469 38.894611 0.008325
100.770332 38.871861 0.008807
103.074455 38.849125 0.009392
105.377846 38.826412 0.010091
107.680504 38.803715 0.010916
109.982437 38.781036 0.011891
112.283638 38.758373 0.014059
114.584114 38.735733 0.017757
116.883865 38.713108 0.022520
119.182892 38.690502 0.031286
121.481194 38.667915 0.044027
123.778770 38.645344 0.062045
126.075630 38.622795 0.094913
128.371780 38.600262 0.147408
130.667206 38.577744 0.242884
132.961914 38.555248 0.430649
135.255905 38.532768 0.802095
137.549179 38.510307 1.561404
139.841751 38.487865 3.539779
142.133606 38.465439 14.573892
144.424759 38.443031 0.692764
146.715195 38.420643 1.327338
149.004929 38.398270 0.656526
151.293961 38.375916 0.343539
153.582291 38.353580 0.194319
155.869919 38.331261 0.114740
158.156845 38.308960 0.072502
160.443069 38.286678 0.048246
162.728592 38.264412 0.033509
165.013412 38.242165 0.025015
167.297546 38.219933 0.018654
169.580978 38.197723 0.013853
171.863724 38.175526 0.010923
174.145782 38.153351 0.009391
176.427139 38.131191 0.008414
178.707809 38.109047 0.007675
180.987808 38.086922 0.007094
183.267105 38.064816 0.006622
185.545715 38.042725 0.006221
187.823639 38.020653 0.005868
190.100891 37.998600 0.005550
192.377457 37.976562 0.005260
194.653336 37.954540 0.004992
196.928543 37.932537 0.004741
199.203079 37.910553 0.004503
201.476929 37.888584 0.004278
82.372192 40.854137 0.006581
84.743523 40.829758 0.006742
87.113983 40.805401 0.006929
89.483574 40.781063 0.007149
91.852303 40.756748 0.007410
94.220169 40.732452 0.007722
96.587173 40.708179 0.008095
98.953323 40.683926 0.008546
101.318611 40.659691 0.009093
103.683044 40.635479 0.009752
106.046623 40.611286 0.010538
108.409355 40.587112 0.011465
110.771233 40.562962 0.012765
113.132263 40.538834 0.015985
115.492455 40.514721 0.020075
117.851791 40.490631 0.026668
120.210289 40.466560 0.037940
122.567947 40.442513 0.053009
124.924767 40.418484 0.078528
127.280746 40.394474 0.120418
129.635880 40.370487 0.194175
131.990189 40.346519 0.326856
134.343674 40.322571 0.582894
136.696320 40.298641 1.048344
139.048126 40.274734 1.771570
141.399124 40.250847 1.852049
143.749283 40.226978 0.694824
146.098618 40.203129 0.279962
148.447144 40.179302 0.351981
150.794830 40.155495 0.241586
153.141708 40.131706 0.154427
155.487762 40.107941 0.097369
157.833008 40.084190 0.063374
160.177444 40.060463 0.043060
162.521057 40.036755 0.030181
164.863861 40.013065 0.022711
167.205856 39.989395 0.017116
169.547043 39.965748 0.012733
171.887436 39.942116 0.009987
174.227005 39.918507 0.008567
176.565781 39.894917 0.007674
178.903763 39.871346 0.007003
181.240936 39.847794 0.006477
183.577316 39.824265 0.006049
185.912888 39.800751 0.005685
188.247681 39.777260 0.005364
190.581665 39.753784 0.005073
192.914871 39.730331 0.004807
195.247284 39.706898 0.004559
197.578903 39.683483 0.004326
199.909744 39.660088 0.004104
202.239792 39.636711 0.003893
82.439423 42.653236 0.006553
84.877831 42.627281 0.006729
87.315224 42.601345 0.006933
89.751610 42.575436 0.007175
92.186989 42.549549 0.007461
94.621361 42.523682 0.007802
97.054733 42.497841 0.008212
99.487099 42.472023 0.008707
101.918472 42.446228 0.009308
104.348846 42.420460 0.010028
106.778221 42.394711 0.010882
109.206612 42.368984 0.011885
111.634010 42.343281 0.013842
114.060417 42.317604 0.017600
116.485840 42.291946 0.022271
118.910278 42.266312 0.030762
121.333740 42.240704 0.043529
123.756218 42.215115 0.060883
126.177719 42.189548 0.092005
128.598251 42.164005 0.139302
131.017807 42.138489 0.219963
133.436386 42.112991 0.354483
135.854004 42.087517 0.555482
138.270660 42.062065 0.737303
140.686340 42.036636 0.524331
143.101074 42.011230 0.260070
145.514832 41.985844 0.205378
147.927643 41.960484 0.033836
150.339493 41.935143 0.094981
152.750381 41.909828 0.088022
155.160324 41.884533 0.065793
157.569321 41.859261 0.047094
159.977371 41.834011 0.033938
162.384476 41.808784 0.024725
164.790634 41.783577 0.019135
167.195847 41.758392 0.014665
169.600128 41.733234 0.011025
172.003464 41.708092 0.008730
174.405869 41.682976 0.007560
176.807343 41.657883 0.006806
179.207886 41.632809 0.006235
181.607483 41.607758 0.005785
184.006180 41.582726 0.005416
186.403931 41.557720 0.005101
188.800766 41.532734 0.004819
191.196671 41.507771 0.004562
193.591675 41.482826 0.004323
195.985748 41.457909 0.004099
198.378906 41.433010 0.003887
200.771149 41.408131 0.003683
82.513107 44.451679 0.006493
85.025032 44.424049 0.006680
87.535774 44.396446 0.006899
90.045341 44.368870 0.007157
92.553726 44.341316 0.007463
95.060936 44.313793 0.007828
97.566978 44.286297 0.008266
100.071854 44.258823 0.008795
102.575569 44.231377 0.009433
105.078117 44.203960 0.010194
107.579498 44.176563 0.011088
110.079735 44.149197 0.012179
112.578812 44.121857 0.014857
115.076736 44.094540 0.018733
117.573509 44.067249 0.024156
120.069145 44.039986 0.033811
122.563629 44.012749 0.046858
125.056976 43.985535 0.065608
127.549187 43.958351 0.096583
130.040268 43.931190 0.140678
132.530197 43.904053 0.204104
135.019012 43.876942 0.282232
137.506699 43.849857 0.330232
139.993256 43.822800 0.243783
142.478699 43.795765 0.029869
144.963013 43.768757 0.106541
147.446213 43.741776 0.057208
149.928299 43.714817 0.014784
152.409286 43.687885 0.033364
154.889145 43.660976 0.034466
157.367905 43.634094 0.029435
159.845566 43.607235 0.023422
162.322128 43.580402 0.018360
164.797577 43.553596 0.014916
167.271942 43.526814 0.011692
169.745209 43.500057 0.008966
172.217377 43.473324 0.007285
174.688477 43.446617 0.006444
177.158478 43.419933 0.005860
179.627396 43.393276 0.005407
182.095230 43.366642 0.005047
184.561981 43.340031 0.004748
187.027664 43.313446 0.004487
189.492279 43.286888 0.004249
191.955811 43.260349 0.004028
194.418274 43.233841 0.003820
196.879684 43.207352 0.003623
199.340012 43.180889 0.003433
201.799301 43.154453 0.003249
82.594009 46.249443 0.006398
85.186630 46.220036 0.006594
87.777878 46.190659 0.006823
90.367737 46.161316 0.007092
92.956223 46.131996 0.007411
95.543335 46.102711 0.007791
98.129082 46.073456 0.008247
100.713463 46.044228 0.008795
103.296486 46.015030 0.009452
105.878151 45.985863 0.010226
108.458458 45.956722 0.011125
111.037415 45.927612 0.012401
113.615021 45.898533 0.015492
116.191292 45.869484 0.019292
118.766212 45.840462 0.025235
121.339798 45.811470 0.034958
123.912056 45.782505 0.047007
126.482979 45.753571 0.064407
129.052582 45.724667 0.089269
131.620850 45.695793 0.119064
134.187805 45.666943 0.148706
136.753433 45.638126 0.159712
139.317749 45.609337 0.123596
141.880768 45.580574 0.038733
144.442474 45.551842 0.031135
147.002869 45.523140 0.040179
149.561966 45.494465 0.017877
152.119766 45.465820 0.007067
154.676285 45.437202 0.013348
157.231491 45.408611 0.015303
159.785431 45.380051 0.014063
162.338074 45.351517 0.012415
164.889435 45.323013 0.010724
167.439514 45.294537 0.008637
169.988327 45.266087 0.006849
172.535873 45.237667 0.005821
175.082138 45.209274 0.005303
177.627151 45.180908 0.004891
180.170883 45.152573 0.004563
182.713364 45.124264 0.004296
185.254593 45.095982 0.004068
187.794571 45.067726 0.003863
190.333298 45.039501 0.003670
192.870773 45.011303 0.003487
195.407013 44.983131 0.003311
197.942001 44.954990 0.003140
200.475754 44.926872 0.002973
82.683006 48.046520 0.006268
85.364395 48.015217 0.006469
88.044159 47.983952 0.006703
90.722305 47.952717 0.006977
93.398834 47.921520 0.007301
96.073761 47.890354 0.007687
98.747086 47.859222 0.008147
101.418816 47.828125 0.008697
104.088943 47.797058 0.009348
106.757484 47.766029 0.010104
109.424446 47.735031 0.010966
112.089821 47.704067 0.012453
114.753624 47.673138 0.015564
117.415848 47.642239 0.019150
120.076508 47.611374 0.025011
122.735603 47.580544 0.033702
125.393143 47.549747 0.043482
128.049118 47.518982 0.056379
130.703552 47.488251 0.071494
133.356430 47.457550 0.083255
136.007782 47.426884 0.084939
138.657578 47.396252 0.066906
141.305847 47.365650 0.030731
143.952591 47.335083 0.006347
146.597809 47.304546 0.019956
149.241501 47.274044 0.015825
151.883667 47.243572 0.006557
154.524338 47.213131 0.003245
157.163483 47.182724 0.006178
159.801132 47.152351 0.007314
162.437286 47.122009 0.007660
165.071930 47.091698 0.007038
167.705093 47.061420 0.005878
170.336761 47.031174 0.004939
172.966934 47.000957 0.004486
175.595642 46.970776 0.004208
178.222870 46.940620 0.003952
180.848618 46.910503 0.003741
183.472900 46.880413 0.003562
186.095718 46.850357 0.003401
188.717072 46.820332 0.003248
191.336975 46.790337 0.003099
193.955414 46.760372 0.002951
196.572403 46.730438 0.002806
199.187958 46.700539 0.002661
201.802063 46.670670 0.002517
82.781151 49.842896 0.006103
85.560394 49.809563 0.006304
88.337730 49.776272 0.006537
91.113167 49.743015 0.006810
93.886703 49.709801 0.007130
96.658356 49.676624 0.007510
99.428123 49.643486 0.007959
102.196014 49.610386 0.008492
104.962036 49.577324 0.009111
107.726189 49.544304 0.009814
110.488487 49.511318 0.010600
113.248924 49.478371 0.012193
116.007507 49.445465 0.015031
118.764252 49.412594 0.018186
121.519165 49.379761 0.023259
124.272232 49.346966 0.030076
127.023483 49.314209 0.036688
129.772903 49.281490 0.043545
132.520508 49.248806 0.049188
135.266312 49.216164 0.048491
138.010300 49.183556 0.039067
140.752487 49.150986 0.021708
143.492889 49.118454 0.004557
146.231491 49.085957 0.008850
148.968307 49.053497 0.010447
151.703339 49.021076 0.006793
154.436615 48.988693 0.002471
157.168106 48.956345 0.001351
159.897842 48.924030 0.003236
162.625809 48.891754 0.004180
165.352036 48.859516 0.004099
168.076508 48.827312 0.003669
170.799225 48.795147 0.003402
173.520218 48.763020 0.003338
176.239471 48.730923 0.003211
178.957001 48.698864 0.003085
181.672806 48.666843 0.002973
184.386902 48.634857 0.002869
187.099274 48.602905 0.002767
189.809937 48.570992 0.002660
192.518890 48.539112 0.002549
195.226151 48.507267 0.002434
197.931717 48.475460 0.002316
200.635590 48.443684 0.002196
82.889687 51.638554 0.005902
85.777115 51.603035 0.006099
88.662292 51.567562 0.006325
91.545227 51.532135 0.006589
94.425926 51.496750 0.006897
97.304405 51.461414 0.007258
100.180656 51.426117 0.007682
103.054703 51.390869 0.008175
105.926537 51.355659 0.008736
108.796173 51.320499 0.009352
111.663620 51.285381 0.010024
114.528885 51.250305 0.011532
117.391975 51.215275 0.013912
120.252892 51.180286 0.016389
123.111649 51.145344 0.020128
125.968246 51.110443 0.024662
128.822693 51.075584 0.028066
131.675003 51.040771 0.029685
134.525177 51.005997 0.028952
137.373230 50.971268 0.023837
140.219147 50.936584 0.014698
143.062973 50.901939 0.004994
145.904663 50.867340 0.003900
148.744278 50.832779 0.006264
151.581787 50.798264 0.005551
154.417206 50.763790 0.003358
157.250549 50.729359 0.000908
160.081818 50.694965 0.000918
162.911011 50.660618 0.001762
165.738159 50.626312 0.002009
168.563248 50.592045 0.002118
171.386276 50.557823 0.002281
174.207275 50.523640 0.002364
177.026230 50.489498 0.002346
179.843170 50.455399 0.002317
182.658081 50.421337 0.002281
185.470978 50.387321 0.002236
188.281860 50.353344 0.002179
191.090744 50.319405 0.002110
193.897629 50.285511 0.002031
196.702515 50.251656 0.001944
199.505417 50.217838 0.001851
202.306351 50.184063 0.001751
83.010094 53.433479 0.005667
86.017509 53.395599 0.005855
89.022255 53.357769 0.006069
92.024353 53.319992 0.006316
95.023796 53.282265 0.006602
98.020607 53.244587 0.006932
101.014786 53.206966 0.007314
104.006348 53.169392 0.007749
106.995300 53.131870 0.008225
109.981659 53.094398 0.008723
112.965424 53.056980 0.009243
115.946602 53.019608 0.010479
118.925209 52.982288 0.012292
121.901260 52.945019 0.013931
124.874756 52.907799 0.016104
127.845703 52.870632 0.018419
130.814117 52.833511 0.019371
133.779999 52.796440 0.018086
136.743378 52.759418 0.014663
139.704239 52.722446 0.009514
142.662598 52.685528 0.003961
145.618469 52.648651 0.002192
148.571854 52.611828 0.004041
151.522766 52.575050 0.004164
154.471222 52.538326 0.003001
157.417206 52.501644 0.001577
160.360748 52.465015 0.000576
163.301849 52.428432 0.000446
166.240524 52.391899 0.000821
169.176773 52.355412 0.001190
172.110611 52.318974 0.001473
175.042038 52.282581 0.001573
177.971069 52.246235 0.001628
180.897720 52.209938 0.001662
183.821976 52.173691 0.001676
186.743866 52.137486 0.001672
189.663391 52.101330 0.001648
192.580551 52.065220 0.001608
195.495361 52.029160 0.001555
198.407837 51.993141 0.001490
201.317978 51.957172 0.001416
83.144173 55.227657 0.005401
86.285156 55.187202 0.005574
89.422966 55.146812 0.005770
92.557610 55.106480 0.005993
95.689095 55.066208 0.006247
98.817451 55.025993 0.006536
101.942680 54.985844 0.006862
105.064789 54.945751 0.007219
108.183800 54.905716 0.007590
111.299721 54.865742 0.007946
114.412567 54.825825 0.008275
117.522346 54.785969 0.009107
120.629074 54.746170 0.010317
123.732758 54.706429 0.011133
126.833420 54.666748 0.011861
129.931061 54.627121 0.012377
133.025696 54.587555 0.011845
136.117325 54.548046 0.009794
139.205994 54.508595 0.006553
142.291672 54.469196 0.003075
145.374405 54.429859 0.001383
148.454178 54.390575 0.002486
151.531021 54.351353 0.002929
154.604935 54.312183 0.002621
157.675949 54.273067 0.002006
160.744049 54.234013 0.001363
163.809250 54.195011 0.000837
166.871582 54.156063 0.000619
169.931030 54.117172 0.000752
172.987640 54.078339 0.000884
176.041382 54.039558 0.000981
179.092300 54.000832 0.001063
182.140381 53.962162 0.001125
185.185654 53.923546 0.001165
188.228119 53.884983 0.001183
191.267776 53.846474 0.001181
194.304657 53.808022 0.001160
197.338760 53.769619 0.001125
200.370117 53.731274 0.001077
83.294113 57.021057 0.005105
86.584412 56.977791 0.005260
89.870895 56.934597 0.005432
93.153587 56.891476 0.005625
96.432510 56.848423 0.005840
99.707672 56.805443 0.006076
102.979095 56.762531 0.006333
106.246788 56.719688 0.006599
109.510780 56.676914 0.006849
112.771080 56.634212 0.007049
116.027702 56.591576 0.007170
119.280670 56.549011 0.007542
122.529991 56.506512 0.008169
125.775681 56.464081 0.008341
129.017761 56.421719 0.008048
132.256241 56.379425 0.007383
135.491150 56.337196 0.006131
138.722488 56.295036 0.004248
141.950272 56.252941 0.002140
145.174515 56.210911 0.001049
148.395248 56.168949 0.001887
151.612473 56.127056 0.002465
154.826202 56.085224 0.002490
158.036469 56.043461 0.002139
161.243256 56.001762 0.001629
164.446609 55.960129 0.001150
167.646530 55.918560 0.000814
170.843033 55.877052 0.000657
174.036118 55.835613 0.000604
177.225830 55.794235 0.000620
180.412155 55.752922 0.000667
183.595123 55.711674 0.000717
186.774750 55.670486 0.000757
189.951035 55.629364 0.000780
193.124008 55.588306 0.000785
196.293671 55.547306 0.000775
199.460037 55.506374 0.000750
202.623123 55.465500 0.000713
83.462616 58.813652 0.004783
86.920616 58.767296 0.004916
90.374016 58.721020 0.005061
93.822845 58.674831 0.005217
97.267128 58.628723 0.005385
100.706879 58.582699 0.005562
104.142120 58.536758 0.005741
107.572884 58.490898 0.005906
110.999184 58.445118 0.006029
114.421043 58.399422 0.006073
117.838493 58.353809 0.005995
121.251534 58.308273 0.005941
124.660202 58.262817 0.006044
128.064514 58.217445 0.005800
131.464493 58.172150 0.005042
134.860168 58.126934 0.003902
138.251541 58.081799 0.002528
141.638641 58.036743 0.001194
145.021500 57.991764 0.000967
148.400116 57.946861 0.001713
151.774521 57.902039 0.002163
155.144745 57.857292 0.002204
158.510788 57.812622 0.001969
161.872681 57.768032 0.001624
165.230438 57.723515 0.001279
168.584076 57.679073 0.001011
171.933624 57.634708 0.000804
175.279099 57.590420 0.000647
178.620514 57.546207 0.000546
181.957886 57.502068 0.000496
185.291245 57.458004 0.000482
188.620590 57.414013 0.000485
191.945969 57.370098 0.000489
195.267365 57.326256 0.000486
198.584824 57.282486 0.000475
201.898361 57.238789 0.000453
83.653023 60.605408 0.004441
87.300423 60.555622 0.004549
90.942230 60.505936 0.004661
94.578476 60.456348 0.004777
98.209198 60.406860 0.004894
101.834412 60.357475 0.005005
105.454163 60.308182 0.005101
109.068474 60.258991 0.005162
112.677376 60.209896 0.005160
116.280891 60.160900 0.005058
119.879066 60.112000 0.004818
123.471916 60.063190 0.004459
127.059471 60.014481 0.004121
130.641754 59.965866 0.003631
134.218811 59.917347 0.002818
137.790665 59.868919 0.001786
141.357330 59.820587 0.000831
144.918839 59.772346 0.000807
148.475235 59.724201 0.001385
152.026520 59.676147 0.001757
155.572739 59.628185 0.001866
159.113907 59.580311 0.001780
162.650055 59.532532 0.001593
166.181229 59.484840 0.001386
169.707413 59.437241 0.001179
173.228668 59.389732 0.000983
176.745010 59.342312 0.000810
180.256454 59.294979 0.000668
183.763031 59.247734 0.000559
187.264786 59.200581 0.000481
190.761703 59.153511 0.000427
194.253845 59.106529 0.000390
197.741211 59.059635 0.000362
201.223846 59.012829 0.000339
83.869553 62.396275 0.004082
87.732201 62.342659 0.004163
91.587975 62.289165 0.004241
95.436928 62.235794 0.004314
99.279091 62.182537 0.004376
103.114525 62.129406 0.004419
106.943253 62.076389 0.004431
110.765327 62.023491 0.004392
114.580788 61.970707 0.004275
118.389671 61.918045 0.004050
122.192017 61.865494 0.003689
125.987877 61.813061 0.003184
129.777267 61.760738 0.002586
133.560257 61.708534 0.001936
137.336868 61.656441 0.001222
141.107132 61.604462 0.000609
144.871094 61.552593 0.000718
148.628799 61.500835 0.001194
152.380280 61.449192 0.001536
156.125565 61.397655 0.001688
159.864700 61.346230 0.001692
163.597717 61.294910 0.001605
167.324661 61.243702 0.001464
171.045563 61.192600 0.001298
174.760437 61.141605 0.001129
178.469345 61.090721 0.000970
182.172318 61.039940 0.000831
185.869385 60.989262 0.000714
189.560562 60.938690 0.000621
193.245926 60.888226 0.000549
196.925461 60.837864 0.000495
200.599243 60.787601 0.000457
84.117599 64.186188 0.003714
88.226608 64.128258 0.003765
92.327095 64.070480 0.003808
96.419113 64.012848 0.003836
100.502724 63.955364 0.003843
104.577980 63.898026 0.003820
108.644958 63.840832 0.003752
112.703705 63.783779 0.003622
116.754280 63.726868 0.003408
120.796738 63.670097 0.003089
124.831139 63.613472 0.002654
128.857544 63.556984 0.002111
132.875992 63.500633 0.001493
136.886551 63.444420 0.000886
140.889282 63.388348 0.000532
144.884216 63.332405 0.000768
148.871414 63.276604 0.001157
152.850937 63.220936 0.001449
156.822845 63.165398 0.001609
160.787155 63.109997 0.001652
164.743958 63.054726 0.001609
168.693268 62.999584 0.001509
172.635162 62.944576 0.001379
176.569672 62.889694 0.001239
180.496841 62.834946 0.001103
184.416748 62.780319 0.000979
188.329407 62.725826 0.000873
192.234894 62.671455 0.000786
196.133224 62.617210 0.000717
200.024460 62.563091 0.000666
84.404152 65.975060 0.003341
88.797485 65.912231 0.003363
93.180092 65.849586 0.003369
97.552063 65.787125 0.003353
101.913490 65.724838 0.003308
106.264450 65.662735 0.003221
110.605042 65.600815 0.003083
114.935333 65.539062 0.002877
119.255409 65.477493 0.002590
123.565361 65.416092 0.002214
127.865265 65.354866 0.001757
132.155197 65.293816 0.001250
136.435242 65.232933 0.000776
140.705475 65.172211 0.000576
144.965973 65.111664 0.000807
149.216812 65.051285 0.001139
153.458069 64.991074 0.001401
157.689804 64.931023 0.001560
161.912109 64.871132 0.001621
166.125046 64.811401 0.001605
170.328690 64.751839 0.001536
174.523117 64.692429 0.001435
178.708374 64.633179 0.001322
182.884552 64.574089 0.001208
187.051697 64.515160 0.001103
191.209900 64.456375 0.001012
195.359222 64.397751 0.000936
199.499725 64.339279 0.000878
203.631454 64.280952 0.000835
84.738426 67.762764 0.002969
89.463036 67.694298 0.002963
94.173950 67.626068 0.002934
98.871307 67.558067 0.002877
103.555237 67.490295 0.002782
108.225868 67.422745 0.002641
112.883324 67.355415 0.002444
117.527725 67.288307 0.002182
122.159195 67.221428 0.001854
126.777863 67.154755 0.001466
131.383835 67.088303 0.001054
135.977234 67.022064 0.000708
140.558167 66.956032 0.000632
145.126755 66.890213 0.000857
149.683105 66.824608 0.001145
154.227325 66.759201 0.001379
158.759521 66.694000 0.001530
163.279816 66.629005 0.001598
167.788300 66.564209 0.001599
172.285080 66.499611 0.001551
176.770248 66.435211 0.001474
181.243927 66.371010 0.001383
185.706207 66.307007 0.001290
190.157166 66.243187 0.001204
194.596939 66.179565 0.001128
199.025574 66.116135 0.001066
203.443207 66.052887 0.001019
85.132881 69.549133 0.002606
90.247772 69.474113 0.002572
95.344887 69.399391 0.002511
100.424416 69.324966 0.002416
105.486557 69.250832 0.002279
110.531517 69.176979 0.002095
115.559471 69.103416 0.001857
120.570618 69.030128 0.001568
125.565132 68.957130 0.001240
130.543198 68.884399 0.000912
135.505005 68.811943 0.000682
140.450699 68.739754 0.000697
145.380478 68.667839 0.000912
150.294495 68.596184 0.001164
155.192917 68.524796 0.001373
160.075928 68.453659 0.001512
164.943649 68.382782 0.001581
169.796265 68.312164 0.001591
174.633926 68.241791 0.001559
179.456772 68.171677 0.001500
184.264969 68.101799 0.001428
189.058655 68.032173 0.001353
193.837982 67.962784 0.001284
198.603073 67.893639 0.001224
203.354095 67.824730 0.001175
85.604691 71.333923 0.002256
91.185463 71.251167 0.002199
96.742645 71.168800 0.002109
102.276558 71.086815 0.001982
107.787521 71.005219 0.001814
113.275826 70.923988 0.001601
118.741783 70.843132 0.001349
124.185677 70.762642 0.001075
129.607803 70.682510 0.000825
135.008423 70.602737 0.000692
140.387833 70.523315 0.000763
145.746292 70.444244 0.000966
151.084061 70.365509 0.001189
156.401398 70.287125 0.001374
161.698563 70.209068 0.001500
166.975800 70.131340 0.001566
172.233337 70.053947 0.001582
177.471420 69.976875 0.001560
182.690308 69.900124 0.001515
187.890182 69.823685 0.001459
193.071304 69.747559 0.001401
198.233887 69.671745 0.001347
203.378128 69.596237 0.001300
86.178246 73.116768 0.001928
92.323860 73.024727 0.001850
98.437393 72.933205 0.001738
104.519363 72.842209 0.001589
110.570290 72.751717 0.001403
116.590675 72.661720 0.001189
122.581001 72.572220 0.000966
128.541748 72.483208 0.000785
134.473373 72.394676 0.000726
140.376328 72.306610 0.000825
146.251038 72.219009 0.001014
152.097961 72.131866 0.001212
157.917496 72.045174 0.001377
163.710052 71.958923 0.001490
169.476044 71.873108 0.001552
175.215820 71.787727 0.001570
180.929794 71.702774 0.001557
186.618332 71.618240 0.001523
192.281784 71.534119 0.001480
197.920502 71.450409 0.001436
203.534836 71.367096 0.001394
86.889389 74.897148 0.001629
93.732811 74.793732 0.001536
100.531235 74.691040 0.001410
107.285561 74.589073 0.001253
113.996689 74.487801 0.001075
120.665482 74.387222 0.000900
127.292755 74.287315 0.000778
133.879333 74.188072 0.000769
140.425980 74.089478 0.000880
146.933456 73.991524 0.001055
153.402512 73.894196 0.001232
159.833817 73.797485 0.001379
166.228088 73.701378 0.001480
172.585999 73.605858 0.001537
178.908188 73.510933 0.001557
185.195267 73.416573 0.001549
191.447876 73.322777 0.001524
197.666595 73.229538 0.001492
203.852005 73.136841 0.001458
87.792908 76.674217 0.001367
95.518448 76.556526 0.001267
103.178398 76.439896 0.001141
110.774460 76.324295 0.000999
118.308273 76.209694 0.000868
125.781403 76.096077 0.000792
133.195343 75.983414 0.000813
140.551529 75.871689 0.000928
147.851349 75.760872 0.001089
155.096146 75.650948 0.001248
162.287186 75.541893 0.001379
169.425705 75.433685 0.001470
176.512863 75.326317 0.001521
183.549835 75.219757 0.001540
190.537704 75.113991 0.001536
197.477524 75.009010 0.001518
204.370331 74.904785 0.001494
88.976913 78.446617 0.001154
97.849892 78.310471 0.001059
106.622566 78.175934 0.000952
115.298355 78.042953 0.000858
123.880486 77.911476 0.000816
132.372025 77.781456 0.000856
140.775848 77.652847 0.000968
149.094711 77.525597 0.001116
157.331223 77.399673 0.001260
165.487854 77.275040 0.001377
173.566956 77.151649 0.001457
181.570770 77.029472 0.001502
189.501450 76.908478 0.001519
197.361023 76.788620 0.001517
205.151428 76.669884 0.001505
90.592300 80.211967 0.001001
101.013069 80.051041 0.000927
111.270531 79.892723 0.000864
121.372292 79.736893 0.000845
131.325363 79.583443 0.000893
141.136276 79.432266 0.001002
150.811066 79.283272 0.001138
160.355377 79.136368 0.001268
169.774475 78.991463 0.001371
179.073273 78.848495 0.001441
188.256393 78.707375 0.001480
197.328125 78.568039 0.001494
206.292542 78.430428 0.001492
