81.836479 11.993977 0.000214
83.672913 11.987956 0.000221
85.509300 11.981938 0.000228
87.345657 11.975924 0.000235
89.181969 11.969913 0.000242
91.018242 11.963904 0.000250
92.854477 11.957899 0.000257
94.690666 11.951898 0.000264
96.526817 11.945898 0.000271
98.362923 11.939902 0.000278
100.198997 11.933909 0.000285
102.035027 11.927920 0.000291
103.871017 11.921934 0.000297
105.706963 11.915951 0.000302
107.542870 11.909970 0.000307
109.378738 11.903993 0.000310
111.214569 11.898019 0.000312
113.050362 11.892048 0.000312
114.886108 11.886080 0.000310
116.721817 11.880115 0.000306
118.557487 11.874153 0.000298
120.393112 11.868194 0.000287
122.228706 11.862238 0.000271
124.064255 11.856286 0.000249
125.899765 11.850336 0.000222
127.735229 11.844390 0.000188
129.570663 11.838447 0.000150
131.406052 11.832506 0.000111
133.241409 11.826569 0.000092
135.076721 11.820635 0.000123
136.911987 11.814703 0.000194
138.747223 11.808775 0.000286
140.582413 11.802850 0.000391
142.417572 11.796928 0.000506
144.252686 11.791009 0.000629
146.087753 11.785093 0.000756
147.922791 11.779181 0.000886
149.757782 11.773271 0.001015
151.592743 11.767365 0.001141
153.427658 11.761460 0.001262
155.262543 11.755560 0.001377
157.097382 11.749662 0.001484
158.932175 11.743768 0.001583
160.766937 11.737876 0.001673
162.601669 11.731988 0.001753
164.436356 11.726102 0.001825
166.270996 11.720220 0.001888
168.105606 11.714340 0.001944
169.940170 11.708464 0.001991
171.774704 11.702591 0.002032
173.609192 11.696720 0.002066
175.443634 11.690853 0.002095
177.278061 11.684989 0.002118
179.112427 11.679128 0.002137
180.946762 11.673269 0.002151
182.781067 11.667414 0.002162
184.615326 11.661562 0.002169
186.449539 11.655713 0.002173
188.283722 11.649866 0.002174
190.117874 11.644024 0.002172
191.951965 11.638184 0.002169
193.786041 11.632346 0.002163
195.620071 11.626513 0.002155
197.454056 11.620681 0.002146
199.288010 11.614853 0.002135
201.121933 11.609028 0.002123
81.849709 13.800868 0.000205
83.699356 13.793908 0.000212
85.548950 13.786952 0.000219
87.398491 13.780000 0.000226
89.247978 13.773050 0.000233
91.097412 13.766105 0.000241
92.946793 13.759163 0.000248
94.796112 13.752225 0.000256
96.645386 13.745291 0.000263
98.494598 13.738359 0.000270
100.343758 13.731432 0.000278
102.192863 13.724508 0.000285
104.041916 13.717588 0.000291
105.890915 13.710672 0.000297
107.739853 13.703759 0.000303
109.588745 13.696851 0.000307
111.437584 13.689945 0.000311
113.286362 13.683043 0.000312
115.135086 13.676145 0.000312
116.983765 13.669250 0.000309
118.832382 13.662359 0.000303
120.680946 13.655472 0.000294
122.529465 13.648587 0.000279
124.377922 13.641707 0.000259
126.226326 13.634830 0.000232
128.074677 13.627957 0.000199
129.922974 13.621088 0.000159
131.771225 13.614222 0.000117
133.619415 13.607360 0.000091
135.467560 13.600501 0.000119
137.315643 13.593646 0.000194
139.163681 13.586794 0.000293
141.011658 13.579947 0.000410
142.859573 13.573102 0.000538
144.707458 13.566261 0.000673
146.555267 13.559423 0.000812
148.403046 13.552590 0.000950
150.250763 13.545760 0.001084
152.098419 13.538934 0.001213
153.946030 13.532110 0.001337
155.793594 13.525291 0.001454
157.641098 13.518476 0.001561
159.488541 13.511662 0.001658
161.335938 13.504854 0.001745
163.183289 13.498049 0.001822
165.030594 13.491247 0.001889
166.877838 13.484449 0.001947
168.725021 13.477654 0.001996
170.572159 13.470864 0.002038
172.419250 13.464076 0.002073
174.266281 13.457293 0.002102
176.113266 13.450512 0.002124
177.960190 13.443735 0.002142
179.807068 13.436962 0.002156
181.653900 13.430193 0.002165
183.500671 13.423427 0.002171
185.347397 13.416664 0.002173
187.194077 13.409904 0.002173
189.040695 13.403149 0.002170
190.887253 13.396397 0.002165
192.733780 13.389648 0.002158
194.580246 13.382903 0.002149
196.426651 13.376162 0.002139
198.273026 13.369424 0.002126
200.119339 13.362689 0.002113
81.864983 15.607481 0.000196
83.729897 15.599567 0.000203
85.594742 15.591659 0.000210
87.459511 15.583754 0.000217
89.324211 15.575852 0.000224
91.188835 15.567956 0.000231
93.053398 15.560064 0.000239
94.917885 15.552176 0.000247
96.782295 15.544291 0.000254
98.646645 15.536412 0.000262
100.510918 15.528537 0.000270
102.375114 15.520665 0.000277
104.239250 15.512798 0.000284
106.103310 15.504935 0.000291
107.967300 15.497076 0.000298
109.831223 15.489222 0.000303
111.695068 15.481371 0.000308
113.558853 15.473525 0.000311
115.422562 15.465683 0.000313
117.286201 15.457845 0.000312
119.149773 15.450011 0.000308
121.013268 15.442182 0.000300
122.876701 15.434356 0.000287
124.740059 15.426535 0.000268
126.603348 15.418717 0.000243
128.466568 15.410905 0.000210
130.329727 15.403096 0.000169
132.192810 15.395291 0.000124
134.055817 15.387490 0.000086
135.918762 15.379694 0.000101
137.781631 15.371902 0.000181
139.644440 15.364114 0.000296
141.507172 15.356330 0.000435
143.369843 15.348550 0.000589
145.232437 15.340775 0.000750
147.094971 15.333002 0.000908
148.957428 15.325235 0.001056
150.819809 15.317472 0.001192
152.682129 15.309712 0.001316
154.544388 15.301957 0.001431
156.406570 15.294207 0.001541
158.268692 15.286459 0.001646
160.130737 15.278717 0.001739
161.992722 15.270978 0.001821
163.854630 15.263244 0.001892
165.716476 15.255513 0.001953
167.578247 15.247787 0.002004
169.439957 15.240065 0.002047
171.301605 15.232346 0.002082
173.163162 15.224632 0.002110
175.024673 15.216922 0.002132
176.886108 15.209216 0.002149
178.747482 15.201514 0.002160
180.608780 15.193816 0.002168
182.470016 15.186123 0.002172
184.331177 15.178433 0.002173
186.192276 15.170748 0.002171
188.053314 15.163066 0.002167
189.914276 15.155389 0.002160
191.775177 15.147716 0.002152
193.636002 15.140046 0.002141
195.496765 15.132381 0.002129
197.357468 15.124720 0.002115
199.218094 15.117063 0.002100
201.078659 15.109410 0.002084
81.882393 17.413780 0.000187
83.764694 17.404898 0.000193
85.646912 17.396019 0.000200
87.529030 17.387146 0.000207
89.411064 17.378277 0.000214
91.292999 17.369413 0.000222
93.174850 17.360556 0.000229
95.056610 17.351702 0.000237
96.938278 17.342852 0.000245
98.819855 17.334007 0.000253
100.701347 17.325167 0.000261
102.582748 17.316332 0.000269
104.464058 17.307503 0.000277
106.345276 17.298677 0.000284
108.226402 17.289856 0.000292
110.107445 17.281040 0.000298
111.988396 17.272230 0.000304
113.869255 17.263424 0.000309
115.750031 17.254622 0.000312
117.630707 17.245825 0.000313
119.511307 17.237034 0.000311
121.391808 17.228247 0.000305
123.272224 17.219463 0.000294
125.152550 17.210686 0.000277
127.032791 17.201914 0.000254
128.912949 17.193144 0.000225
130.792999 17.184381 0.000192
132.672974 17.175623 0.000152
134.552856 17.166868 0.000098
136.432663 17.158119 0.000058
138.312363 17.149374 0.000139
140.191986 17.140635 0.000282
142.071518 17.131899 0.000457
143.950974 17.123169 0.000656
145.830322 17.114443 0.000864
147.709595 17.105722 0.001066
149.588776 17.097006 0.001244
151.467865 17.088295 0.001388
153.346878 17.079588 0.001495
155.225800 17.070887 0.001579
157.104630 17.062189 0.001657
158.983383 17.053495 0.001739
160.862045 17.044807 0.001825
162.740616 17.036123 0.001900
164.619095 17.027445 0.001963
166.497498 17.018772 0.002015
168.375809 17.010101 0.002058
170.254044 17.001438 0.002093
172.132187 16.992777 0.002120
174.010239 16.984121 0.002140
175.888214 16.975471 0.002155
177.766098 16.966825 0.002165
179.643890 16.958183 0.002171
181.521591 16.949547 0.002173
183.399231 16.940916 0.002172
185.276764 16.932287 0.002168
187.154221 16.923666 0.002162
189.031586 16.915047 0.002153
190.908875 16.906433 0.002143
192.786072 16.897825 0.002130
194.663177 16.889221 0.002116
196.540207 16.880621 0.002101
198.417160 16.872026 0.002085
200.294006 16.863436 0.002067
81.902031 19.219734 0.000178
83.803940 19.209864 0.000184
85.705742 19.199997 0.000190
87.607430 19.190138 0.000197
89.509003 19.180283 0.000204
91.410469 19.170433 0.000212
93.311813 19.160589 0.000219
95.213051 19.150751 0.000227
97.114174 19.140919 0.000235
99.015182 19.131092 0.000243
100.916084 19.121269 0.000251
102.816864 19.111452 0.000260
104.717545 19.101641 0.000268
106.618103 19.091835 0.000276
108.518555 19.082035 0.000284
110.418892 19.072241 0.000292
112.319115 19.062450 0.000299
114.219231 19.052668 0.000305
116.119240 19.042889 0.000310
118.019127 19.033115 0.000313
119.918907 19.023348 0.000313
121.818581 19.013584 0.000309
123.718140 19.003828 0.000300
125.617592 18.994076 0.000286
127.516930 18.984329 0.000278
129.416153 18.974588 0.000276
131.315277 18.964853 0.000268
133.214279 18.955122 0.000237
135.113174 18.945398 0.000176
137.011963 18.935678 0.000089
138.910645 18.925964 0.000031
140.809219 18.916254 0.000179
142.707672 18.906551 0.000374
144.606018 18.896852 0.000617
146.504257 18.887161 0.000899
148.402390 18.877474 0.001191
150.300415 18.867790 0.001452
152.198318 18.858114 0.001648
154.096130 18.848442 0.001765
155.993820 18.838776 0.001818
157.891418 18.829115 0.001838
159.788895 18.819460 0.001860
161.686264 18.809811 0.001911
163.583527 18.800165 0.001976
165.480682 18.790525 0.002029
167.377716 18.780891 0.002072
169.274658 18.771261 0.002105
171.171494 18.761639 0.002131
173.068222 18.752020 0.002149
174.964828 18.742407 0.002162
176.861343 18.732800 0.002169
178.757736 18.723196 0.002173
180.654037 18.713598 0.002172
182.550217 18.704006 0.002169
184.446304 18.694420 0.002163
186.342285 18.684839 0.002154
188.238144 18.675262 0.002143
190.133911 18.665691 0.002131
192.029556 18.656126 0.002116
193.925110 18.646566 0.002101
195.820557 18.637011 0.002084
197.715897 18.627460 0.002066
199.611115 18.617916 0.002047
201.506241 18.608376 0.002027
81.923996 21.025311 0.000169
83.847855 21.014431 0.000174
85.771568 21.003557 0.000181
87.695145 20.992689 0.000187
89.618584 20.981827 0.000194
91.541885 20.970972 0.000201
93.465042 20.960121 0.000209
95.388062 20.949278 0.000216
97.310944 20.938442 0.000224
99.233688 20.927610 0.000232
101.156296 20.916786 0.000241
103.078766 20.905968 0.000249
105.001099 20.895155 0.000258
106.923294 20.884348 0.000267
108.845352 20.873547 0.000276
110.767265 20.862753 0.000284
112.689049 20.851965 0.000292
114.610695 20.841183 0.000300
116.532204 20.830406 0.000306
118.453575 20.819635 0.000311
120.374809 20.808872 0.000313
122.295906 20.798115 0.000308
124.216866 20.787363 0.000305
126.137695 20.776617 0.000323
128.058380 20.765877 0.000355
129.978943 20.755142 0.000369
131.899353 20.744415 0.000348
133.819641 20.733694 0.000313
135.739792 20.722979 0.000293
137.659805 20.712269 0.000300
139.579681 20.701565 0.000311
141.499435 20.690868 0.000285
143.419037 20.680176 0.000234
145.338516 20.669491 0.000325
147.257858 20.658812 0.000630
149.177063 20.648138 0.001047
151.096146 20.637470 0.001486
153.015076 20.626810 0.001847
154.933884 20.616154 0.002057
156.852554 20.605505 0.002119
158.771103 20.594862 0.002088
160.689499 20.584223 0.002035
162.607773 20.573593 0.002010
164.525925 20.562967 0.002047
166.443924 20.552347 0.002088
168.361801 20.541733 0.002119
170.279541 20.531126 0.002142
172.197159 20.520525 0.002158
174.114639 20.509930 0.002167
176.031982 20.499338 0.002172
177.949203 20.488756 0.002172
179.866287 20.478178 0.002169
181.783234 20.467606 0.002163
183.700058 20.457039 0.002154
185.616745 20.446480 0.002143
187.533310 20.435925 0.002130
189.449738 20.425377 0.002115
191.366043 20.414835 0.002099
193.282211 20.404299 0.002081
195.198242 20.393768 0.002063
197.114151 20.383244 0.002043
199.029938 20.372725 0.002023
200.945587 20.362213 0.002001
81.948425 22.830481 0.000160
83.896675 22.818567 0.000165
85.844757 22.806662 0.000171
87.792671 22.794762 0.000177
89.740417 22.782869 0.000184
91.687996 22.770985 0.000191
93.635406 22.759106 0.000198
95.582642 22.747234 0.000205
97.529716 22.735369 0.000213
99.476624 22.723511 0.000221
101.423355 22.711660 0.000229
103.369926 22.699816 0.000238
105.316330 22.687979 0.000247
107.262558 22.676147 0.000256
109.208626 22.664324 0.000266
111.154533 22.652508 0.000275
113.100266 22.640697 0.000284
115.045830 22.628895 0.000293
116.991234 22.617098 0.000301
118.936470 22.605309 0.000306
120.881538 22.593525 0.000301
122.826447 22.581749 0.000309
124.771187 22.569981 0.000353
126.715759 22.558218 0.000399
128.660172 22.546463 0.000394
130.604416 22.534714 0.000360
132.548492 22.522972 0.000347
134.492416 22.511236 0.000395
136.436172 22.499508 0.000541
138.379761 22.487785 0.000703
140.323181 22.476070 0.000772
142.266449 22.464363 0.000719
144.209549 22.452662 0.000592
146.152481 22.440968 0.000485
148.095261 22.429279 0.000495
150.037872 22.417599 0.000734
151.980316 22.405924 0.001223
153.922607 22.394255 0.001806
155.864731 22.382595 0.002245
157.806686 22.370941 0.002409
159.748489 22.359293 0.002362
161.690125 22.347652 0.002236
163.631607 22.336018 0.002132
165.572922 22.324390 0.002106
167.514084 22.312769 0.002134
169.455078 22.301155 0.002153
171.395920 22.289547 0.002165
173.336594 22.277946 0.002171
175.277115 22.266354 0.002172
177.217468 22.254765 0.002169
179.157654 22.243185 0.002162
181.097702 22.231609 0.002153
183.037582 22.220043 0.002141
184.977295 22.208483 0.002127
186.916855 22.196928 0.002112
188.856262 22.185381 0.002095
190.795502 22.173840 0.002077
192.734589 22.162306 0.002058
194.673508 22.150778 0.002037
196.612274 22.139256 0.002016
198.550888 22.127741 0.001994
200.489349 22.116234 0.001971
81.975456 24.635214 0.000151
83.950699 24.622240 0.000156
85.925743 24.609276 0.000162
87.900589 24.596319 0.000167
89.875229 24.583368 0.000173
91.849663 24.570427 0.000180
93.823898 24.557493 0.000187
95.797928 24.544567 0.000194
97.771751 24.531649 0.000201
99.745377 24.518738 0.000209
101.718803 24.505833 0.000217
103.692024 24.492937 0.000226
105.665047 24.480049 0.000235
107.637871 24.467169 0.000244
109.610489 24.454296 0.000254
111.582916 24.441431 0.000264
113.555130 24.428574 0.000274
115.527153 24.415724 0.000284
117.498978 24.402882 0.000290
119.470596 24.390047 0.000283
121.442017 24.377220 0.000298
123.413246 24.364401 0.000357
125.384270 24.351589 0.000389
127.355095 24.338785 0.000371
129.325729 24.325989 0.000423
131.296158 24.313200 0.000449
133.266388 24.300419 0.000394
135.236435 24.287643 0.000534
137.206268 24.274878 0.000781
139.175903 24.262119 0.000880
141.145355 24.249369 0.000779
143.114609 24.236624 0.000635
145.083664 24.223888 0.000796
147.052521 24.211161 0.001114
149.021179 24.198439 0.001216
150.989655 24.185724 0.001078
152.957932 24.173019 0.001109
154.926010 24.160320 0.001589
156.893890 24.147629 0.002245
158.861572 24.134947 0.002614
160.829071 24.122271 0.002607
162.796371 24.109602 0.002424
164.763489 24.096941 0.002249
166.730392 24.084288 0.002149
168.697113 24.071640 0.002163
170.663651 24.059002 0.002170
172.629990 24.046371 0.002171
174.596130 24.033747 0.002168
176.562088 24.021132 0.002161
178.527847 24.008522 0.002151
180.493408 23.995920 0.002138
182.458786 23.983326 0.002123
184.423981 23.970739 0.002107
186.388977 23.958160 0.002089
188.353775 23.945589 0.002070
190.318405 23.933025 0.002050
192.282822 23.920467 0.002028
194.247055 23.907919 0.002006
196.211105 23.895376 0.001984
198.174957 23.882841 0.001960
200.138626 23.870314 0.001936
82.005249 26.439484 0.000144
84.010254 26.425421 0.000148
86.015015 26.411367 0.000153
88.019539 26.397322 0.000158
90.023819 26.383286 0.000163
92.027855 26.369259 0.000169
94.031647 26.355238 0.000175
96.035194 26.341228 0.000182
98.038506 26.327227 0.000189
100.041580 26.313232 0.000197
102.044411 26.299248 0.000205
104.046997 26.285271 0.000213
106.049347 26.271303 0.000222
108.051460 26.257345 0.000231
110.053329 26.243393 0.000241
112.054962 26.229452 0.000251
114.056358 26.215517 0.000262
116.057510 26.201593 0.000269
118.058434 26.187675 0.000257
120.059113 26.173767 0.000274
122.059555 26.159868 0.000338
124.059761 26.145977 0.000358
126.059731 26.132093 0.000492
128.059464 26.118219 0.000833
130.058960 26.104353 0.000994
132.058212 26.090496 0.000763
134.057251 26.076647 0.000582
136.056030 26.062807 0.000832
138.054596 26.048975 0.001241
140.052917 26.035151 0.001491
142.050995 26.021336 0.001313
144.048859 26.007528 0.001084
146.046478 25.993731 0.001617
148.043869 25.979940 0.002430
150.041016 25.966160 0.002976
152.037933 25.952385 0.002752
154.034622 25.938622 0.001784
156.031082 25.924864 0.001549
158.027313 25.911116 0.002146
160.023300 25.897377 0.002717
162.019073 25.883646 0.002783
164.014603 25.869923 0.002560
166.009903 25.856207 0.002320
168.004974 25.842501 0.002172
169.999817 25.828802 0.002170
171.994431 25.815113 0.002166
173.988815 25.801432 0.002158
175.982971 25.787758 0.002147
177.976898 25.774094 0.002133
179.970596 25.760437 0.002117
181.964066 25.746788 0.002099
183.957306 25.733149 0.002080
185.950317 25.719517 0.002060
187.943115 25.705893 0.002038
189.935669 25.692278 0.002016
191.928009 25.678671 0.001993
193.920120 25.665071 0.001970
195.912003 25.651482 0.001946
197.903656 25.637897 0.001921
199.895096 25.624325 0.001896
201.886307 25.610758 0.001870
82.038002 28.243263 0.000138
84.075706 28.228077 0.000141
86.113136 28.212902 0.000145
88.150269 28.197737 0.000149
90.187111 28.182579 0.000154
92.223679 28.167433 0.000159
94.259949 28.152296 0.000165
96.295937 28.137167 0.000171
98.331635 28.122049 0.000177
100.367050 28.106941 0.000184
102.402184 28.091841 0.000192
104.437035 28.076752 0.000200
106.471596 28.061672 0.000208
108.505875 28.046600 0.000217
110.539871 28.031540 0.000227
112.573578 28.016489 0.000237
114.607010 28.001446 0.000245
116.640160 27.986414 0.000228
118.673019 27.971390 0.000240
120.705605 27.956377 0.000303
122.737907 27.941372 0.000360
124.769936 27.926378 0.000789
126.801674 27.911392 0.001495
128.833130 27.896416 0.001849
130.864319 27.881451 0.001507
132.895218 27.866493 0.001169
134.925842 27.851545 0.000939
136.956192 27.836607 0.001446
138.986267 27.821678 0.002360
141.016052 27.806759 0.002532
143.045563 27.791849 0.001840
145.074814 27.776947 0.002457
147.103775 27.762056 0.003940
149.132446 27.747173 0.004714
151.160858 27.732302 0.004612
153.188995 27.717438 0.004496
155.216858 27.702583 0.003265
157.244446 27.687738 0.001825
159.271759 27.672903 0.002098
161.298798 27.658077 0.002767
163.325562 27.643259 0.002876
165.352051 27.628452 0.002614
167.378265 27.613653 0.002332
169.404205 27.598864 0.002163
171.429886 27.584084 0.002153
173.455292 27.569313 0.002140
175.480423 27.554552 0.002124
177.505280 27.539801 0.002107
179.529877 27.525057 0.002087
181.554199 27.510323 0.002067
183.578247 27.495598 0.002045
185.602036 27.480883 0.002023
187.625549 27.466177 0.002000
189.648788 27.451479 0.001976
191.671768 27.436792 0.001952
193.694473 27.422113 0.001927
195.716919 27.407444 0.001902
197.739105 27.392782 0.001876
199.761002 27.378132 0.001849
201.782654 27.363489 0.001823
82.073914 30.046530 0.000133
84.147491 30.030184 0.000135
86.220726 30.013849 0.000138
88.293617 29.997524 0.000141
90.366173 29.981211 0.000145
92.438393 29.964907 0.000149
94.510277 29.948614 0.000154
96.581818 29.932333 0.000159
98.653023 29.916061 0.000165
100.723892 29.899801 0.000171
102.794418 29.883553 0.000178
104.864616 29.867313 0.000185
106.934479 29.851084 0.000193
109.004005 29.834866 0.000202
111.073204 29.818659 0.000211
113.142059 29.802462 0.000220
115.210587 29.786276 0.000200
117.278778 29.770100 0.000203
119.346642 29.753935 0.000263
121.414177 29.737780 0.000387
123.481377 29.721636 0.001087
125.548241 29.705502 0.002204
127.614784 29.689379 0.002824
129.680984 29.673265 0.002555
131.746872 29.657164 0.002867
133.812424 29.641071 0.002503
135.877640 29.624990 0.001637
137.942535 29.608919 0.002905
140.007111 29.592859 0.004957
142.071350 29.576809 0.004337
144.135254 29.560768 0.003726
146.198853 29.544739 0.007543
148.262115 29.528721 0.009551
150.325058 29.512712 0.008581
152.387665 29.496714 0.007409
154.449951 29.480726 0.005543
156.511917 29.464750 0.004560
158.573563 29.448782 0.002161
160.634888 29.432825 0.002137
162.695892 29.416880 0.002814
164.756561 29.400944 0.002880
166.816925 29.385017 0.002570
168.876953 29.369102 0.002278
170.936676 29.353197 0.002126
172.996063 29.337303 0.002112
175.055145 29.321417 0.002092
177.113907 29.305544 0.002071
179.172333 29.289679 0.002049
181.230453 29.273825 0.002026
183.288269 29.257982 0.002002
185.345749 29.242147 0.001978
187.402924 29.226326 0.001953
189.459778 29.210512 0.001928
191.516312 29.194710 0.001903
193.572540 29.178917 0.001877
195.628448 29.163134 0.001851
197.684052 29.147362 0.001824
199.739319 29.131599 0.001797
201.794296 29.115849 0.001770
82.113243 31.849258 0.000129
84.226082 31.831711 0.000131
86.338516 31.814175 0.000132
88.450562 31.796650 0.000135
90.562202 31.779137 0.000138
92.673447 31.761637 0.000141
94.784294 31.744148 0.000145
96.894745 31.726671 0.000149
99.004799 31.709208 0.000154
101.114464 31.691753 0.000159
103.223724 31.674313 0.000165
105.332596 31.656883 0.000171
107.441078 31.639465 0.000178
109.549164 31.622061 0.000186
111.656860 31.604666 0.000194
113.764160 31.587284 0.000179
115.871071 31.569914 0.000167
117.977592 31.552555 0.000221
120.083725 31.535208 0.000377
122.189461 31.517872 0.001241
124.294815 31.500547 0.002753
126.399780 31.483236 0.003789
128.504364 31.465937 0.003820
130.608551 31.448647 0.005435
132.712357 31.431370 0.006006
134.815781 31.414104 0.005626
136.918808 31.396851 0.002973
139.021469 31.379608 0.007652
141.123734 31.362379 0.012704
143.225616 31.345160 0.007132
145.327118 31.327951 0.013439
147.428238 31.310757 0.019623
149.528976 31.293571 0.018374
151.629318 31.276400 0.013770
153.729309 31.259239 0.009725
155.828903 31.242088 0.006254
157.928116 31.224951 0.005002
160.026947 31.207825 0.002200
162.125412 31.190708 0.002242
164.223495 31.173605 0.002853
166.321198 31.156513 0.002782
168.418533 31.139433 0.002433
170.515488 31.122362 0.002163
172.612076 31.105305 0.002070
174.708267 31.088259 0.002047
176.804108 31.071224 0.002023
178.899567 31.054199 0.001999
180.994644 31.037188 0.001974
183.089355 31.020187 0.001949
185.183701 31.003197 0.001924
187.277679 30.986219 0.001898
189.371277 30.969252 0.001873
191.464508 30.952295 0.001846
193.557358 30.935352 0.001820
195.649857 30.918419 0.001793
197.741974 30.901497 0.001766
199.833725 30.884586 0.001739
201.925110 30.867687 0.001711
82.156250 33.651428 0.000129
84.312027 33.632629 0.000129
86.467339 33.613846 0.000129
88.622185 33.595078 0.000130
90.776558 33.576321 0.000132
92.930473 33.557575 0.000134
95.083923 33.538845 0.000137
97.236908 33.520126 0.000140
99.389427 33.501423 0.000143
101.541481 33.482735 0.000147
103.693077 33.464054 0.000152
105.844208 33.445389 0.000157
107.994881 33.426739 0.000163
110.145096 33.408100 0.000169
112.294853 33.389477 0.000167
114.444153 33.370861 0.000132
116.592987 33.352264 0.000180
118.741371 33.333679 0.000312
120.889297 33.315105 0.001178
123.036774 33.296543 0.002960
125.183792 33.277996 0.004603
127.330353 33.259464 0.004898
129.476471 33.240944 0.007992
131.622131 33.222435 0.010727
133.767334 33.203938 0.014027
135.912094 33.185455 0.014920
138.056396 33.166988 0.004389
140.200256 33.148533 0.028172
142.343658 33.130089 0.028671
144.486618 33.111656 0.025076
146.629135 33.093239 0.044629
148.771194 33.074837 0.038828
150.912827 33.056442 0.026271
153.054001 33.038063 0.017010
155.194733 33.019699 0.010471
157.335022 33.001343 0.006186
159.474869 32.983006 0.004381
161.614273 32.964676 0.001990
163.753235 32.946362 0.002418
165.891754 32.928059 0.002810
168.029831 32.909767 0.002572
170.167480 32.891491 0.002229
172.304672 32.873226 0.002016
174.441437 32.854977 0.001987
176.577774 32.836739 0.001962
178.713669 32.818512 0.001937
180.849121 32.800297 0.001911
182.984146 32.782097 0.001886
185.118729 32.763908 0.001860
187.252884 32.745731 0.001834
189.386597 32.727570 0.001808
191.519882 32.709419 0.001782
193.652740 32.691280 0.001756
195.785172 32.673157 0.001729
197.917160 32.655045 0.001702
200.048721 32.636944 0.001674
82.203255 35.453018 0.000131
84.405968 35.432922 0.000130
86.608131 35.412838 0.000129
88.809746 35.392769 0.000129
91.010818 35.372715 0.000129
93.211349 35.352676 0.000130
95.411331 35.332653 0.000131
97.610779 35.312645 0.000133
99.809677 35.292652 0.000135
102.008041 35.272671 0.000138
104.205864 35.252705 0.000141
106.403145 35.232754 0.000145
108.599892 35.212818 0.000149
110.796097 35.192898 0.000153
112.991776 35.172993 0.000108
115.186913 35.153099 0.000142
117.381516 35.133224 0.000224
119.575592 35.113361 0.000915
121.769127 35.093510 0.002722
123.962135 35.073677 0.005020
126.154617 35.053860 0.005542
128.346558 35.034054 0.009556
130.537979 35.014263 0.014390
132.728882 34.994488 0.023029
134.919250 34.974728 0.036617
137.109085 34.954979 0.044176
139.298401 34.935246 0.011296
141.487198 34.915527 0.103741
143.675461 34.895824 0.045053
145.863205 34.876137 0.117582
148.050430 34.856461 0.084841
150.237137 34.836800 0.049216
152.423325 34.817154 0.027160
154.608994 34.797520 0.014860
156.794144 34.777901 0.009169
158.978775 34.758297 0.005729
161.162888 34.738708 0.002839
163.346497 34.719131 0.001941
165.529587 34.699574 0.002583
167.712158 34.680023 0.002610
169.894211 34.660492 0.002277
172.075760 34.640972 0.002005
174.256805 34.621468 0.001911
176.437332 34.601978 0.001886
178.617355 34.582500 0.001861
180.796860 34.563038 0.001837
182.975876 34.543591 0.001812
185.154373 34.524158 0.001787
187.332367 34.504738 0.001761
189.509842 34.485332 0.001736
191.686829 34.465939 0.001710
193.863312 34.446560 0.001684
196.039291 34.427197 0.001658
198.214767 34.407845 0.001631
200.389740 34.388508 0.001604
82.254631 37.254013 0.000136
84.508621 37.232555 0.000134
86.761978 37.211117 0.000132
89.014694 37.189690 0.000130
91.266769 37.168285 0.000129
93.518219 37.146893 0.000129
95.769028 37.125519 0.000129
98.019211 37.104160 0.000129
100.268761 37.082821 0.000130
102.517677 37.061493 0.000131
104.765968 37.040184 0.000133
107.013626 37.018894 0.000135
109.260666 36.997616 0.000137
111.507072 36.976357 0.000113
113.752861 36.955116 0.000092
115.998016 36.933887 0.000158
118.242561 36.912678 0.000555
120.486481 36.891483 0.002101
122.729774 36.870304 0.004729
124.972458 36.849140 0.006056
127.214516 36.827995 0.009202
129.455963 36.806866 0.015300
131.696793 36.785751 0.026837
133.937012 36.764656 0.051185
136.176620 36.743572 0.094233
138.415604 36.722507 0.150368
140.653992 36.701458 0.169223
142.891754 36.680424 0.432289
145.128922 36.659409 0.319754
147.365463 36.638409 0.166379
149.601410 36.617420 0.078144
151.836761 36.596451 0.038916
154.071503 36.575500 0.020721
156.305634 36.554562 0.010411
158.539154 36.533638 0.005994
160.772095 36.512733 0.004104
163.004425 36.491844 0.001770
165.236160 36.470970 0.002195
167.467285 36.450111 0.002511
169.697830 36.429268 0.002265
171.927765 36.408440 0.001969
174.157104 36.387630 0.001817
176.385864 36.366837 0.001796
178.614029 36.346054 0.001773
180.841583 36.325291 0.001750
183.068573 36.304543 0.001727
185.294952 36.283810 0.001703
187.520752 36.263092 0.001680
189.745972 36.242393 0.001655
191.970596 36.221706 0.001631
194.194641 36.201035 0.001606
196.418091 36.180382 0.001580
198.640961 36.159740 0.001554
200.863251 36.139118 0.001528
82.310783 39.054390 0.000144
84.620819 39.031509 0.000141
86.930115 39.008648 0.000138
89.238663 38.985802 0.000136
91.546478 38.962978 0.000134
93.853546 38.940170 0.000132
96.159874 38.917381 0.000131
98.465469 38.894611 0.000130
100.770332 38.871861 0.000129
103.074455 38.849125 0.000129
105.377846 38.826412 0.000129
107.680504 38.803715 0.000129
109.982437 38.781036 0.000130
112.283638 38.758373 0.000053
114.584114 38.735733 0.000117
116.883865 38.713108 0.000255
119.182892 38.690502 0.001312
121.481194 38.667915 0.003711
123.778770 38.645344 0.006266
126.075630 38.622795 0.007340
128.371780 38.600262 0.014312
130.667206 38.577744 0.024674
132.961914 38.555248 0.047655
135.255905 38.532768 0.095793
137.549179 38.510307 0.199512
139.841751 38.487865 0.438839
142.133606 38.465439 0.459892
144.424759 38.443031 0.320650
146.715195 38.420643 0.192323
149.004929 38.398270 0.088420
151.293961 38.375916 0.042268
153.582291 38.353580 0.021726
155.869919 38.331261 0.011088
158.156845 38.308960 0.006530
160.443069 38.286678 0.004372
162.728592 38.264412 0.001814
165.013412 38.242165 0.001819
167.297546 38.219933 0.002305
169.580978 38.197723 0.002176
171.863724 38.175526 0.001893
174.145782 38.153351 0.001716
176.427139 38.131191 0.001691
178.707809 38.109047 0.001672
180.987808 38.086922 0.001652
183.267105 38.064816 0.001632
185.545715 38.042725 0.001611
187.823639 38.020653 0.001590
190.100891 37.998600 0.001567
192.377457 37.976562 0.001544
194.653336 37.954540 0.001521
196.928543 37.932537 0.001497
199.203079 37.910553 0.001472
201.476929 37.888584 0.001446
82.372192 40.854137 0.000155
84.743523 40.829758 0.000151
87.113983 40.805401 0.000148
89.483574 40.781063 0.000145
91.852303 40.756748 0.000142
94.220169 40.732452 0.000139
96.587173 40.708179 0.000137
98.953323 40.683926 0.000136
101.318611 40.659691 0.000134
103.683044 40.635479 0.000133
106.046623 40.611286 0.000132
108.409355 40.587112 0.000131
110.771233 40.562962 0.000103
113.132263 40.538834 0.000046
115.492455 40.514721 0.000123
117.851791 40.490631 0.000594
120.210289 40.466560 0.002343
122.567947 40.442513 0.005295
124.924767 40.418484 0.006641
127.280746 40.394474 0.010985
129.635880 40.370487 0.018230
131.990189 40.346519 0.033243
134.343674 40.322571 0.066553
136.696320 40.298641 0.128752
139.048126 40.274734 0.216421
141.399124 40.250847 0.128385
143.749283 40.226978 0.128504
146.098618 40.203129 0.033917
148.447144 40.179302 0.046752
150.794830 40.155495 0.029982
153.141708 40.131706 0.017527
155.487762 40.107941 0.009803
157.833008 40.084190 0.005855
160.177444 40.060463 0.003872
162.521057 40.036755 0.001739
164.863861 40.013065 0.001518
167.205856 39.989395 0.002051
169.547043 39.965748 0.002016
171.887436 39.942116 0.001772
174.227005 39.918507 0.001600
176.565781 39.894917 0.001573
178.903763 39.871346 0.001560
181.240936 39.847794 0.001545
183.577316 39.824265 0.001529
185.912888 39.800751 0.001511
188.247681 39.777260 0.001493
190.581665 39.753784 0.001473
192.914871 39.730331 0.001452
195.247284 39.706898 0.001431
197.578903 39.683483 0.001408
199.909744 39.660088 0.001384
202.239792 39.636711 0.001360
82.439423 42.653236 0.000169
84.877831 42.627281 0.000165
87.315224 42.601345 0.000161
89.751610 42.575436 0.000157
92.186989 42.549549 0.000154
94.621361 42.523682 0.000151
97.054733 42.497841 0.000149
99.487099 42.472023 0.000147
101.918472 42.446228 0.000145
104.348846 42.420460 0.000144
106.778221 42.394711 0.000143
109.206612 42.368984 0.000142
111.634010 42.343281 0.000060
114.060417 42.317604 0.000076
116.485840 42.291946 0.000175
118.910278 42.266312 0.001114
121.333740 42.240704 0.003447
123.756218 42.215115 0.006233
126.177719 42.189548 0.006950
128.598251 42.164005 0.013491
131.017807 42.138489 0.021577
133.436386 42.112991 0.036704
135.854004 42.087517 0.062540
138.270660 42.062065 0.087331
140.686340 42.036636 0.053516
143.101074 42.011230 0.044287
145.514832 41.985844 0.041182
147.927643 41.960484 0.010699
150.339493 41.935143 0.012205
152.750381 41.909828 0.010093
155.160324 41.884533 0.006550
157.569321 41.859261 0.004292
159.977371 41.834011 0.003054
162.384476 41.808784 0.001401
164.790634 41.783577 0.001281
167.195847 41.758392 0.001797
169.600128 41.733234 0.001806
172.003464 41.708092 0.001610
174.405869 41.682976 0.001465
176.807343 41.657883 0.001446
179.207886 41.632809 0.001440
181.607483 41.607758 0.001430
184.006180 41.582726 0.001419
186.403931 41.557720 0.001405
188.800766 41.532734 0.001390
191.196671 41.507771 0.001373
193.591675 41.482826 0.001355
195.985748 41.457909 0.001336
198.378906 41.433010 0.001315
200.771149 41.408131 0.001293
82.513107 44.451679 0.000185
85.025032 44.424049 0.000181
87.535774 44.396446 0.000177
90.045341 44.368870 0.000173
92.553726 44.341316 0.000170
95.060936 44.313793 0.000168
97.566978 44.286297 0.000166
100.071854 44.258823 0.000164
102.575569 44.231377 0.000162
105.078117 44.203960 0.000162
107.579498 44.176563 0.000161
110.079735 44.149197 0.000157
112.578812 44.121857 0.000052
115.076736 44.094540 0.000085
117.573509 44.067249 0.000315
120.069145 44.039986 0.001652
122.563629 44.012749 0.004289
125.056976 43.985535 0.006305
127.549187 43.958351 0.007578
130.040268 43.931190 0.013305
132.530197 43.904053 0.020232
135.019012 43.876942 0.029044
137.506699 43.849857 0.036500
139.993256 43.822800 0.027120
142.478699 43.795765 0.004513
144.963013 43.768757 0.016797
147.446213 43.741776 0.009821
149.928299 43.714817 0.003945
152.409286 43.687885 0.004187
154.889145 43.660976 0.003417
157.367905 43.634094 0.002597
159.845566 43.607235 0.002080
162.322128 43.580402 0.000956
164.797577 43.553596 0.001100
167.271942 43.526814 0.001555
169.745209 43.500057 0.001569
172.217377 43.473324 0.001421
174.688477 43.446617 0.001318
177.158478 43.419933 0.001313
179.627396 43.393276 0.001314
182.095230 43.366642 0.001310
184.561981 43.340031 0.001304
187.027664 43.313446 0.001295
189.492279 43.286888 0.001284
191.955811 43.260349 0.001270
194.418274 43.233841 0.001255
196.879684 43.207352 0.001238
199.340012 43.180889 0.001219
201.799301 43.154453 0.001199
82.594009 46.249443 0.000204
85.186630 46.220036 0.000200
87.777878 46.190659 0.000196
90.367737 46.161316 0.000193
92.956223 46.131996 0.000190
95.543335 46.102711 0.000188
98.129082 46.073456 0.000186
100.713463 46.044228 0.000185
103.296486 46.015030 0.000185
105.878151 45.985863 0.000186
108.458458 45.956722 0.000188
111.037415 45.927612 0.000163
113.615021 45.898533 0.000076
116.191292 45.869484 0.000109
118.766212 45.840462 0.000479
121.339798 45.811470 0.002046
123.912056 45.782505 0.004617
126.482979 45.753571 0.005803
129.052582 45.724667 0.007275
131.620850 45.695793 0.011130
134.187805 45.666943 0.014488
136.753433 45.638126 0.015835
139.317749 45.609337 0.013140
141.880768 45.580574 0.004811
144.442474 45.551842 0.005107
147.002869 45.523140 0.005605
149.561966 45.494465 0.003025
152.119766 45.465820 0.001700
154.676285 45.437202 0.001555
157.231491 45.408611 0.001430
159.785431 45.380051 0.001105
162.338074 45.351517 0.000625
164.889435 45.323013 0.000972
167.439514 45.294537 0.001321
169.988327 45.266087 0.001324
172.535873 45.237667 0.001222
175.082138 45.209274 0.001167
177.627151 45.180908 0.001177
180.170883 45.152573 0.001185
182.713364 45.124264 0.001188
185.254593 45.095982 0.001187
187.794571 45.067726 0.001182
190.333298 45.039501 0.001175
192.870773 45.011303 0.001165
195.407013 44.983131 0.001152
197.942001 44.954990 0.001138
200.475754 44.926872 0.001121
82.683006 48.046520 0.000224
85.364395 48.015217 0.000220
88.044159 47.983952 0.000217
90.722305 47.952717 0.000215
93.398834 47.921520 0.000213
96.073761 47.890354 0.000211
98.747086 47.859222 0.000211
101.418816 47.828125 0.000211
104.088943 47.797058 0.000213
106.757484 47.766029 0.000216
109.424446 47.735031 0.000220
112.089821 47.704067 0.000177
114.753624 47.673138 0.000118
117.415848 47.642239 0.000157
120.076508 47.611374 0.000575
122.735603 47.580544 0.002158
125.393143 47.549747 0.004388
128.049118 47.518982 0.005029
130.703552 47.488251 0.005710
133.356430 47.457550 0.007806
136.007782 47.426884 0.007951
138.657578 47.396252 0.006572
141.305847 47.365650 0.003270
143.952591 47.335083 0.002022
146.597809 47.304546 0.002760
149.241501 47.274044 0.002216
151.883667 47.243572 0.001352
154.524338 47.213131 0.000836
157.163483 47.182724 0.000740
159.801132 47.152351 0.000516
162.437286 47.122009 0.000460
165.071930 47.091698 0.000860
167.705093 47.061420 0.001087
170.336761 47.031174 0.001087
172.966934 47.000957 0.001030
175.595642 46.970776 0.001021
178.222870 46.940620 0.001043
180.848618 46.910503 0.001057
183.472900 46.880413 0.001066
186.095718 46.850357 0.001070
188.717072 46.820332 0.001070
191.336975 46.790337 0.001066
193.955414 46.760372 0.001059
196.572403 46.730438 0.001049
199.187958 46.700539 0.001037
201.802063 46.670670 0.001022
82.781151 49.842896 0.000246
85.560394 49.809563 0.000243
88.337730 49.776272 0.000240
91.113167 49.743015 0.000239
93.886703 49.709801 0.000238
96.658356 49.676624 0.000238
99.428123 49.643486 0.000239
102.196014 49.610386 0.000241
104.962036 49.577324 0.000245
107.726189 49.544304 0.000250
110.488487 49.511318 0.000257
113.248924 49.478371 0.000209
116.007507 49.445465 0.000173
118.764252 49.412594 0.000217
121.519165 49.379761 0.000549
124.272232 49.346966 0.001927
127.023483 49.314209 0.003708
129.772903 49.281490 0.004124
132.520508 49.248806 0.003753
135.266312 49.216164 0.004359
138.010300 49.183556 0.003663
140.752487 49.150986 0.002124
143.492889 49.118454 0.001098
146.231491 49.085957 0.001410
148.968307 49.053497 0.001399
151.703339 49.021076 0.001026
154.436615 48.988693 0.000636
157.168106 48.956345 0.000489
159.897842 48.924030 0.000335
162.625809 48.891754 0.000399
165.352036 48.859516 0.000724
168.076508 48.827312 0.000862
170.799225 48.795147 0.000872
173.520218 48.763020 0.000859
176.239471 48.730923 0.000885
178.957001 48.698864 0.000913
181.672806 48.666843 0.000933
184.386902 48.634857 0.000947
187.099274 48.602905 0.000955
189.809937 48.570992 0.000959
192.518890 48.539112 0.000958
195.226151 48.507267 0.000954
197.931717 48.475460 0.000946
200.635590 48.443684 0.000936
82.889687 51.638554 0.000270
85.777115 51.603035 0.000267
88.662292 51.567562 0.000265
91.545227 51.532135 0.000265
94.425926 51.496750 0.000265
97.304405 51.461414 0.000266
100.180656 51.426117 0.000269
103.054703 51.390869 0.000273
105.926537 51.355659 0.000280
108.796173 51.320499 0.000288
111.663620 51.285381 0.000297
114.528885 51.250305 0.000254
117.391975 51.215275 0.000238
120.252892 51.180286 0.000292
123.111649 51.145344 0.000418
125.968246 51.110443 0.001410
128.822693 51.075584 0.002713
131.675003 51.040771 0.003152
134.525177 51.005997 0.002451
137.373230 50.971268 0.001844
140.219147 50.936584 0.001290
143.062973 50.901939 0.000754
145.904663 50.867340 0.000795
148.744278 50.832779 0.000905
151.581787 50.798264 0.000753
154.417206 50.763790 0.000565
157.250549 50.729359 0.000405
160.081818 50.694965 0.000189
162.911011 50.660618 0.000345
165.738159 50.626312 0.000565
168.563248 50.592045 0.000663
171.386276 50.557823 0.000688
174.207275 50.523640 0.000715
177.026230 50.489498 0.000757
179.843170 50.455399 0.000789
182.658081 50.421337 0.000814
185.470978 50.387321 0.000832
188.281860 50.353344 0.000844
191.090744 50.319405 0.000850
193.897629 50.285511 0.000853
196.702515 50.251656 0.000851
199.505417 50.217838 0.000845
202.306351 50.184063 0.000837
83.010094 53.433479 0.000294
86.017509 53.395599 0.000292
89.022255 53.357769 0.000292
92.024353 53.319992 0.000292
95.023796 53.282265 0.000294
98.020607 53.244587 0.000297
101.014786 53.206966 0.000301
104.006348 53.169392 0.000308
106.995300 53.131870 0.000317
109.981659 53.094398 0.000328
112.965424 53.056980 0.000340
115.946602 53.019608 0.000308
118.925209 52.982288 0.000306
121.901260 52.945019 0.000379
124.874756 52.907799 0.000339
127.845703 52.870632 0.000775
130.814117 52.833511 0.001567
133.779999 52.796440 0.002000
136.743378 52.759418 0.001721
139.704239 52.722446 0.001086
142.662598 52.685528 0.000575
145.618469 52.648651 0.000412
148.571854 52.611828 0.000431
151.522766 52.575050 0.000442
154.471222 52.538326 0.000412
157.417206 52.501644 0.000278
160.360748 52.465015 0.000099
163.301849 52.428432 0.000257
166.240524 52.391899 0.000417
169.176773 52.355412 0.000497
172.110611 52.318974 0.000541
175.042038 52.282581 0.000593
177.971069 52.246235 0.000638
180.897720 52.209938 0.000674
183.821976 52.173691 0.000702
186.743866 52.137486 0.000723
189.663391 52.101330 0.000737
192.580551 52.065220 0.000746
195.495361 52.029160 0.000751
198.407837 51.993141 0.000750
201.317978 51.957172 0.000746
83.144173 55.227657 0.000319
86.285156 55.187202 0.000318
89.422966 55.146812 0.000319
92.557610 55.106480 0.000320
95.689095 55.066208 0.000323
98.817451 55.025993 0.000328
101.942680 54.985844 0.000335
105.064789 54.945751 0.000343
108.183800 54.905716 0.000355
111.299721 54.865742 0.000369
114.412567 54.825825 0.000384
117.522346 54.785969 0.000366
120.629074 54.746170 0.000372
123.732758 54.706429 0.000459
126.833420 54.666748 0.000459
129.931061 54.627121 0.000392
133.025696 54.587555 0.000588
136.117325 54.548046 0.000788
139.205994 54.508595 0.000743
142.291672 54.469196 0.000510
145.374405 54.429859 0.000307
148.454178 54.390575 0.000331
151.531021 54.351353 0.000414
154.604935 54.312183 0.000392
157.675949 54.273067 0.000245
160.744049 54.234013 0.000055
163.809250 54.195011 0.000171
166.871582 54.156063 0.000293
169.931030 54.117172 0.000364
172.987640 54.078339 0.000426
176.041382 54.039558 0.000483
179.092300 54.000832 0.000531
182.140381 53.962162 0.000568
185.185654 53.923546 0.000598
188.228119 53.884983 0.000621
191.267776 53.846474 0.000637
194.304657 53.808022 0.000647
197.338760 53.769619 0.000653
200.370117 53.731274 0.000654
83.294113 57.021057 0.000344
86.584412 56.977791 0.000344
89.870895 56.934597 0.000346
93.153587 56.891476 0.000349
96.432510 56.848423 0.000353
99.707672 56.805443 0.000360
102.979095 56.762531 0.000368
106.246788 56.719688 0.000379
109.510780 56.676914 0.000393
112.771080 56.634212 0.000409
116.027702 56.591576 0.000427
119.280670 56.549011 0.000423
122.529991 56.506512 0.000432
125.775681 56.464081 0.000509
129.017761 56.421719 0.000588
132.256241 56.379425 0.000572
135.491150 56.337196 0.000509
138.722488 56.295036 0.000468
141.950272 56.252941 0.000468
145.174515 56.210911 0.000506
148.395248 56.168949 0.000544
151.612473 56.127056 0.000522
154.826202 56.085224 0.000411
158.036469 56.043461 0.000232
161.243256 56.001762 0.000044
164.446609 55.960129 0.000099
167.646530 55.918560 0.000191
170.843033 55.877052 0.000263
174.036118 55.835613 0.000330
177.225830 55.794235 0.000387
180.412155 55.752922 0.000434
183.595123 55.711674 0.000472
186.774750 55.670486 0.000502
189.951035 55.629364 0.000525
193.124008 55.588306 0.000542
196.293671 55.547306 0.000553
199.460037 55.506374 0.000559
202.623123 55.465500 0.000561
83.462616 58.813652 0.000370
86.920616 58.767296 0.000371
90.374016 58.721020 0.000373
93.822845 58.674831 0.000377
97.267128 58.628723 0.000383
100.706879 58.582699 0.000391
104.142120 58.536758 0.000401
107.572884 58.490898 0.000414
110.999184 58.445118 0.000429
114.421043 58.399422 0.000446
117.838493 58.353809 0.000465
121.251534 58.308273 0.000474
124.660202 58.262817 0.000483
128.064514 58.217445 0.000529
131.464493 58.172150 0.000610
134.860168 58.126934 0.000672
138.251541 58.081799 0.000696
141.638641 58.036743 0.000694
145.021500 57.991764 0.000671
148.400116 57.946861 0.000613
151.774521 57.902039 0.000506
155.144745 57.857292 0.000356
158.510788 57.812622 0.000199
161.872681 57.768032 0.000072
165.230438 57.723515 0.000041
168.584076 57.679073 0.000112
171.933624 57.634708 0.000183
175.279099 57.590420 0.000247
178.620514 57.546207 0.000301
181.957886 57.502068 0.000347
185.291245 57.458004 0.000384
188.620590 57.414013 0.000414
191.945969 57.370098 0.000437
195.267365 57.326256 0.000454
198.584824 57.282486 0.000465
201.898361 57.238789 0.000470
83.653023 60.605408 0.000394
87.300423 60.555622 0.000396
90.942230 60.505936 0.000400
94.578476 60.456348 0.000405
98.209198 60.406860 0.000413
101.834412 60.357475 0.000422
105.454163 60.308182 0.000433
109.068474 60.258991 0.000447
112.677376 60.209896 0.000462
116.280891 60.160900 0.000480
119.879066 60.112000 0.000498
123.471916 60.063190 0.000513
127.059471 60.014481 0.000521
130.641754 59.965866 0.000539
134.218811 59.917347 0.000571
137.790665 59.868919 0.000601
141.357330 59.820587 0.000607
144.918839 59.772346 0.000577
148.475235 59.724201 0.000509
152.026520 59.676147 0.000412
155.572739 59.628185 0.000305
159.113907 59.580311 0.000205
162.650055 59.532532 0.000119
166.181229 59.484840 0.000048
169.707413 59.437241 0.000055
173.228668 59.389732 0.000116
176.745010 59.342312 0.000175
180.256454 59.294979 0.000226
183.763031 59.247734 0.000269
187.264786 59.200581 0.000305
190.761703 59.153511 0.000333
194.253845 59.106529 0.000355
197.741211 59.059635 0.000371
201.223846 59.012829 0.000381
83.869553 62.396275 0.000418
87.732201 62.342659 0.000421
91.587975 62.289165 0.000426
95.436928 62.235794 0.000432
99.279091 62.182537 0.000440
103.114525 62.129406 0.000450
106.943253 62.076389 0.000462
110.765327 62.023491 0.000476
114.580788 61.970707 0.000491
118.389671 61.918045 0.000507
122.192017 61.865494 0.000523
125.987877 61.813061 0.000536
129.777267 61.760738 0.000543
133.560257 61.708534 0.000544
137.336868 61.656441 0.000541
141.107132 61.604462 0.000528
144.871094 61.552593 0.000498
148.628799 61.500835 0.000447
152.380280 61.449192 0.000382
156.125565 61.397655 0.000309
159.864700 61.346230 0.000234
163.597717 61.294910 0.000160
167.324661 61.243702 0.000089
171.045563 61.192600 0.000037
174.760437 61.141605 0.000062
178.469345 61.090721 0.000113
182.172318 61.039940 0.000160
185.869385 60.989262 0.000200
189.560562 60.938690 0.000233
193.245926 60.888226 0.000260
196.925461 60.837864 0.000279
200.599243 60.787601 0.000293
84.117599 64.186188 0.000441
88.226608 64.128258 0.000445
92.327095 64.070480 0.000450
96.419113 64.012848 0.000457
100.502724 63.955364 0.000466
104.577980 63.898026 0.000476
108.644958 63.840832 0.000488
112.703705 63.783779 0.000502
116.754280 63.726868 0.000515
120.796738 63.670097 0.000528
124.831139 63.613472 0.000539
128.857544 63.556984 0.000546
132.875992 63.500633 0.000547
136.886551 63.444420 0.000538
140.889282 63.388348 0.000519
144.884216 63.332405 0.000487
148.871414 63.276604 0.000444
152.850937 63.220936 0.000389
156.822845 63.165398 0.000327
160.787155 63.109997 0.000260
164.743958 63.054726 0.000192
168.693268 62.999584 0.000127
172.635162 62.944576 0.000068
176.569672 62.889694 0.000036
180.496841 62.834946 0.000063
184.416748 62.780319 0.000103
188.329407 62.725826 0.000139
192.234894 62.671455 0.000168
196.133224 62.617210 0.000192
200.024460 62.563091 0.000209
84.404152 65.975060 0.000463
88.797485 65.912231 0.000467
93.180092 65.849586 0.000472
97.552063 65.787125 0.000480
101.913490 65.724838 0.000489
106.264450 65.662735 0.000499
110.605042 65.600815 0.000510
114.935333 65.539062 0.000522
119.255409 65.477493 0.000533
123.565361 65.416092 0.000542
127.865265 65.354866 0.000547
132.155197 65.293816 0.000546
136.435242 65.232933 0.000537
140.705475 65.172211 0.000518
144.965973 65.111664 0.000489
149.216812 65.051285 0.000449
153.458069 64.991074 0.000399
157.689804 64.931023 0.000342
161.912109 64.871132 0.000282
166.125046 64.811401 0.000219
170.328690 64.751839 0.000159
174.523117 64.692429 0.000104
178.708374 64.633179 0.000057
182.884552 64.574089 0.000036
187.051697 64.515160 0.000056
191.209900 64.456375 0.000085
195.359222 64.397751 0.000110
199.499725 64.339279 0.000129
203.631454 64.280952 0.000143
84.738426 67.762764 0.000482
89.463036 67.694298 0.000486
94.173950 67.626068 0.000492
98.871307 67.558067 0.000500
103.555237 67.490295 0.000508
108.225868 67.422745 0.000518
112.883324 67.355415 0.000528
117.527725 67.288307 0.000537
122.159195 67.221428 0.000544
126.777863 67.154755 0.000547
131.383835 67.088303 0.000545
135.977234 67.022064 0.000535
140.558167 66.956032 0.000517
145.126755 66.890213 0.000489
149.683105 66.824608 0.000452
154.227325 66.759201 0.000406
158.759521 66.694000 0.000354
163.279816 66.629005 0.000299
167.788300 66.564209 0.000242
172.285080 66.499611 0.000187
176.770248 66.435211 0.000136
181.243927 66.371010 0.000091
185.706207 66.307007 0.000055
190.157166 66.243187 0.000036
194.596939 66.179565 0.000043
199.025574 66.116135 0.000059
203.443207 66.052887 0.000073
85.132881 69.549133 0.000499
90.247772 69.474113 0.000504
95.344887 69.399391 0.000510
100.424416 69.324966 0.000516
105.486557 69.250832 0.000524
110.531517 69.176979 0.000532
115.559471 69.103416 0.000539
120.570618 69.030128 0.000545
125.565132 68.957130 0.000547
130.543198 68.884399 0.000544
135.505005 68.811943 0.000534
140.450699 68.739754 0.000516
145.380478 68.667839 0.000489
150.294495 68.596184 0.000454
155.192917 68.524796 0.000412
160.075928 68.453659 0.000364
164.943649 68.382782 0.000313
169.796265 68.312164 0.000261
174.633926 68.241791 0.000211
179.456772 68.171677 0.000165
184.264969 68.101799 0.000124
189.058655 68.032173 0.000089
193.837982 67.962784 0.000062
198.603073 67.893639 0.000044
203.354095 67.824730 0.000037
85.604691 71.333923 0.000514
91.185463 71.251167 0.000518
96.742645 71.168800 0.000524
102.276558 71.086815 0.000530
107.787521 71.005219 0.000536
113.275826 70.923988 0.000542
118.741783 70.843132 0.000545
124.185677 70.762642 0.000546
129.607803 70.682510 0.000542
135.008423 70.602737 0.000532
140.387833 70.523315 0.000515
145.746292 70.444244 0.000489
151.084061 70.365509 0.000456
156.401398 70.287125 0.000417
161.698563 70.209068 0.000372
166.975800 70.131340 0.000325
172.233337 70.053947 0.000278
177.471420 69.976875 0.000233
182.690308 69.900124 0.000191
187.890182 69.823685 0.000154
193.071304 69.747559 0.000124
198.233887 69.671745 0.000099
203.378128 69.596237 0.000081
86.178246 73.116768 0.000526
92.323860 73.024727 0.000530
98.437393 72.933205 0.000534
104.519363 72.842209 0.000539
110.570290 72.751717 0.000543
116.590675 72.661720 0.000546
122.581001 72.572220 0.000545
128.541748 72.483208 0.000541
134.473373 72.394676 0.000530
140.376328 72.306610 0.000513
146.251038 72.219009 0.000489
152.097961 72.131866 0.000457
157.917496 72.045174 0.000420
163.710052 71.958923 0.000379
169.476044 71.873108 0.000336
175.215820 71.787727 0.000293
180.929794 71.702774 0.000252
186.618332 71.618240 0.000215
192.281784 71.534119 0.000184
197.920502 71.450409 0.000158
203.534836 71.367096 0.000138
86.889389 74.897148 0.000535
93.732811 74.793732 0.000538
100.531235 74.691040 0.000542
107.285561 74.589073 0.000545
113.996689 74.487801 0.000546
120.665482 74.387222 0.000545
127.292755 74.287315 0.000539
133.879333 74.188072 0.000528
140.425980 74.089478 0.000511
146.933456 73.991524 0.000488
153.402512 73.894196 0.000458
159.833817 73.797485 0.000423
166.228088 73.701378 0.000384
172.585999 73.605858 0.000345
178.908188 73.510933 0.000306
185.195267 73.416573 0.000270
191.447876 73.322777 0.000239
197.666595 73.229538 0.000212
203.852005 73.136841 0.000192
87.792908 76.674217 0.000542
95.518448 76.556526 0.000544
103.178398 76.439896 0.000545
110.774460 76.324295 0.000546
118.308273 76.209694 0.000543
125.781403 76.096077 0.000538
133.195343 75.983414 0.000527
140.551529 75.871689 0.000510
147.851349 75.760872 0.000487
155.096146 75.650948 0.000458
162.287186 75.541893 0.000425
169.425705 75.433685 0.000389
176.512863 75.326317 0.000353
183.549835 75.219757 0.000319
190.537704 75.113991 0.000288
197.477524 75.009010 0.000262
204.370331 74.904785 0.000241
88.976913 78.446617 0.000545
97.849892 78.310471 0.000545
106.622566 78.175934 0.000545
115.298355 78.042953 0.000542
123.880486 77.911476 0.000536
132.372025 77.781456 0.000525
140.775848 77.652847 0.000508
149.094711 77.525597 0.000486
157.331223 77.399673 0.000458
165.487854 77.275040 0.000427
173.566956 77.151649 0.000394
181.570770 77.029472 0.000361
189.501450 76.908478 0.000331
197.361023 76.788620 0.000306
205.151428 76.669884 0.000286
90.592300 80.211967 0.000545
101.013069 80.051041 0.000544
111.270531 79.892723 0.000541
121.372292 79.736893 0.000534
131.325363 79.583443 0.000523
141.136276 79.432266 0.000506
150.811066 79.283272 0.000484
160.355377 79.136368 0.000458
169.774475 78.991463 0.000428
179.073273 78.848495 0.000398
188.256393 78.707375 0.000370
197.328125 78.568039 0.000345
206.292542 78.430428 0.000326
