# site e_sd n_sd u_sd 
J604 10.151187 13.644124 76.785718
J918 75.734670 27.378189 30.299122
DOSN 5.774724 2.733112 23.498082
J605 10.093845 26.062907 23.245778
J175 125.128769 49.745338 22.769958
J652 4.222275 6.051909 21.233928
G140 4.980054 3.864348 21.019470
J041 75.081897 13.689527 20.864300
J946 57.208128 10.762327 20.654526
J800 61.352360 11.659433 19.754780
J812 4.573326 3.930467 19.418049
J240 12.507009 2.668457 19.308518
J958 7.650627 4.149294 17.536260
G123 5.829391 3.875335 17.072353
J176 138.326236 46.711333 16.671981
J944 65.447293 8.868343 16.093140
J169 130.919065 84.728116 16.003073
J727 4.782863 4.068916 15.903414
J914 105.187641 43.018414 15.484932
KGNI 10.004077 7.207187 15.328186
J214 40.356350 6.150968 14.993163
Z102 4.560394 3.343326 14.432519
J042 38.896908 4.840588 14.337743
J560 46.046681 4.243742 14.327728
J170 5.376505 3.367021 14.209138
I019 8.361918 3.571026 13.863497
J728 4.531024 4.438940 13.666599
J211 52.075930 5.405153 13.530357
WUHN 2.730287 2.891117 13.232196
J948 23.084171 3.481477 13.087287
DIEB 2.987158 2.062714 13.011998
J801 20.352968 3.606329 12.984405
J911 88.549683 44.608194 12.865293
I004 22.014957 2.776436 12.571591
G145 90.673157 41.577486 12.566373
J943 52.132581 3.946797 12.552217
J038 79.749285 11.556671 12.480357
KSMV 16.558525 4.235507 12.445952
J940 60.452382 2.993414 12.310621
J916 98.880133 36.996928 12.248235
I015 16.339295 4.049829 12.232843
I062 4.625206 3.042354 12.210744
J852 3.079442 3.048303 12.156213
J237 13.186481 3.416547 12.118304
J934 61.192054 11.364273 12.078980
J833 3.444423 3.077580 12.062022
USUD 5.926855 3.982086 12.020320
J937 45.090127 3.594018 11.878567
J201 63.004284 7.578196 11.742222
J919 92.372625 19.917394 11.739450
J720 4.376137 3.124308 11.714590
J600 4.470999 3.953297 11.689440
G098 2.398732 2.414665 11.680308
G144 3.956527 3.571569 11.658365
J192 31.942027 15.281908 11.625577
S004 4.522392 3.169887 11.573977
G137 3.400790 2.997945 11.558108
J199 42.825131 7.435535 11.456211
J936 69.942410 7.169918 11.444162
J200 68.044942 6.321636 11.440307
J931 55.846418 18.806035 11.420583
KNYA 4.473355 3.234830 11.410410
J212 29.678735 4.237539 11.403383
G009 4.365323 2.801696 11.395804
J908 33.125691 22.671730 11.386050
J046 6.038724 2.688069 11.347965
J970 5.282626 3.130760 11.342049
J928 47.910141 25.001854 11.287596
I113 4.530073 4.221478 11.282550
J205 52.313546 5.930737 11.223783
J913 61.319577 27.180508 11.223677
S106 4.434520 3.481666 11.203991
I009 15.830462 3.575734 11.177610
G126 2.924128 2.337385 11.163498
J867 2.858878 3.492228 11.146883
J544 51.305441 30.747412 11.140957
J696 3.707011 3.033875 11.125905
J099 4.089493 3.101080 11.090053
J137 4.072491 3.791409 11.084831
Z119 2.722706 2.592886 11.071921
J592 7.319861 3.279976 11.034423
J963 15.162342 4.611579 11.019387
J266 7.128881 2.782482 11.001322
G033 3.161541 3.909152 10.997782
J694 4.172895 3.685828 10.977576
J947 23.669583 2.607870 10.969288
GUAM 3.376511 2.924751 10.955984
J699 3.280567 2.716254 10.904855
J685 3.797414 2.737334 10.872762
J029 6.157509 3.178247 10.840634
Z114 2.966165 3.588752 10.837571
J635 4.251217 2.878880 10.824790
J265 7.904558 3.069748 10.802818
Z117 3.516795 2.403830 10.798069
J933 46.572431 13.671342 10.776461
J488 4.086010 3.377650 10.753225
J591 8.833351 3.621955 10.735806
J874 3.589544 2.810902 10.713685
I021 13.530388 4.249237 10.712025
Z123 3.958544 2.927841 10.630677
J796 57.987630 30.798369 10.624658
J424 2.561695 2.674409 10.604820
I060 4.452838 3.027463 10.598450
J681 2.922442 2.799679 10.556922
J230 5.382389 3.166893 10.555409
J979 5.493150 3.334229 10.526193
J334 3.042763 5.970942 10.492484
I071 4.141215 2.705783 10.472135
J841 3.678097 2.887182 10.460904
J497 4.583439 3.398201 10.460791
J035 59.071388 13.022448 10.416617
J590 23.232660 2.901372 10.375519
J809 5.313958 2.982274 10.304655
J939 31.116108 2.245703 10.286762
J912 73.921778 35.592922 10.285164
J020 4.104320 4.092384 10.253868
J177 81.743588 22.514323 10.251754
G013 2.974639 2.323711 10.250422
G159 6.348931 4.017031 10.243182
J493 3.784814 3.720206 10.241537
J216 20.582959 2.630578 10.227341
I013 8.212359 3.462146 10.215866
Z101 4.903644 2.832414 10.214209
G061 2.982342 2.850714 10.213255
J920 68.931878 9.407657 10.188908
J178 4.008070 2.703828 10.171315
J538 7.077786 8.240215 10.170401
J872 2.918826 3.367649 10.167685
J318 3.735248 2.978446 10.167095
Z108 3.584225 2.251277 10.166165
J382 3.065384 2.986430 10.163373
J734 3.363230 2.791524 10.161517
J297 4.955097 3.480651 10.155659
G113 3.847522 3.551059 10.154849
J806 14.159359 4.219002 10.134489
J556 50.890731 13.366410 10.124058
J543 27.925727 25.100447 10.108052
J193 47.403040 22.564434 10.101768
J165 30.398880 23.576409 10.093163
J594 4.884274 2.825445 10.063381
Z121 2.640432 2.410916 10.057784
J541 9.051669 10.134671 10.055775
J561 40.586944 2.515634 10.048776
J942 41.280556 2.620522 10.034649
J180 22.602887 4.117224 10.019021
J048 5.593733 3.236639 10.012574
J555 28.016047 11.270717 10.002423
J295 3.604098 3.061703 10.002204
G087 4.484513 2.916084 9.998694
J938 73.053437 7.461870 9.997907
J845 39.615354 3.108708 9.996543
J609 5.967358 4.057921 9.954741
G047 3.598271 2.618832 9.949999
G131 2.990215 2.989569 9.937489
J902 9.391481 11.252732 9.920888
I068 4.727672 3.466399 9.896483
I105 4.033933 3.193578 9.891287
J272 6.176623 3.278251 9.874136
J247 7.752555 2.663827 9.862787
J982 8.538599 3.510301 9.847709
J120 3.005332 3.293396 9.844605
J680 2.712818 2.894505 9.827765
J711 2.761256 2.670931 9.827489
CNMR 3.342732 3.007961 9.826240
J961 15.306677 6.349093 9.803440
J198 33.844086 4.877148 9.803206
J033 45.842432 15.479828 9.797159
J915 83.183718 30.718381 9.794592
J164 38.867152 34.959757 9.786800
J799 38.747394 9.226261 9.782233
G152 2.773695 2.504125 9.775734
J704 3.639135 3.164277 9.772418
J772 2.729423 2.472960 9.767089
G073 2.927039 2.557869 9.733598
G075 2.682714 2.646958 9.707733
J945 46.138583 3.220984 9.698051
I038 4.628115 2.945609 9.692171
J409 2.809563 2.676862 9.687857
J320 4.103997 2.810373 9.686339
J557 41.864092 7.476796 9.672900
J360 5.122849 3.772610 9.666210
J540 7.562621 7.990486 9.665738
J022 3.359045 4.398380 9.660595
J789 3.756451 2.453918 9.660411
J855 2.375408 2.659090 9.655609
J064 3.134367 2.328641 9.651726
I059 3.456265 3.609180 9.644009
Z109 2.491006 2.659423 9.629831
J532 4.047501 2.978894 9.627851
J615 4.793250 2.881644 9.619573
I051 3.067840 5.512441 9.610851
J451 2.890522 3.015987 9.609530
J787 3.117578 2.998396 9.609473
G068 3.241794 3.157059 9.597352
J270 6.103960 2.774707 9.591948
J805 35.920412 3.170852 9.572959
J373 3.139827 2.957101 9.555890
J797 4.260065 2.770125 9.541797
S107 5.314806 3.118070 9.536629
J837 2.737840 2.497871 9.522351
J603 4.496995 2.952083 9.519835
G017 2.974268 2.597064 9.517532
J074 2.538416 2.564424 9.505412
J549 3.496781 2.833320 9.503034
J450 2.560224 4.897779 9.501323
J614 4.994443 3.064766 9.497428
G101 2.857375 2.992200 9.493114
J941 28.180976 2.378700 9.489324
G055 3.304508 2.475677 9.485743
J722 3.010917 2.565221 9.484861
J810 13.256129 2.216467 9.472006
J813 3.780885 2.866586 9.470880
J202 33.514469 2.634482 9.464808
I049 4.030462 3.475979 9.459024
J015 3.285249 3.103921 9.457418
J935 38.091579 4.735986 9.452348
J581 39.237452 4.327042 9.446049
PIMO 2.994983 2.779346 9.413029
J930 40.355742 15.827786 9.412351
G077 3.382361 2.424624 9.412321
J559 52.619019 3.562195 9.397347
J494 2.873262 3.409400 9.395122
J484 2.808478 2.954941 9.385253
J317 3.323288 2.589025 9.384623
J910 65.261754 38.335851 9.382706
I046 3.514298 2.485199 9.378257
J366 3.004138 2.392743 9.377662
J825 3.113847 2.445767 9.371149
J062 2.744791 2.714647 9.368282
J587 19.184224 2.866029 9.364791
AIRA 2.580626 2.527578 9.352163
J569 8.611485 2.646974 9.346229
J367 4.205097 2.649209 9.339384
J719 3.480373 3.411250 9.328073
J715 3.020650 3.010843 9.315527
J965 26.280801 2.659545 9.302527
Z116 2.791321 2.467156 9.273028
J109 4.097608 3.154982 9.266324
G002 2.726075 2.387687 9.257618
J571 17.678689 2.375313 9.242329
J802 9.826161 3.489538 9.241204
J157 13.194668 15.140046 9.231540
Z111 2.970455 2.732508 9.229762
GUUG 3.358387 2.866278 9.220509
J351 3.123270 3.195826 9.210465
G212 2.726870 2.650498 9.206979
J899 7.631807 9.904522 9.203800
Z107 2.750167 2.561978 9.202105
J595 4.142755 3.393025 9.193349
J584 15.536947 3.231153 9.182301
J196 27.532586 7.529475 9.166195
G063 3.153567 3.121084 9.164057
G048 2.767722 2.361380 9.122305
J172 3.811686 2.513162 9.114816
J917 66.933203 20.910217 9.102276
J291 3.590661 2.534154 9.101614
J966 4.815557 2.321557 9.100971
J483 3.134975 2.690768 9.095719
J922 13.133124 11.046272 9.093744
J441 3.441687 2.752404 9.090788
G130 2.687959 2.410796 9.083001
J962 10.181616 2.458552 9.080190
J755 6.401143 2.932305 9.077310
G042 2.985496 3.317914 9.075930
J564 19.259788 3.298948 9.047506
G086 2.627387 2.372852 9.047311
DAEJ 2.252595 2.100838 9.044543
J486 3.089146 2.973098 9.031718
J336 3.599201 2.331357 9.026968
J149 4.029065 4.612460 9.025651
CUSV 2.764524 3.018597 9.024568
J598 3.231497 3.307805 9.022093
I006 17.866080 3.032914 9.019832
J475 2.477144 2.560322 9.013713
G125 3.573288 2.431135 9.012766
I042 4.173501 2.629740 8.992484
G026 2.971665 3.031706 8.988542
I073 4.270706 2.780346 8.982417
I057 3.176655 2.380087 8.975845
J990 4.301586 2.698064 8.971164
G095 2.931333 2.516811 8.970828
J570 6.936091 2.833346 8.968937
J798 3.547647 3.086031 8.966919
J565 11.450518 2.360961 8.963983
J491 2.804374 2.907181 8.962034
J769 2.508838 2.561832 8.955838
J057 3.301430 3.087387 8.950530
J964 9.669499 2.458636 8.950521
J021 3.501170 4.233870 8.935591
Z110 2.710502 2.535823 8.931464
G132 3.608979 3.239605 8.928399
J066 3.629863 2.661347 8.927561
I053 3.306832 2.612801 8.921725
J481 2.995913 2.502208 8.915084
J044 9.291523 2.863575 8.910082
J294 3.700296 2.639832 8.904279
J190 40.375795 22.094373 8.896813
J430 2.449372 2.704137 8.894001
Z120 2.319766 2.282149 8.893885
J444 2.659821 2.469903 8.893426
J689 2.572892 2.745874 8.888646
J606 4.949343 3.004695 8.886396
G001 2.791393 2.476495 8.885371
J187 26.309674 18.128495 8.882388
J969 4.726628 2.367267 8.874964
J153 7.779656 10.621760 8.874022
J670 2.937550 2.423736 8.868628
G153 2.890067 2.929952 8.868444
G066 2.527509 2.778692 8.865976
J197 29.877473 5.226993 8.863667
J608 5.394320 3.289351 8.856125
J834 2.568287 2.782636 8.854443
J528 3.394755 4.441934 8.851441
J376 2.971183 2.770391 8.850477
J836 2.518327 2.914460 8.838846
Z113 2.498458 2.329872 8.831889
J926 27.146850 17.106230 8.829096
G076 2.905429 2.603938 8.827321
J754 5.852549 2.927985 8.822687
J988 4.017187 2.701231 8.815265
CCJ2 4.818699 2.532716 8.810172
S110 15.481515 3.618707 8.808444
J952 10.824277 3.167655 8.800934
G052 2.751625 2.614942 8.794793
J634 3.241090 2.642564 8.793774
J210 29.292942 2.413978 8.791543
J824 2.978304 2.801547 8.791521
G081 2.887249 2.806576 8.788900
J978 2.982366 2.780458 8.777534
I055 3.771098 3.043877 8.768335
G078 2.817765 2.665009 8.766411
G091 2.821889 2.336263 8.764492
J379 2.896804 2.394616 8.763539
J161 25.597958 25.054937 8.757646
J195 35.398054 11.911754 8.750860
Z118 2.968680 2.558644 8.750161
G050 2.789310 2.752626 8.746372
J568 14.605330 2.410916 8.745831
J669 2.892212 2.693362 8.742191
J929 41.005540 18.121036 8.734032
G053 2.664539 2.686675 8.733079
J534 4.936026 5.461842 8.710598
G135 2.933436 2.434139 8.699299
J043 13.576099 3.002299 8.695323
J725 3.976121 3.581440 8.692688
I005 8.220738 2.911939 8.691774
J279 6.240001 2.632607 8.686794
J433 2.664896 2.848969 8.684421
J927 33.206688 17.225882 8.682133
J773 2.588764 2.750699 8.680408
J895 4.379542 5.574604 8.678846
J225 6.784010 3.300750 8.671898
J842 3.360037 2.415973 8.657885
Z115 2.900308 2.511770 8.657428
J768 2.504141 2.377423 8.654632
J690 2.438624 2.999817 8.648693
Z105 2.636699 2.458012 8.647709
J047 5.691094 2.671827 8.645635
J171 3.343772 2.423297 8.644037
MIZU 4.122768 3.765565 8.642955
J588 21.371677 2.415388 8.641692
J572 5.406598 2.454849 8.635409
J844 5.931377 7.669617 8.633841
G147 2.430813 2.274050 8.632789
J807 12.106534 3.475762 8.629250
J909 48.559875 33.065961 8.626822
I035 4.332970 2.686982 8.617229
J563 17.435305 2.912330 8.614751
J793 2.784406 3.107071 8.606395
Z106 3.078928 2.669940 8.605674
J500 3.072304 5.084300 8.601522
J706 2.659551 2.429933 8.598968
G162 26.913569 6.446203 8.591594
J011 2.357827 3.695385 8.587777
J258 3.612861 2.612803 8.585708
J585 27.142347 2.655618 8.580922
I076 3.508452 3.113699 8.580749
J420 2.867928 3.069373 8.580636
J653 2.402724 2.315313 8.579837
J362 3.057435 2.747885 8.573519
J027 21.700286 23.384674 8.571692
S007 5.486694 2.693504 8.568619
G093 3.333836 3.099590 8.567335
G070 2.956490 2.284919 8.557999
J579 3.700033 2.464570 8.556903
J586 14.818256 2.956382 8.553901
J949 15.179708 7.578046 8.547867
J238 16.939909 2.347751 8.543924
J573 5.022663 2.458044 8.542594
J206 21.649735 2.337335 8.539498
I102 3.235889 2.852875 8.537179
J271 6.021864 2.845608 8.532478
J646 3.200468 2.709386 8.529036
I088 3.429043 2.444769 8.528960
J763 2.798533 2.398317 8.525930
J820 3.093020 2.611036 8.525075
I072 4.880341 2.806598 8.524475
J976 3.902690 2.917091 8.521629
J523 3.391858 3.740505 8.517570
J166 38.107797 28.007764 8.514937
J776 2.599236 2.457517 8.511720
J626 3.350096 2.767426 8.508251
J234 21.919966 2.878330 8.503196
I048 3.818530 2.705251 8.501870
J328 2.911122 2.925596 8.501283
J826 3.069234 2.935975 8.494874
J151 6.333106 7.112135 8.494360
G007 2.667313 2.216918 8.490467
J907 3.823937 3.140728 8.490049
J601 5.410743 3.914791 8.488766
J147 3.442219 4.197254 8.486858
G080 2.650899 2.605331 8.482620
J465 2.580860 2.316615 8.481472
J731 2.851768 2.526701 8.477305
J461 2.754587 3.196482 8.474794
J417 2.917160 2.577262 8.471761
J972 5.187194 2.326263 8.470336
J220 11.248744 3.527305 8.467632
J577 4.863490 2.305646 8.466077
J365 3.184397 2.499160 8.465404
J209 23.387100 2.780785 8.463503
G136 2.850318 2.484325 8.462748
J887 2.794425 2.508997 8.457053
J403 2.706208 2.229835 8.449813
G092 3.785914 2.557857 8.448449
G156 2.898666 2.485623 8.442336
J785 2.509851 2.530589 8.441657
G143 2.888932 2.326903 8.440960
J718 2.694159 2.392491 8.440508
J888 3.325060 3.839841 8.437799
J059 4.040855 2.504112 8.435971
G088 2.850399 2.616752 8.434846
J924 16.617902 13.420146 8.434073
J040 23.737183 2.545052 8.433633
J551 14.435079 9.272468 8.430554
J474 2.669605 2.677423 8.430542
J091 2.375131 2.260418 8.421987
J028 5.325478 2.858479 8.420743
I075 3.603718 2.783023 8.416521
G111 5.139691 2.939880 8.414212
J089 2.590027 2.479357 8.412520
G150 2.935908 3.081324 8.411975
J472 3.877088 2.849340 8.410062
J732 2.612006 2.530125 8.409706
J956 8.463841 3.874975 8.409303
I031 4.267132 2.732924 8.406748
J851 2.833415 2.280953 8.406531
G082 2.697631 2.656717 8.406108
J904 17.313749 17.381283 8.405121
J480 2.542188 2.263712 8.400182
J582 16.002048 3.125596 8.399334
J611 5.513929 2.691774 8.392982
J644 2.910303 2.493447 8.390973
J547 5.810266 3.460691 8.389047
J478 3.082771 2.942790 8.380939
J236 21.207078 2.439564 8.380606
J847 3.563894 2.389072 8.376214
J341 3.025897 2.545670 8.373871
J546 4.394938 2.561984 8.371171
TSK2 12.635991 3.806547 8.369838
J617 4.677703 2.904759 8.368521
J415 2.721137 2.425307 8.367369
J309 3.384344 2.799859 8.365781
J980 5.869823 3.001802 8.351347
J697 3.057588 3.291768 8.350355
G014 2.553715 2.164441 8.345763
J056 3.660465 2.523300 8.345701
J717 2.701200 2.479992 8.343831
I069 4.670592 2.669561 8.341917
J629 3.221721 2.673688 8.340383
J455 2.807588 2.819322 8.338193
J721 3.302683 3.240391 8.337945
J264 4.784021 2.797305 8.335490
J012 2.480346 2.402023 8.332914
J738 2.686843 2.964257 8.328386
J065 3.069341 2.703182 8.326962
J729 4.433011 3.020408 8.324076
J385 2.644318 2.977592 8.322767
J968 5.131307 2.267291 8.314395
J950 13.927768 2.912703 8.307362
J501 2.553073 2.523357 8.303964
J859 3.067353 2.724662 8.299117
J583 13.921443 3.469106 8.298056
J854 2.775647 2.543668 8.297315
J256 4.245830 2.957144 8.294375
G090 2.608906 2.360807 8.289459
G000 2.621275 2.625808 8.288737
J723 2.915888 2.743169 8.288407
J316 2.963017 2.415465 8.285413
J792 3.075046 3.177097 8.281842
Z112 2.526699 2.227808 8.277473
G024 2.529802 2.315674 8.276851
I058 2.825618 2.312866 8.276641
G139 2.739425 2.710314 8.263744
J179 4.059299 2.646796 8.262572
J510 2.624419 3.317351 8.256237
G011 2.744847 2.537865 8.254250
J986 4.797559 2.468596 8.251523
J319 3.295958 2.661771 8.250384
J705 2.531976 2.471881 8.249133
J468 2.597828 2.509147 8.232167
J537 7.280063 8.690943 8.231180
J701 2.977658 2.728152 8.228685
J174 5.144736 2.996462 8.225284
J285 3.625343 3.313705 8.224098
I010 12.867227 3.427685 8.222044
J621 4.425784 3.051799 8.221157
J263 5.499936 3.170699 8.212476
J377 2.289835 2.420070 8.211607
G114 3.128434 2.511164 8.210442
NIMT 2.607894 2.611795 8.210341
G032 2.579770 2.373513 8.207298
J432 2.517162 2.538836 8.203862
J405 2.346969 2.235983 8.197477
J213 23.038193 2.620013 8.196518
J024 4.058806 5.183253 8.195113
G089 2.484141 2.640538 8.192703
J695 2.956266 3.948767 8.190631
J257 3.870239 2.212284 8.189581
J987 4.665631 2.512635 8.183586
J095 2.474443 2.242308 8.179718
J167 4.500192 2.684116 8.179341
J771 3.405718 3.616781 8.178370
G051 2.473967 2.712544 8.175473
J673 2.408727 2.403120 8.172763
J094 2.924862 2.603293 8.161784
J036 3.124078 3.185317 8.156153
J535 4.929729 6.461521 8.149603
J636 2.917626 2.680110 8.148122
J640 2.951548 2.334386 8.147571
J683 2.604490 2.660309 8.142904
J454 2.640534 2.666182 8.141713
J163 27.193228 22.940132 8.141137
I022 10.416322 3.522074 8.139611
J273 5.292960 2.939153 8.135195
J637 2.749583 2.519710 8.134525
J081 2.754032 2.456849 8.133371
J233 11.329176 2.673411 8.130698
J364 2.949455 2.526743 8.118607
G021 2.501691 2.331084 8.117247
J726 2.990208 2.704090 8.116565
I093 2.950044 2.227699 8.115095
G128 3.344206 2.720414 8.109886
J993 3.569821 2.410106 8.109842
J326 3.040402 2.276183 8.106466
G016 2.489512 2.302787 8.103547
I095 2.878485 2.429704 8.103383
G122 2.841997 2.254977 8.103217
I064 5.655494 3.228099 8.099661
G062 2.469811 2.177498 8.093915
G213 4.719588 2.563505 8.092394
G118 2.595866 2.234154 8.091147
J485 2.547149 2.387956 8.084690
G012 2.862405 2.550821 8.082101
J261 3.701158 2.671704 8.081062
J323 2.947689 2.434391 8.074227
J957 6.562369 2.927959 8.073963
J981 4.472962 2.789568 8.069523
G211 2.413855 2.474308 8.067411
J342 2.811691 2.489596 8.067132
J462 2.549805 2.586846 8.065772
I094 2.645846 2.198795 8.062860
J633 3.019761 2.481583 8.060835
J575 5.051890 2.153720 8.060653
J250 5.306702 2.716381 8.060214
J504 2.595130 2.493266 8.059387
G108 3.498486 2.537877 8.055349
J613 5.771058 3.147198 8.054040
J574 5.845468 2.588057 8.051739
G079 2.760955 2.264677 8.051719
I018 10.070708 3.565860 8.050734
J597 2.394997 2.518405 8.049084
J700 2.539091 2.413250 8.048026
J482 2.784345 2.482077 8.039585
J748 2.635565 2.341237 8.039105
J983 6.252198 2.558529 8.027400
G085 2.871229 2.440233 8.022827
J730 2.737254 2.395194 8.022748
J049 21.405881 4.005964 8.019583
J437 2.646403 2.737242 8.004701
J229 4.407251 2.868782 8.001253
J218 13.305666 3.112212 8.000975
G041 2.392420 4.088288 7.999311
J643 3.136671 2.319648 7.995438
G149 2.577049 2.474960 7.994440
J991 3.705057 2.627941 7.992033
G067 2.290587 2.340140 7.990615
I032 5.170748 2.569782 7.989443
G115 3.061042 2.328172 7.989135
J761 3.226411 2.414703 7.987612
J251 5.100431 3.088580 7.984850
J698 2.481527 2.343590 7.982995
J779 2.228233 2.589570 7.982359
J838 3.007550 2.749999 7.981466
G141 2.811854 2.437635 7.974094
J353 2.946744 2.548063 7.971726
J268 6.313205 2.753527 7.970795
J348 2.625950 2.576901 7.968291
J975 3.748205 2.287310 7.965199
J974 3.946175 3.096840 7.965172
J087 2.513697 2.271951 7.962080
J553 29.508924 19.957582 7.960051
G148 2.543788 2.480180 7.957433
Z104 2.628960 2.672390 7.950287
J612 4.706633 2.749896 7.949659
J242 12.894855 2.600459 7.945468
J664 2.545795 2.325505 7.945376
I092 2.899687 2.343757 7.942099
J378 2.947821 2.592996 7.939085
J088 2.429218 2.254612 7.937452
J423 2.419312 2.735289 7.937183
J224 8.283939 3.068593 7.936641
I103 3.056082 2.632905 7.936029
J058 4.330301 2.458736 7.931557
J687 2.669633 2.726960 7.928228
G129 2.939639 2.301706 7.926630
J098 2.602362 2.251622 7.925994
J223 6.209489 3.011291 7.925240
J589 12.596378 3.368750 7.923181
J624 2.752226 2.337540 7.917255
G158 5.138524 2.426183 7.916526
I081 3.079622 2.732955 7.916211
J832 2.376478 2.234105 7.915320
J239 13.791556 2.358701 7.914119
J659 3.027435 3.303926 7.913995
J709 2.462120 2.396751 7.913823
J181 10.898523 10.338913 7.913624
J703 2.952662 3.204766 7.912593
J471 2.587310 2.411256 7.905744
J860 2.390744 2.330110 7.903207
J142 3.763569 2.944598 7.902616
J764 2.961170 2.284666 7.902589
J158 9.928448 12.415492 7.902333
J013 2.409398 2.787118 7.900474
J173 5.363254 3.071584 7.900214
J649 2.423877 2.290188 7.899641
J518 3.018394 2.627900 7.899312
G054 2.688565 2.493041 7.897438
J463 2.391326 2.406337 7.892723
J084 2.703831 2.501902 7.891109
IRKT 3.383512 2.426690 7.888758
J823 3.271003 3.256342 7.886659
J967 5.630606 2.440149 7.885141
J877 2.287602 2.498716 7.878945
J666 2.744971 2.467773 7.878135
J425 2.741438 2.329070 7.871403
J248 5.417344 2.344946 7.870268
J905 3.547144 3.217986 7.869869
I090 3.056162 2.433089 7.868498
TSKB 12.485359 3.368606 7.867804
J443 2.677164 2.767888 7.867419
J103 2.702648 2.276426 7.867294
J985 5.605392 2.740368 7.866907
J490 2.761760 2.580353 7.864807
J989 4.008951 2.492879 7.864577
J085 2.644504 2.483484 7.860488
J489 3.645790 2.649177 7.851979
J843 2.682374 2.538703 7.851920
J412 2.459416 2.351399 7.851008
J469 2.458824 2.687342 7.849767
J183 11.725864 12.102430 7.845566
Z124 2.837127 2.751968 7.842357
G023 2.470230 2.351727 7.836114
J554 38.411924 19.127221 7.834917
J383 2.822389 2.341737 7.825228
J375 2.363275 2.285616 7.816612
J402 2.544264 2.397335 7.813381
J831 2.356286 2.217540 7.812862
J315 2.737032 2.467598 7.811694
G056 2.449624 2.260802 7.810758
J903 13.095624 15.012149 7.804979
I002 15.322757 2.745410 7.801660
J973 4.277838 2.315773 7.801214
J548 3.867975 2.618998 7.800868
J655 2.883017 2.989042 7.782615
J862 2.626155 2.908168 7.779976
J760 2.761012 2.393489 7.778393
J733 2.966034 3.148256 7.774579
J896 4.298305 5.672496 7.765754
J567 10.837767 2.475342 7.764574
J431 2.572455 3.042926 7.762909
J901 8.918421 11.526292 7.761343
J992 3.438360 2.398029 7.760076
G133 2.781287 2.921306 7.758973
J526 2.782106 3.112702 7.757277
G019 2.756169 2.537666 7.754861
J339 2.765282 3.407161 7.750129
I079 4.002229 2.621820 7.749700
J045 7.028215 3.079776 7.745969
TNML 2.421948 2.479653 7.745843
J894 4.084882 5.207200 7.739511
I097 2.938278 2.630736 7.739274
J679 2.610363 2.355052 7.737419
J244 8.771442 2.815878 7.736893
J676 2.502095 2.438365 7.736089
J803 48.863492 10.148983 7.735982
I014 9.478585 3.572133 7.734461
J097 3.014280 2.297866 7.733671
G064 3.428140 2.694979 7.731957
J380 2.722140 2.563686 7.729494
J506 2.346715 2.177820 7.728820
J217 22.654254 2.612966 7.727049
J188 24.100971 14.766458 7.724401
J650 2.535872 2.671811 7.720710
J610 5.730926 2.658958 7.720325
J276 3.815932 2.473573 7.719930
I039 2.560263 2.266305 7.716718
G030 2.664344 2.767886 7.714687
G028 2.419556 2.109349 7.714180
J620 3.469896 2.641623 7.714129
J215 14.875859 2.888920 7.713508
J753 6.872299 2.917566 7.712491
J815 3.290968 2.647963 7.712421
J997 3.047363 2.473310 7.708275
G010 2.615292 2.600094 7.704339
J419 2.521984 2.602512 7.701150
J228 5.078032 2.919758 7.699388
G134 2.790887 2.501981 7.695770
J052 7.986085 2.262220 7.694136
J418 2.839535 2.650279 7.693028
J111 2.616664 2.325304 7.685852
J160 26.005111 25.553800 7.685498
J249 4.649705 2.357606 7.684294
J749 3.287936 2.500121 7.683807
J352 2.418187 2.193768 7.681505
J893 3.771166 4.698119 7.681200
J502 2.272881 2.414062 7.676137
G121 2.383544 2.225791 7.673439
J152 4.332899 6.445370 7.673265
J520 2.376790 2.560226 7.668572
J663 3.146970 2.627354 7.667994
J658 3.627264 3.219331 7.666911
I029 4.980307 2.822474 7.665094
G207 5.295121 2.261725 7.662544
J440 2.674028 2.647517 7.660141
G003 2.696460 2.270925 7.657107
019B 3.918450 3.854149 7.649937
J955 8.339742 2.977796 7.647550
J522 3.004180 3.026523 7.643880
J259 3.416896 2.404718 7.640578
I003 11.012786 3.078655 7.639101
J576 5.398894 2.899242 7.638664
J951 14.639477 2.866457 7.637323
J130 4.467898 5.555105 7.634903
J282 3.795015 2.449867 7.632322
J882 2.558662 3.156601 7.629857
J774 2.400756 2.426319 7.628343
J960 4.423456 2.437978 7.626839
J384 2.614671 2.328427 7.626358
J067 3.026206 2.527069 7.626072
J232 11.129709 2.931824 7.625610
J716 2.791084 2.400593 7.622193
J189 22.144094 14.528917 7.620852
J075 2.396773 2.156673 7.618998
J693 2.572159 2.436290 7.617646
J675 2.560930 2.685645 7.610010
G107 4.067747 5.792268 7.609990
J884 2.546057 2.696592 7.609099
J023 3.829149 4.617957 7.608892
I074 3.805063 2.852387 7.608463
J371 2.804915 2.516387 7.605725
J372 2.331560 2.443206 7.605164
G074 2.565980 2.368998 7.603450
J714 2.668890 3.090980 7.600183
G146 2.490523 2.814156 7.595035
J070 2.299930 1.917426 7.594314
J051 10.298852 2.571998 7.590849
J322 2.835338 2.324906 7.587327
J182 12.100515 10.246858 7.585631
G059 2.642492 2.682236 7.583070
G142 3.174053 3.036260 7.582888
J897 4.518510 5.968091 7.579262
J068 2.621292 2.370696 7.579122
J619 3.993972 2.810624 7.578540
J819 3.076506 2.514194 7.575761
G155 2.663962 2.534514 7.572202
J759 3.484071 2.865930 7.570666
J906 2.679592 2.371267 7.567291
J204 17.586067 2.378427 7.564750
I044 3.456077 2.700862 7.558965
J607 4.831954 2.915076 7.558290
I020 8.517276 3.689128 7.557529
J026 6.118182 6.694629 7.556231
Z103 3.061610 2.393652 7.556118
G164 2.718374 2.563412 7.555372
G008 3.055811 2.677047 7.554078
J100 2.406531 3.101594 7.552832
STK2 2.463107 2.427395 7.551592
J394 2.620965 2.457038 7.550907
G096 2.779490 2.631918 7.550388
J775 2.486262 2.706576 7.547288
J416 2.671175 2.676146 7.546272
J310 2.879331 2.266064 7.546186
J858 2.118954 2.471312 7.544481
J335 2.595004 2.489308 7.542415
J580 3.264150 2.238322 7.542068
J397 3.027209 2.941052 7.538149
J747 2.740676 2.410226 7.536804
G210 2.587542 2.416729 7.531780
J770 2.441186 2.267797 7.531622
J460 2.402870 2.260931 7.531578
J267 6.557197 2.530203 7.531567
TWTF 4.282671 16.233516 7.529296
J037 4.430232 2.657714 7.528341
J253 6.137271 2.348025 7.527017
J622 3.069829 2.272937 7.525836
J686 2.544707 2.430879 7.524036
J702 2.537849 2.388836 7.523687
J436 2.912773 2.427736 7.521376
J399 2.603987 2.379786 7.520016
J822 3.339752 2.475998 7.518919
J356 2.583354 2.281512 7.514913
J221 7.240681 3.044305 7.514810
J623 2.829849 2.228540 7.513667
J136 2.633656 2.770799 7.512140
J657 2.695318 3.122666 7.512088
J252 5.894639 2.199173 7.511373
G102 3.458450 3.989000 7.511216
J275 4.060254 2.580489 7.509567
J159 11.943142 14.453227 7.508959
J846 2.564356 2.933816 7.505173
J984 6.058166 2.653234 7.493764
J245 6.725754 2.402037 7.493139
J329 2.830108 2.388205 7.492894
I078 3.661704 2.516604 7.492592
I085 2.985534 2.598723 7.488570
G157 2.409682 2.270201 7.483443
J090 2.486399 2.348400 7.483442
J127 2.596928 3.349961 7.478207
J274 4.005595 2.738535 7.474965
J660 2.649369 2.311369 7.474461
G116 2.760233 2.357523 7.474422
J529 3.502042 4.484755 7.474062
J145 3.130498 3.692735 7.473890
J674 2.664555 2.610544 7.473220
G058 2.564189 2.527110 7.470000
I024 7.247348 4.395222 7.467515
J386 2.620599 2.636040 7.463274
G022 2.565253 2.314350 7.459312
J550 2.733541 2.282201 7.457049
I008 9.770842 3.160574 7.454820
J628 3.228692 2.650826 7.454499
J853 2.654272 2.588181 7.453902
J479 3.088641 2.382329 7.444130
J110 2.671930 2.508140 7.443173
J299 3.270724 2.459876 7.441636
J473 2.585001 2.536479 7.441068
G027 2.551833 2.215452 7.440644
J286 3.642314 2.673272 7.438549
I061 3.775788 3.078085 7.435894
G035 2.444333 2.491351 7.435666
J203 2.491046 2.680077 7.435418
J578 4.488101 2.543256 7.435132
I089 2.755189 2.411559 7.433358
J428 2.306139 2.360285 7.431585
G084 2.624544 2.449477 7.430014
J312 2.605729 2.747309 7.428709
I052 2.994920 2.281554 7.426600
J452 2.402707 2.907414 7.425214
I084 3.234279 2.531849 7.424573
I043 3.479212 2.469084 7.421568
J186 14.323401 10.306282 7.419251
J442 2.455453 2.267736 7.417542
J707 2.754489 2.606027 7.416525
J368 2.493381 2.256605 7.414311
PETS 4.288563 2.748071 7.413296
J162 3.000978 2.633178 7.412685
J517 2.522356 2.561990 7.409178
G025 2.393326 2.255722 7.408155
J281 4.380520 2.802699 7.400441
J449 2.528644 2.494713 7.399232
G120 2.542299 2.497138 7.392440
G045 2.455304 2.168008 7.390242
J093 2.237166 2.442716 7.387567
J492 2.835491 2.540397 7.385352
J134 2.483934 2.511704 7.382721
G138 3.980987 4.152605 7.380146
J246 11.505915 3.215017 7.379929
G069 2.289026 2.220472 7.379895
J752 9.206789 2.820218 7.379407
J712 2.833916 2.672620 7.379010
I070 6.533463 3.384064 7.375948
J889 2.418842 2.538246 7.375586
G004 2.410335 2.530012 7.373415
J082 2.535215 2.270876 7.372953
J647 2.711922 2.484600 7.371599
OKN1 2.398340 3.271314 7.371193
J977 3.372400 2.418012 7.370538
J464 2.312868 2.280956 7.370435
J191 22.267370 10.259917 7.367222
J830 2.743634 2.572523 7.366349
J724 3.168883 2.315811 7.363891
J713 2.487539 2.226580 7.361745
J688 2.547476 3.280426 7.358771
J457 3.084685 2.475691 7.352437
J998 2.774056 2.310023 7.350959
J389 2.941955 2.544557 7.350799
J743 2.516886 2.461585 7.348265
J959 3.513826 2.460364 7.347475
J476 2.453743 3.065458 7.347464
J086 2.707281 2.588515 7.346280
J875 2.514468 2.806200 7.344210
G110 10.557988 2.418217 7.337179
G103 5.806508 7.579095 7.334699
J627 12.236343 2.991482 7.334430
J648 2.850264 2.395874 7.333812
J262 3.010497 2.770249 7.331290
J324 3.179482 2.505059 7.324467
J439 2.542021 2.645110 7.321268
J447 2.754029 2.347528 7.320590
J008 2.371054 2.775623 7.319721
J129 2.905426 3.312308 7.316633
I041 4.290524 5.419440 7.315968
IRKM 3.586558 2.539632 7.315135
J280 4.012060 2.515771 7.313446
J185 3.096391 2.992955 7.313415
J207 16.938681 2.499298 7.312956
I033 5.571243 4.652009 7.309723
G109 9.922230 2.240736 7.308356
J921 8.930413 7.695895 7.306572
J241 8.593409 2.234808 7.302027
J146 2.964798 3.980139 7.299302
J219 15.411698 2.797336 7.298865
J871 2.424120 2.406658 7.298382
J079 2.365790 2.399994 7.291417
J156 8.431829 10.936714 7.290425
J656 2.885890 2.429995 7.289276
MCIL 2.358719 2.507743 7.283982
J007 2.308774 2.422333 7.283746
G071 2.424194 2.364394 7.281501
J361 2.463492 3.755225 7.281347
J861 2.307061 2.437002 7.279527
J438 2.544475 2.938594 7.268358
I050 3.191921 2.275339 7.264805
J593 7.090923 2.979895 7.264097
J302 3.039363 2.385410 7.262663
J338 2.697072 2.257493 7.262224
J260 3.660202 2.453907 7.261938
J055 3.559636 2.239100 7.260323
BADG 1.742697 2.229045 7.260181
J155 9.206185 9.906134 7.255784
J566 11.183143 2.210402 7.252714
ULAB 3.356770 3.219710 7.247403
J892 3.365217 4.645220 7.244565
I012 9.861412 3.117771 7.241094
J850 2.309078 2.283756 7.235347
J143 2.861310 3.820721 7.232368
J618 4.653487 2.625177 7.229013
J128 2.567608 2.894331 7.226371
G020 2.534681 2.222391 7.221981
J477 2.531498 3.032888 7.221146
S005 2.560650 2.442266 7.220518
J363 2.385206 2.309726 7.219717
I104 3.002893 2.054172 7.216312
IRKJ 1.947371 2.380234 7.215787
J602 4.259374 3.141483 7.208837
J971 5.564366 2.682337 7.206848
J126 2.421278 2.872627 7.206606
J818 3.321294 2.527192 7.205479
J782 2.278136 2.391714 7.204589
G060 2.515170 2.239762 7.200327
J741 2.644843 2.524268 7.200086
J226 3.941261 3.712705 7.196922
J863 2.820793 2.830563 7.196659
J654 3.004655 2.058356 7.193018
J284 3.804182 2.459035 7.192693
J332 2.732569 2.267002 7.191847
J539 7.222978 10.131909 7.181217
J411 2.471363 2.333688 7.180371
J031 22.437445 12.131371 7.178602
J513 2.661981 3.309524 7.178344
I027 6.093563 4.606284 7.177715
J016 2.707092 2.678897 7.175968
J645 2.771673 2.266540 7.171795
I023 6.770281 3.227646 7.168317
J814 3.012930 2.706685 7.166584
G105 24.563026 6.424384 7.165211
G154 2.258725 2.175185 7.156904
J542 5.574339 6.380513 7.154106
G029 2.298564 2.179961 7.149597
J870 2.435519 2.305688 7.148285
I011 7.114763 3.005166 7.147419
G094 2.589148 2.571612 7.142957
J756 4.775712 3.179210 7.142669
J410 2.795940 2.452414 7.142391
J821 2.854468 2.648096 7.140770
J445 2.339229 2.302749 7.140379
J678 2.678264 2.391670 7.139740
G049 2.588492 2.665922 7.137185
J269 6.841705 2.875376 7.137034
J780 2.625675 2.183523 7.129903
J017 2.809396 3.212560 7.127800
J387 2.671270 2.433544 7.125255
J370 2.524749 2.320496 7.125036
J298 3.350492 2.346810 7.118552
J758 5.111593 2.983661 7.113088
J222 9.840672 3.128241 7.111624
J795 29.801287 25.410911 7.107647
J018 2.552502 3.115260 7.105836
J639 2.682417 2.302678 7.103488
J296 2.993664 2.600893 7.102605
G015 2.477518 2.295581 7.102550
J154 6.661069 6.580885 7.102031
G163 3.079716 2.300119 7.101809
J421 2.479353 3.023711 7.101627
G031 2.408276 2.288032 7.101320
J827 2.364692 2.826052 7.097598
G046 2.310468 2.443774 7.091020
J283 3.646601 2.901009 7.090446
I007 10.452943 3.316518 7.088968
J050 14.170862 2.416401 7.088215
I034 3.985080 2.486248 7.086879
J359 2.554413 2.434462 7.086323
J737 2.942992 2.691306 7.083336
J596 2.680602 2.632311 7.083108
J616 3.677673 2.431620 7.079396
J642 2.870660 2.369649 7.077178
J744 3.236094 2.464982 7.076833
J631 2.830823 2.362504 7.076493
G206 2.635294 2.230039 7.072497
J321 2.946983 2.309252 7.072338
J750 4.319046 3.049274 7.069056
J344 2.749430 2.228356 7.068990
J054 4.825851 2.204973 7.067894
J876 2.178679 2.400245 7.067732
J783 2.131113 2.076309 7.062408
J243 8.400034 2.731913 7.061699
J114 2.365520 2.597632 7.057631
I030 4.973341 3.087798 7.057608
J765 2.394220 2.150563 7.057584
J448 2.409803 2.299888 7.056472
J466 2.590360 2.526754 7.053986
J288 3.247616 2.320901 7.053925
J527 3.117482 3.664353 7.052990
J995 3.447068 2.451485 7.052673
J105 2.452306 2.320552 7.051506
J751 3.183015 5.365169 7.048729
I028 5.156554 2.580178 7.046947
J408 2.311762 2.219708 7.046579
J817 3.345669 2.689834 7.046436
I047 2.848108 2.385006 7.045818
J349 2.453333 2.143138 7.043543
G160 2.608949 2.418583 7.042057
J516 2.317586 2.484009 7.039848
G065 2.509012 2.275473 7.039034
J138 2.324701 2.523527 7.034591
G117 2.343499 2.420754 7.031805
J293 3.271159 2.559063 7.031572
J794 3.379075 4.088855 7.031420
J710 2.708926 2.784857 7.031017
J857 2.342678 2.492508 7.028631
J053 5.333652 2.399779 7.028093
G083 2.723033 3.398703 7.026307
J131 2.579768 3.105044 7.025220
I066 5.166083 2.858802 7.025129
J032 25.289590 8.677367 7.023911
J069 2.381193 2.587764 7.017758
J514 2.826758 2.360871 7.011291
J890 2.381522 2.303587 7.010468
J005 2.451228 3.002687 7.006647
J096 2.321893 2.277454 6.999510
J390 2.532625 2.160706 6.995776
J004 2.279326 2.373702 6.995172
J662 2.736074 2.410753 6.994240
J327 3.491893 3.034267 6.993053
J996 3.029784 2.546761 6.992202
G204 2.189094 2.308855 6.991260
J932 23.811976 7.294036 6.991129
I036 4.075412 2.495449 6.990039
J231 17.875248 4.707110 6.988513
J150 3.465564 4.565599 6.987266
J873 2.369282 2.601152 6.984416
J184 9.432034 7.906541 6.984317
J140 2.650229 3.259256 6.984232
J632 2.624476 2.272607 6.982344
J381 2.656083 2.538505 6.981917
J374 2.564761 2.363325 6.980377
J880 2.392689 2.566490 6.979196
I086 2.772139 2.404915 6.975284
J117 2.166955 2.403620 6.974119
J292 3.457399 2.553649 6.970628
J014 2.241565 2.435785 6.969951
G040 2.584305 2.511895 6.968561
J511 2.322065 3.030147 6.965784
G018 2.527252 2.303040 6.963718
J735 2.611915 2.592401 6.963707
G112 3.665629 2.141818 6.960782
I001 10.155347 3.073352 6.958919
J954 8.715544 2.755306 6.957998
J470 3.242837 2.674767 6.956066
J767 2.465625 2.247493 6.955895
J781 2.085009 2.145457 6.952840
J227 2.800366 2.403377 6.949485
J345 2.571435 2.172057 6.949232
J277 3.586986 2.582253 6.948749
I016 7.134343 2.991335 6.945359
G161 2.642420 2.365569 6.944580
J083 2.458943 2.298765 6.942000
J076 2.410018 2.405420 6.940010
J300 3.499177 2.401255 6.938714
J030 12.190573 8.068320 6.936665
I065 5.517510 2.916592 6.933784
J301 3.479458 2.179841 6.931981
J019 2.429214 2.746715 6.931594
G006 2.388917 2.089777 6.930997
J396 6.565658 5.119586 6.930889
J866 2.560326 2.890611 6.927535
J788 2.385068 2.386792 6.926332
J999 2.743488 2.646830 6.919077
J391 2.597095 2.238512 6.917991
J369 2.511390 2.337731 6.917519
MTKA 9.335657 3.420190 6.915219
J235 9.458308 2.369710 6.912431
J347 2.471682 2.083534 6.909804
I037 4.567721 3.422743 6.901903
J638 3.126908 2.289627 6.898971
J778 2.338387 2.188040 6.898538
SUWN 2.244369 2.182995 6.897703
J923 11.337892 8.749875 6.893828
J350 2.568001 2.118630 6.888131
J856 2.241467 2.246473 6.882571
I063 6.040011 2.753491 6.880792
J552 16.373112 10.597099 6.880681
G127 4.882964 2.964510 6.880006
J139 2.462110 2.832219 6.879528
J829 2.425784 2.389273 6.878441
J684 2.563757 2.347934 6.875156
J255 3.769995 2.239623 6.874724
I026 5.646327 2.841355 6.873605
I099 3.434505 2.347267 6.871956
J740 2.999293 2.699552 6.869216
J509 2.231019 2.400562 6.868345
G036 2.333381 2.208518 6.867861
G104 12.790849 8.228850 6.866943
J343 2.760335 2.489461 6.866907
G124 2.423094 2.631036 6.865517
J777 2.765728 2.491045 6.859455
J429 2.391747 2.582419 6.858762
I025 5.601211 3.837954 6.857625
J849 2.390386 2.227946 6.853872
G044 2.459477 2.189264 6.849782
J340 2.418567 2.348771 6.844950
J453 2.396298 2.470766 6.841057
J864 2.397610 2.443751 6.841011
J745 2.405912 2.415954 6.840441
J422 2.379797 2.692408 6.839490
J496 2.485578 2.447697 6.839174
J135 2.994028 3.129608 6.837311
J061 3.526832 2.593597 6.835634
J357 2.796516 2.633313 6.831892
J063 3.067862 2.323290 6.829723
J865 2.204059 2.437741 6.825696
J925 20.011528 11.371195 6.824837
J762 2.507667 2.504031 6.821923
J144 2.473723 2.463826 6.816716
J407 2.532867 2.579554 6.816554
J003 2.197257 2.134129 6.816401
J828 2.555074 2.515822 6.812077
J879 2.458868 2.271206 6.807953
J311 2.644632 2.283745 6.806712
G208 2.262110 2.192411 6.803994
J811 3.711335 2.434702 6.803826
I091 2.777134 2.157340 6.802027
J467 2.287733 2.294631 6.798894
J835 2.427966 2.288274 6.798301
J107 2.154788 2.270660 6.797935
J498 2.642291 2.525059 6.793379
J132 2.436815 2.558068 6.789168
J337 2.449330 2.188557 6.785001
G038 2.442133 2.359369 6.781506
G100 5.676336 4.572272 6.774155
I077 3.189388 2.666782 6.772861
G039 2.313505 2.206471 6.769998
J354 2.520706 2.130816 6.761972
J123 2.161584 2.334773 6.756522
J625 2.571954 2.193527 6.751721
J427 2.418686 2.228301 6.750293
J398 2.661632 2.219559 6.739209
J508 2.246373 2.156501 6.734475
J102 2.348855 2.148008 6.732788
J060 3.227589 2.398799 6.726952
G201 2.382581 2.171694 6.703061
J804 4.383200 2.808608 6.700138
J426 2.329440 2.283997 6.698392
J891 2.742736 2.507047 6.697184
I067 4.221552 2.542598 6.697053
J002 2.192547 2.385562 6.695723
KUNM 4.251199 4.025645 6.693702
J413 2.316056 2.275748 6.685733
J287 3.781595 2.632028 6.683261
J840 2.790420 2.276130 6.682895
J630 2.968150 2.215232 6.679414
J400 2.830912 2.436810 6.673320
J304 2.674214 2.298275 6.669519
J499 5.648425 16.958993 6.657512
J414 2.509308 2.468379 6.656561
G119 2.374390 2.604259 6.653842
I096 2.622171 2.311460 6.634495
J868 2.353595 2.491985 6.633858
J672 2.588310 2.366558 6.630767
J434 2.448062 2.457818 6.625455
J641 2.755156 2.459844 6.624097
J525 2.600051 2.904672 6.621023
J395 2.686346 2.468512 6.618918
J194 17.762149 7.539400 6.606806
J677 2.275931 2.081942 6.602556
J355 2.544606 2.275066 6.592546
J401 2.299999 2.270650 6.589095
J521 2.282322 2.293209 6.584939
J886 2.307827 2.373017 6.573627
J665 2.536449 2.319704 6.572384
I045 2.697569 2.706469 6.562877
J346 2.384476 2.238221 6.560972
J077 2.322388 2.105877 6.553958
I098 2.524442 2.349751 6.553723
J115 2.369571 2.777517 6.553198
J458 2.266134 2.229538 6.547568
J392 2.354446 2.126926 6.543670
J307 2.535122 2.310603 6.543355
J314 2.356279 2.185081 6.534487
J456 2.339642 2.194295 6.527699
TCMS 2.551609 2.204640 6.526060
J113 2.214776 2.209779 6.522714
J530 3.574637 4.504272 6.521820
MAGJ 1.682448 2.150153 6.512206
J393 2.489967 2.104901 6.509355
J331 2.717751 2.377335 6.506564
J766 2.317042 2.077434 6.501690
J303 2.852642 2.693164 6.500276
J080 2.374527 2.208276 6.491488
J487 2.436462 2.368120 6.490397
G099 3.221126 4.187132 6.489721
J459 2.423504 2.363254 6.487539
G037 2.432306 2.518160 6.487468
J668 2.375877 2.100829 6.480339
J507 2.172754 2.255487 6.480153
J503 2.104868 2.207045 6.478733
J306 2.658378 2.384789 6.473456
J010 2.396267 2.298316 6.470226
J898 6.241867 6.423480 6.465983
SMST 2.521103 3.047510 6.464842
J791 2.311862 2.379658 6.463725
J994 3.220683 2.439128 6.449638
J739 4.532348 3.618788 6.414731
J869 2.264137 2.240897 6.409474
J101 2.115518 2.099391 6.401762
G203 2.563499 2.427503 6.390247
J784 2.182234 2.512750 6.383186
J289 3.218337 2.378852 6.375886
J519 1.990731 2.130801 6.372804
J071 2.408040 1.889021 6.372096
J108 2.399091 2.243289 6.360302
J746 2.276320 2.207422 6.348055
J505 2.045617 2.422340 6.343615
J133 2.263360 2.357600 6.324797
J885 2.304822 2.407307 6.319031
J435 2.829574 2.888214 6.311437
YSSK 2.262300 2.304989 6.309927
J125 1.958309 2.175599 6.306034
J495 2.354865 2.441634 6.294442
G202 2.156412 2.621184 6.287801
J878 2.502690 2.246394 6.283706
J078 2.308236 2.325833 6.283304
J104 2.198557 2.067011 6.281365
J358 2.377731 2.133238 6.278758
J278 3.210678 2.535213 6.270746
J009 2.089154 2.361328 6.263168
J118 2.077845 2.231454 6.246383
BJFS 2.113687 1.993993 6.242172
J388 2.269454 2.108010 6.239270
J667 2.286718 2.430341 6.225331
J119 2.206574 2.399734 6.220913
J121 2.217810 2.425612 6.211532
CHAN 2.354586 3.656431 6.208516
J106 2.202830 2.501359 6.208463
G151 2.384647 2.183773 6.196585
J305 2.683226 2.493690 6.195276
J883 2.311006 2.300970 6.181703
J533 3.408842 4.518471 6.164655
J141 2.558115 2.502495 6.141670
J512 1.979792 2.138322 6.140983
J848 2.253114 2.069925 6.131142
J001 2.146992 2.152041 6.130759
G209 2.404185 2.330605 6.120795
J515 2.052600 2.240598 6.108984
J116 2.381425 2.324944 6.092901
SHAO 2.187071 2.087993 6.092129
J881 2.449624 2.197236 6.090386
J736 2.235153 2.414699 6.072149
J124 2.358695 2.634414 6.060496
J742 2.311200 2.204415 6.059396
J790 2.314571 2.623520 6.056209
J112 2.229592 2.469967 6.051054
J122 2.195041 2.461497 6.032927
J531 2.423584 2.372903 5.941339
KHAJ 1.935802 2.298759 5.546688
J691 2.475512 2.205520 -1.000000
J692 2.590758 2.434649 -1.000000
J333 5.040205 5.394596 -1.000000
