144.855361 40.110362 0.000021
144.767634 39.895766 0.236148
144.680501 39.681072 0.294826
144.593953 39.466283 0.375595
144.507983 39.251398 0.462087
144.422582 39.036420 0.518218
144.337741 38.821350 0.525821
144.253452 38.606190 0.573881
144.169708 38.390941 0.803320
144.086500 38.175604 1.122006
144.003821 37.960180 1.254983
143.921663 37.744672 1.274855
143.840017 37.529080 1.256283
143.758878 37.313406 1.173478
143.678237 37.097651 1.044547
143.598087 36.881816 0.918052
143.518421 36.665903 0.821846
143.439232 36.449912 0.753189
143.360513 36.233846 0.696747
143.282257 36.017705 0.641885
143.204457 35.801491 0.586830
143.127106 35.585205 0.534631
143.050198 35.368847 0.491932
142.973727 35.152420 0.465551
142.897686 34.935924 0.453721
142.822068 34.719360 0.445845
142.746868 34.502730 0.430244
142.672079 34.286035 0.000021
144.578161 40.177021 0.000021
144.491187 39.962183 0.197242
144.404801 39.747249 0.288094
144.318995 39.532223 0.454257
144.233760 39.317105 0.628102
144.149087 39.101896 0.660393
144.064968 38.886598 0.444155
143.981396 38.671213 0.280076
143.898362 38.455741 0.737370
143.815858 38.240184 2.136042
143.733877 38.024544 2.051587
143.652411 37.808822 1.959205
143.571452 37.593019 2.000755
143.490993 37.377136 1.780486
143.411027 37.161175 1.416361
143.331546 36.945137 1.106581
143.252543 36.729023 0.921456
143.174012 36.512835 0.820050
143.095945 36.296573 0.741479
143.018335 36.080239 0.662248
142.941175 35.863835 0.580097
142.864460 35.647360 0.496952
142.788182 35.430818 0.428548
142.712335 35.214208 0.400715
142.636912 34.997531 0.413850
142.561908 34.780790 0.431060
142.487315 34.563985 0.418023
142.413129 34.347117 0.000021
144.300376 40.243036 0.000021
144.214164 40.027960 0.170699
144.128533 39.812791 0.243956
144.043476 39.597532 0.392850
143.958983 39.382184 0.562857
143.875047 39.166748 0.535527
143.791659 38.951226 0.133319
143.708811 38.735619 0.165932
143.626495 38.519929 1.049173
143.544703 38.304157 4.391826
143.463428 38.088304 0.743702
143.382661 37.872371 1.134384
143.302396 37.656361 1.698960
143.222625 37.440273 1.447547
143.143341 37.224110 0.915909
143.064536 37.007872 0.582045
142.986203 36.791562 0.516098
142.908336 36.575179 0.557012
142.830927 36.358726 0.561624
142.753970 36.142203 0.525385
142.677458 35.925612 0.475910
142.601384 35.708954 0.406858
142.525742 35.492229 0.326105
142.450525 35.275440 0.309944
142.375727 35.058588 0.413872
142.301342 34.841672 0.524345
142.227364 34.624696 0.510586
142.153786 34.407659 0.000021
144.022010 40.308403 0.000021
143.936569 40.093092 0.128840
143.851702 39.877692 0.192612
143.767402 39.662204 0.349135
143.683661 39.446630 0.612414
143.600469 39.230971 0.964215
143.517819 39.015229 1.155463
143.435703 38.799405 4.110321
143.354113 38.583501 1.648498
143.273040 38.367517 5.335231
143.192478 38.151455 0.053543
143.112419 37.935316 1.637977
143.032855 37.719102 1.977009
142.953779 37.502813 1.285547
142.875183 37.286452 0.410721
142.797061 37.070019 0.111073
142.719406 36.853515 0.200482
142.642210 36.636942 0.503411
142.565466 36.420301 0.548697
142.489169 36.203593 0.505525
142.413310 35.986819 0.509237
142.337884 35.769981 0.496170
142.262884 35.553079 0.322370
142.188304 35.336114 0.199946
142.114138 35.119089 0.713799
142.040378 34.902004 1.130562
141.967019 34.684859 0.908012
141.894056 34.467657 0.000021
143.743071 40.373117 0.000021
143.658409 40.157575 0.091979
143.574315 39.941947 0.130410
143.490781 39.726235 0.225413
143.407798 39.510439 0.401604
143.325359 39.294562 0.723254
143.243455 39.078603 0.187991
143.162079 38.862566 0.200631
143.081222 38.646451 0.151859
143.000877 38.430259 0.033144
142.921035 38.213992 0.578536
142.841690 37.997651 0.489073
142.762835 37.781237 0.864297
142.684461 37.564752 0.951746
142.606561 37.348196 0.061635
142.529129 37.131571 0.033477
142.452157 36.914878 0.188656
142.375639 36.698119 0.962660
142.299567 36.481294 0.636697
142.223936 36.264404 0.483664
142.148738 36.047452 0.605578
142.073966 35.830437 0.906275
141.999615 35.613361 0.842481
141.925678 35.396226 1.025172
141.852148 35.179031 4.282361
141.779020 34.961779 2.956367
141.706287 34.744471 1.837633
141.633944 34.527107 0.000021
143.467121 40.436367 0.000021
143.383236 40.220602 0.057068
143.299912 40.004754 0.069056
143.217142 39.788823 0.086923
143.134917 39.572813 0.097846
143.053229 39.356723 0.184575
142.972069 39.140556 0.339880
142.891431 38.924312 0.425117
142.811305 38.707992 0.299672
142.731685 38.491600 0.825555
142.652562 38.275134 0.347068
142.573930 38.058597 0.041572
142.495781 37.841990 0.523313
142.418107 37.625314 1.494547
142.340901 37.408570 0.909100
142.264157 37.191760 0.217860
142.187867 36.974884 8.298348
142.112024 36.757944 1.456929
142.036623 36.540942 0.488549
141.961655 36.323877 0.345479
141.887115 36.106752 0.532367
141.812996 35.889566 1.038135
141.739291 35.672323 0.186316
141.665994 35.455022 0.135216
141.593100 35.237664 2.275147
141.520601 35.020252 2.687086
141.448492 34.802785 1.465569
141.376767 34.585265 0.000021
143.193546 40.498309 0.000021
143.110438 40.282326 0.031668
143.027885 40.066263 0.038312
142.945879 39.850122 0.044128
142.864411 39.633902 0.033337
142.783474 39.417607 0.048033
142.703058 39.201236 0.288628
142.623157 38.984791 0.634232
142.543763 38.768274 1.468479
142.464867 38.551686 1.926855
142.386463 38.335028 1.561521
142.308542 38.118301 0.031315
142.231098 37.901507 0.619182
142.154124 37.684646 1.227181
142.077612 37.467720 0.868666
142.001555 37.250731 0.007945
141.925946 37.033678 0.008287
141.850778 36.816564 0.193130
141.776046 36.599389 0.315480
141.701741 36.382154 0.257358
141.627858 36.164862 0.459388
141.554390 35.947512 0.994144
141.481331 35.730106 0.303844
141.408675 35.512645 0.249156
141.336414 35.295130 1.263618
141.264544 35.077562 0.923409
141.193058 34.859943 0.195717
141.121950 34.642272 0.000021
142.918811 40.559754 0.000021
142.836490 40.343558 0.025554
142.754717 40.127285 0.034640
142.673484 39.910935 0.141086
142.592783 39.694510 0.340459
142.512605 39.478012 3.575860
142.432943 39.261442 6.774557
142.353788 39.044800 0.675399
142.275133 38.828089 0.485577
142.196971 38.611309 0.243386
142.119294 38.394462 0.323863
142.042094 38.177549 0.346112
141.965364 37.960571 0.071808
141.889098 37.743529 0.054636
141.813287 37.526424 0.024841
141.737925 37.309258 0.010370
141.663005 37.092032 0.012062
141.588521 36.874746 0.393198
141.514465 36.657403 0.612856
141.440831 36.440002 0.267572
141.367613 36.222546 0.223126
141.294804 36.005035 1.319186
141.222398 35.787470 2.512422
141.150388 35.569852 1.392194
141.078769 35.352183 0.060486
141.007535 35.134463 0.044258
140.936678 34.916694 0.031081
140.866194 34.698876 0.000021
142.648485 40.619479 0.000021
142.566945 40.403077 0.027709
142.485946 40.186601 0.169577
142.405480 39.970051 5.119241
142.325539 39.753429 7.406532
142.246115 39.536735 7.128456
142.167199 39.319973 7.767901
142.088785 39.103142 5.424937
142.010864 38.886243 9.626752
141.933429 38.669279 8.358392
141.856472 38.452250 5.087194
141.779986 38.235157 6.308999
141.703964 38.018002 6.521400
141.628399 37.800786 4.371374
141.553284 37.583510 4.782336
141.478611 37.366175 3.510196
141.404374 37.148782 3.223423
141.330567 36.931332 5.349048
141.257182 36.713826 2.104558
141.184213 36.496266 1.133961
141.111653 36.278653 1.572223
141.039497 36.060987 2.155218
140.967738 35.843269 0.942122
140.896369 35.625502 0.908594
140.825386 35.407685 1.166309
140.754780 35.189820 0.030876
140.684548 34.971907 0.013266
140.614682 34.753948 0.000021
142.383789 40.677245 0.000021
142.303020 40.460646 0.020806
142.222784 40.243974 0.085904
142.143075 40.027232 0.074210
142.063884 39.810421 0.016699
141.985203 39.593541 0.009834
141.907024 39.376594 0.011683
141.829340 39.159581 0.015393
141.752143 38.942504 0.018476
141.675425 38.725363 2.141335
141.599179 38.508160 0.010003
141.523398 38.290896 0.006819
141.448074 38.073572 0.016587
141.373201 37.856189 1.231595
141.298771 37.638749 0.444054
141.224778 37.421252 0.600655
141.151214 37.203699 0.022265
141.078074 36.986093 0.014336
141.005350 36.768432 0.014356
140.933037 36.550720 0.019180
140.861127 36.332957 0.405454
140.789614 36.115143 0.354494
140.718493 35.897280 0.451271
140.647756 35.679369 1.041221
140.577399 35.461412 0.046189
140.507414 35.243408 0.013636
140.437797 35.025359 0.007440
140.368541 34.807266 0.000021
142.120584 40.733988 0.000021
142.040586 40.517197 0.013784
141.961115 40.300336 0.015234
141.882164 40.083407 0.010608
141.803725 39.866412 0.007508
141.725788 39.649350 0.008857
141.648347 39.432224 1.010324
141.571395 39.215035 0.667042
141.494922 38.997784 0.026397
141.418922 38.780472 0.759510
141.343388 38.563100 0.005658
141.268313 38.345669 0.005049
141.193688 38.128181 1.022416
141.119507 37.910636 1.242456
141.045764 37.693036 0.006209
140.972451 37.475383 0.005186
140.899562 37.257675 0.004755
140.827090 37.039916 0.003922
140.755028 36.822106 0.004421
140.683371 36.604246 0.006027
140.612111 36.386337 0.008980
140.541243 36.168381 0.033393
140.470760 35.950377 0.339928
140.400656 35.732328 0.210490
140.330925 35.514234 0.016403
140.261561 35.296096 0.010393
140.192559 35.077915 0.006652
140.123913 34.859692 0.000021
141.857873 40.789933 0.000021
141.778651 40.572954 0.023413
141.699950 40.355909 0.039028
141.621761 40.138798 0.603607
141.544077 39.921622 0.471898
141.466889 39.704383 0.737300
141.390190 39.487083 0.555674
141.313972 39.269721 0.308318
141.238228 39.052300 0.312107
141.162951 38.834821 0.430911
141.088132 38.617284 0.269642
141.013765 38.399691 0.139091
140.939843 38.182043 0.461351
140.866359 37.964341 0.134193
140.793305 37.746586 0.006179
140.720676 37.528780 0.007132
140.648464 37.310922 0.311797
140.576663 37.093015 0.310911
140.505267 36.875059 0.358104
140.434268 36.657056 0.141930
140.363661 36.439005 0.134932
140.293440 36.220910 0.901362
140.223598 36.002769 0.888006
140.154130 35.784585 0.015774
140.085029 35.566359 0.010501
140.016289 35.348091 0.008762
139.947905 35.129782 0.006825
139.879871 34.911433 0.000021
