144.855361 40.110362 0.000001
144.767634 39.895766 0.006211
144.680501 39.681072 0.010186
144.593953 39.466283 0.266942
144.507983 39.251398 0.801488
144.422582 39.036420 0.873251
144.337741 38.821350 0.379414
144.253452 38.606190 0.349281
144.169708 38.390941 1.900507
144.086500 38.175604 3.609362
144.003821 37.960180 3.098493
143.921663 37.744672 2.642824
143.840017 37.529080 3.177308
143.758878 37.313406 3.227506
143.678237 37.097651 2.496938
143.598087 36.881816 1.648184
143.518421 36.665903 1.155007
143.439232 36.449912 0.944508
143.360513 36.233846 0.748816
143.282257 36.017705 0.471641
143.204457 35.801491 0.178398
143.127106 35.585205 0.027829
143.050198 35.368847 0.012152
142.973727 35.152420 0.012147
142.897686 34.935924 0.010738
142.822068 34.719360 0.008856
142.746868 34.502730 0.007518
142.672079 34.286035 0.000001
144.578161 40.177021 0.000001
144.491187 39.962183 0.011335
144.404801 39.747249 3.510865
144.318995 39.532223 10.786165
144.233760 39.317105 17.038087
144.149087 39.101896 17.478378
144.064968 38.886598 13.249002
143.981396 38.671213 15.299261
143.898362 38.455741 32.696358
143.815858 38.240184 51.860964
143.733877 38.024544 51.443046
143.652411 37.808822 50.302889
143.571452 37.593019 57.370259
143.490993 37.377136 58.243967
143.411027 37.161175 48.423010
143.331546 36.945137 35.295998
143.252543 36.729023 25.999060
143.174012 36.512835 21.108639
143.095945 36.296573 17.504682
143.018335 36.080239 13.225800
142.941175 35.863835 8.317925
142.864460 35.647360 3.726537
142.788182 35.430818 0.623802
142.712335 35.214208 0.010378
142.636912 34.997531 0.008416
142.561908 34.780790 0.007014
142.487315 34.563985 0.005710
142.413129 34.347117 0.000001
144.300376 40.243036 0.000001
144.214164 40.027960 0.010554
144.128533 39.812791 4.977345
144.043476 39.597532 15.946143
143.958983 39.382184 25.699510
143.875047 39.166748 25.949826
143.791659 38.951226 16.053157
143.708811 38.735619 13.178241
143.626495 38.519929 35.747332
143.544703 38.304157 65.375577
143.463428 38.088304 53.944634
143.382661 37.872371 48.819097
143.302396 37.656361 67.916845
143.222625 37.440273 73.537403
143.143341 37.224110 57.916426
143.064536 37.007872 38.014207
142.986203 36.791562 27.219044
142.908336 36.575179 24.606340
142.830927 36.358726 22.889719
142.753970 36.142203 18.747516
142.677458 35.925612 12.853517
142.601384 35.708954 6.737389
142.525742 35.492229 1.858664
142.450525 35.275440 0.012037
142.375727 35.058588 0.008260
142.301342 34.841672 0.007885
142.227364 34.624696 0.006302
142.153786 34.407659 0.000001
144.022010 40.308403 0.000001
143.936569 40.093092 0.005864
143.851702 39.877692 3.798056
143.767402 39.662204 14.875142
143.683661 39.446630 26.991836
143.600469 39.230971 31.437420
143.517819 39.015229 24.149895
143.435703 38.799405 19.408638
143.354113 38.583501 30.546938
143.273040 38.367517 56.545092
143.192478 38.151455 29.793717
143.112419 37.935316 17.634116
143.032855 37.719102 48.692081
142.953779 37.502813 57.527444
142.875183 37.286452 37.131402
142.797061 37.070019 16.319326
142.719406 36.853515 11.010718
142.642210 36.636942 15.939310
142.565466 36.420301 19.166917
142.489169 36.203593 17.680832
142.413310 35.986819 13.755878
142.337884 35.769981 8.984458
142.262884 35.553079 3.721035
142.188304 35.336114 0.106705
142.114138 35.119089 0.040606
142.040378 34.902004 0.028113
141.967019 34.684859 0.006611
141.894056 34.467657 0.000001
143.743071 40.373117 0.000001
143.658409 40.157575 0.003121
143.574315 39.941947 0.800239
143.490781 39.726235 7.410890
143.407798 39.510439 17.154783
143.325359 39.294562 24.047302
143.243455 39.078603 20.758610
143.162079 38.862566 16.681033
143.081222 38.646451 23.851494
143.000877 38.430259 46.341451
142.921035 38.213992 40.304205
142.841690 37.997651 20.088439
142.762835 37.781237 35.576619
142.684461 37.564752 38.419287
142.606561 37.348196 15.125550
142.529129 37.131571 0.000560
142.452157 36.914878 0.001454
142.375639 36.698119 7.990991
142.299567 36.481294 12.406390
142.223936 36.264404 12.177206
142.148738 36.047452 10.760620
142.073966 35.830437 8.939713
141.999615 35.613361 4.961639
141.925678 35.396226 0.732279
141.852148 35.179031 1.173347
141.779020 34.961779 0.751233
141.706287 34.744471 0.014398
141.633944 34.527107 0.000001
143.467121 40.436367 0.000001
143.383236 40.220602 0.001772
143.299912 40.004754 0.002191
143.217142 39.788823 0.005932
143.134917 39.572813 2.603931
143.053229 39.356723 7.604194
142.972069 39.140556 11.612251
142.891431 38.924312 18.715779
142.811305 38.707992 31.310415
142.731685 38.491600 45.708676
142.652562 38.275134 38.264058
142.573930 38.058597 21.971195
142.495781 37.841990 28.727206
142.418107 37.625314 32.722434
142.340901 37.408570 16.564456
142.264157 37.191760 0.000675
142.187867 36.974884 0.001508
142.112024 36.757944 4.151754
142.036623 36.540942 5.054891
141.961655 36.323877 4.284706
141.887115 36.106752 4.097074
141.812996 35.889566 4.361809
141.739291 35.672323 2.245626
141.665994 35.455022 0.096357
141.593100 35.237664 0.664234
141.520601 35.020252 0.005123
141.448492 34.802785 0.001576
141.376767 34.585265 0.000001
143.193546 40.498309 0.000001
143.110438 40.282326 0.000825
143.027885 40.066263 0.001243
142.945879 39.850122 0.001239
142.864411 39.633902 0.000974
142.783474 39.417607 0.001299
142.703058 39.201236 0.469739
142.623157 38.984791 7.205016
142.543763 38.768274 19.633700
142.464867 38.551686 25.154127
142.386463 38.335028 13.419171
142.308542 38.118301 11.932436
142.231098 37.901507 19.607264
142.154124 37.684646 23.750189
142.077612 37.467720 18.781091
142.001555 37.250731 5.118688
141.925946 37.033678 0.000838
141.850778 36.816564 0.004031
141.776046 36.599389 0.022341
141.701741 36.382154 0.003625
141.627858 36.164862 0.007437
141.554390 35.947512 1.097613
141.481331 35.730106 0.969626
141.408675 35.512645 0.003870
141.336414 35.295130 0.001892
141.264544 35.077562 0.000685
141.193058 34.859943 0.000453
141.121950 34.642272 0.000001
142.918811 40.559754 0.000001
142.836490 40.343558 0.000494
142.754717 40.127285 0.000836
142.673484 39.910935 0.001213
142.592783 39.694510 0.001392
142.512605 39.478012 2.256843
142.432943 39.261442 5.179827
142.353788 39.044800 0.004880
142.275133 38.828089 1.375583
142.196971 38.611309 3.227474
142.119294 38.394462 3.412084
142.042094 38.177549 8.090992
141.965364 37.960571 5.644208
141.889098 37.743529 1.574527
141.813287 37.526424 0.004073
141.737925 37.309258 0.000627
141.663005 37.092032 0.000711
141.588521 36.874746 1.421019
141.514465 36.657403 2.589340
141.440831 36.440002 0.019955
141.367613 36.222546 0.004047
141.294804 36.005035 1.776292
141.222398 35.787470 2.963207
141.150388 35.569852 0.125241
141.078769 35.352183 0.000514
141.007535 35.134463 0.000228
140.936678 34.916694 0.000185
140.866194 34.698876 0.000001
142.648485 40.619479 0.000001
142.566945 40.403077 0.000328
142.485946 40.186601 0.000924
142.405480 39.970051 0.903065
142.325539 39.753429 2.600768
142.246115 39.536735 4.387404
142.167199 39.319973 8.120478
142.088785 39.103142 5.768293
142.010864 38.886243 9.512835
141.933429 38.669279 11.001503
141.856472 38.452250 9.317633
141.779986 38.235157 14.451199
141.703964 38.018002 14.709282
141.628399 37.800786 8.776536
141.553284 37.583510 7.502248
141.478611 37.366175 8.363613
141.404374 37.148782 7.697692
141.330567 36.931332 9.717874
141.257182 36.713826 8.451730
141.184213 36.496266 4.745010
141.111653 36.278653 3.759054
141.039497 36.060987 3.740544
140.967738 35.843269 1.025671
140.896369 35.625502 0.000773
140.825386 35.407685 0.000252
140.754780 35.189820 0.000110
140.684548 34.971907 0.000084
140.614682 34.753948 0.000001
142.383789 40.677245 0.000001
142.303020 40.460646 0.000162
142.222784 40.243974 0.000291
142.143075 40.027232 0.000386
142.063884 39.810421 0.000281
141.985203 39.593541 0.000207
141.907024 39.376594 0.000305
141.829340 39.159581 0.000425
141.752143 38.942504 0.000635
141.675425 38.725363 2.808692
141.599179 38.508160 0.000235
141.523398 38.290896 0.000124
141.448074 38.073572 0.000422
141.373201 37.856189 0.004458
141.298771 37.638749 0.001295
141.224778 37.421252 0.001705
141.151214 37.203699 0.000488
141.078074 36.986093 0.000239
141.005350 36.768432 0.000225
140.933037 36.550720 0.000398
140.861127 36.332957 0.002951
140.789614 36.115143 0.002743
140.718493 35.897280 0.001466
140.647756 35.679369 0.000672
140.577399 35.461412 0.000189
140.507414 35.243408 0.000081
140.437797 35.025359 0.000052
140.368541 34.807266 0.000001
142.120584 40.733988 0.000001
142.040586 40.517197 0.000105
141.961115 40.300336 0.000146
141.882164 40.083407 0.000173
141.803725 39.866412 0.000186
141.725788 39.649350 0.000318
141.648347 39.432224 0.001601
141.571395 39.215035 0.001597
141.494922 38.997784 0.000876
141.418922 38.780472 0.300327
141.343388 38.563100 0.000415
141.268313 38.345669 0.000288
141.193688 38.128181 2.348933
141.119507 37.910636 2.362141
141.045764 37.693036 0.000264
140.972451 37.475383 0.000185
140.899562 37.257675 0.000175
140.827090 37.039916 0.000109
140.755028 36.822106 0.000108
140.683371 36.604246 0.000171
140.612111 36.386337 0.000416
140.541243 36.168381 0.001065
140.470760 35.950377 0.001076
140.400656 35.732328 0.000517
140.330925 35.514234 0.000151
140.261561 35.296096 0.000066
140.192559 35.077915 0.000040
140.123913 34.859692 0.000001
141.857873 40.789933 0.000001
141.778651 40.572954 0.000365
141.699950 40.355909 0.001031
141.621761 40.138798 0.009094
141.544077 39.921622 0.019681
141.466889 39.704383 2.123564
141.390190 39.487083 2.077488
141.313972 39.269721 0.593006
141.238228 39.052300 1.751291
141.162951 38.834821 4.014989
141.088132 38.617284 2.199697
141.013765 38.399691 0.683751
140.939843 38.182043 5.133082
140.866359 37.964341 1.667545
140.793305 37.746586 0.000787
140.720676 37.528780 0.001119
140.648464 37.310922 2.071070
140.576663 37.093015 0.726682
140.505267 36.875059 0.010361
140.434268 36.657056 0.002206
140.363661 36.439005 0.002005
140.293440 36.220910 0.035816
140.223598 36.002769 0.001561
140.154130 35.784585 0.000305
140.085029 35.566359 0.000118
140.016289 35.348091 0.000063
139.947905 35.129782 0.000042
139.879871 34.911433 0.000001
