81.836479 11.993977 0.000942 X000
83.672913 11.987956 0.000974 X001
85.509300 11.981938 0.001005 X002
87.345657 11.975924 0.001037 X003
89.181969 11.969913 0.001068 X004
91.018242 11.963904 0.001096 X005
92.854477 11.957899 0.001120 X006
94.690666 11.951898 0.001140 X007
96.526817 11.945898 0.001153 X008
98.362923 11.939902 0.001158 X009
100.198997 11.933909 0.001154 X00A
102.035027 11.927920 0.001139 X00B
103.871017 11.921934 0.001112 X00C
105.706963 11.915951 0.001071 X00D
107.542870 11.909970 0.001017 X00E
109.378738 11.903993 0.000951 X00F
111.214569 11.898019 0.000875 X010
113.050362 11.892048 0.000792 X011
114.886108 11.886080 0.000704 X012
116.721817 11.880115 0.000611 X013
118.557487 11.874153 0.000516 X014
120.393112 11.868194 0.000420 X015
122.228706 11.862238 0.000326 X016
124.064255 11.856286 0.000245 X017
125.899765 11.850336 0.000206 X018
127.735229 11.844390 0.000240 X019
129.570663 11.838447 0.000320 X01A
131.406052 11.832506 0.000407 X01B
133.241409 11.826569 0.000476 X01C
135.076721 11.820635 0.000509 X01D
136.911987 11.814703 0.000496 X01E
138.747223 11.808775 0.000436 X01F
140.582413 11.802850 0.000347 X020
142.417572 11.796928 0.000292 X021
144.252686 11.791009 0.000380 X022
146.087753 11.785093 0.000587 X023
147.922791 11.779181 0.000842 X024
149.757782 11.773271 0.001109 X025
151.592743 11.767365 0.001369 X026
153.427658 11.761460 0.001612 X027
155.262543 11.755560 0.001832 X028
157.097382 11.749662 0.002025 X029
158.932175 11.743768 0.002188 X02A
160.766937 11.737876 0.002319 X02B
162.601669 11.731988 0.002414 X02C
164.436356 11.726102 0.002467 X02D
166.270996 11.720220 0.002472 X02E
168.105606 11.714340 0.002429 X02F
169.940170 11.708464 0.002345 X030
171.774704 11.702591 0.002231 X031
173.609192 11.696720 0.002097 X032
175.443634 11.690853 0.001956 X033
177.278061 11.684989 0.001817 X034
179.112427 11.679128 0.001689 X035
180.946762 11.673269 0.001582 X036
182.781067 11.667414 0.001500 X037
184.615326 11.661562 0.001438 X038
186.449539 11.655713 0.001393 X039
188.283722 11.649866 0.001359 X03A
190.117874 11.644024 0.001334 X03B
191.951965 11.638184 0.001313 X03C
193.786041 11.632346 0.001293 X03D
195.620071 11.626513 0.001269 X03E
197.454056 11.620681 0.001241 X03F
199.288010 11.614853 0.001206 X040
201.121933 11.609028 0.001166 X041
81.849709 13.800868 0.001023 X042
83.699356 13.793908 0.001061 X043
85.548950 13.786952 0.001100 X044
87.398491 13.780000 0.001139 X045
89.247978 13.773050 0.001176 X046
91.097412 13.766105 0.001210 X047
92.946793 13.759163 0.001240 X048
94.796112 13.752225 0.001265 X049
96.645386 13.745291 0.001282 X04A
98.494598 13.738359 0.001291 X04B
100.343758 13.731432 0.001289 X04C
102.192863 13.724508 0.001275 X04D
104.041916 13.717588 0.001247 X04E
105.890915 13.710672 0.001204 X04F
107.739853 13.703759 0.001150 X050
109.588745 13.696851 0.001085 X051
111.437584 13.689945 0.001012 X052
113.286362 13.683043 0.000933 X053
115.135086 13.676145 0.000849 X054
116.983765 13.669250 0.000759 X055
118.832382 13.662359 0.000664 X056
120.680946 13.655472 0.000560 X057
122.529465 13.648587 0.000447 X058
124.377922 13.641707 0.000330 X059
126.226326 13.634830 0.000241 X05A
128.074677 13.627957 0.000245 X05B
129.922974 13.621088 0.000339 X05C
131.771225 13.614222 0.000450 X05D
133.619415 13.607360 0.000535 X05E
135.467560 13.600501 0.000567 X05F
137.315643 13.593646 0.000533 X060
139.163681 13.586794 0.000438 X061
141.011658 13.579947 0.000325 X062
142.859573 13.573102 0.000346 X063
144.707458 13.566261 0.000569 X064
146.555267 13.559423 0.000877 X065
148.403046 13.552590 0.001203 X066
150.250763 13.545760 0.001514 X067
152.098419 13.538934 0.001793 X068
153.946030 13.532110 0.002033 X069
155.793594 13.525291 0.002234 X06A
157.641098 13.518476 0.002400 X06B
159.488541 13.511662 0.002535 X06C
161.335938 13.504854 0.002640 X06D
163.183289 13.498049 0.002715 X06E
165.030594 13.491247 0.002756 X06F
166.877838 13.484449 0.002756 X070
168.725021 13.477654 0.002708 X071
170.572159 13.470864 0.002611 X072
172.419250 13.464076 0.002477 X073
174.266281 13.457293 0.002317 X074
176.113266 13.450512 0.002146 X075
177.960190 13.443735 0.001976 X076
179.807068 13.436962 0.001816 X077
181.653900 13.430193 0.001677 X078
183.500671 13.423427 0.001567 X079
185.347397 13.416664 0.001483 X07A
187.194077 13.409904 0.001422 X07B
189.040695 13.403149 0.001376 X07C
190.887253 13.396397 0.001342 X07D
192.733780 13.389648 0.001315 X07E
194.580246 13.382903 0.001290 X07F
196.426651 13.376162 0.001264 X080
198.273026 13.369424 0.001234 X081
200.119339 13.362689 0.001198 X082
81.864983 15.607481 0.001108 X083
83.729897 15.599567 0.001153 X084
85.594742 15.591659 0.001199 X085
87.459511 15.583754 0.001245 X086
89.324211 15.575852 0.001289 X087
91.188835 15.567956 0.001330 X088
93.053398 15.560064 0.001366 X089
94.917885 15.552176 0.001396 X08A
96.782295 15.544291 0.001418 X08B
98.646645 15.536412 0.001431 X08C
100.510918 15.528537 0.001431 X08D
102.375114 15.520665 0.001417 X08E
104.239250 15.512798 0.001389 X08F
106.103310 15.504935 0.001349 X090
107.967300 15.497076 0.001298 X091
109.831223 15.489222 0.001240 X092
111.695068 15.481371 0.001177 X093
113.558853 15.473525 0.001109 X094
115.422562 15.465683 0.001037 X095
117.286201 15.457845 0.000957 X096
119.149773 15.450011 0.000863 X097
121.013268 15.442182 0.000746 X098
122.876701 15.434356 0.000605 X099
124.740059 15.426535 0.000446 X09A
126.603348 15.418717 0.000302 X09B
128.466568 15.410905 0.000268 X09C
130.329727 15.403096 0.000375 X09D
132.192810 15.395291 0.000511 X09E
134.055817 15.387490 0.000603 X09F
135.918762 15.379694 0.000618 X0A0
137.781631 15.371902 0.000543 X0A1
139.644440 15.364114 0.000395 X0A2
141.507172 15.356330 0.000317 X0A3
143.369843 15.348550 0.000548 X0A4
145.232437 15.340775 0.000946 X0A5
147.094971 15.333002 0.001383 X0A6
148.957428 15.325235 0.001805 X0A7
150.819809 15.317472 0.002172 X0A8
152.682129 15.309712 0.002466 X0A9
154.544388 15.301957 0.002679 X0AA
156.406570 15.294207 0.002823 X0AB
158.268692 15.286459 0.002918 X0AC
160.130737 15.278717 0.002981 X0AD
161.992722 15.270978 0.003023 X0AE
163.854630 15.263244 0.003046 X0AF
165.716476 15.255513 0.003050 X0B0
167.578247 15.247787 0.003027 X0B1
169.439957 15.240065 0.002966 X0B2
171.301605 15.232346 0.002857 X0B3
173.163162 15.224632 0.002703 X0B4
175.024673 15.216922 0.002518 X0B5
176.886108 15.209216 0.002319 X0B6
178.747482 15.201514 0.002118 X0B7
180.608780 15.193816 0.001929 X0B8
182.470016 15.186123 0.001761 X0B9
184.331177 15.178433 0.001623 X0BA
186.192276 15.170748 0.001519 X0BB
188.053314 15.163066 0.001441 X0BC
189.914276 15.155389 0.001384 X0BD
191.775177 15.147716 0.001342 X0BE
193.636002 15.140046 0.001308 X0BF
195.496765 15.132381 0.001279 X0C0
197.357468 15.124720 0.001251 X0C1
199.218094 15.117063 0.001219 X0C2
201.078659 15.109410 0.001182 X0C3
81.882393 17.413780 0.001196 X0C4
83.764694 17.404898 0.001249 X0C5
85.646912 17.396019 0.001302 X0C6
87.529030 17.387146 0.001355 X0C7
89.411064 17.378277 0.001407 X0C8
91.292999 17.369413 0.001454 X0C9
93.174850 17.360556 0.001497 X0CA
95.056610 17.351702 0.001533 X0CB
96.938278 17.342852 0.001560 X0CC
98.819855 17.334007 0.001576 X0CD
100.701347 17.325167 0.001578 X0CE
102.582748 17.316332 0.001566 X0CF
104.464058 17.307503 0.001542 X0D0
106.345276 17.298677 0.001509 X0D1
108.226402 17.289856 0.001470 X0D2
110.107445 17.281040 0.001427 X0D3
111.988396 17.272230 0.001383 X0D4
113.869255 17.263424 0.001337 X0D5
115.750031 17.254622 0.001285 X0D6
117.630707 17.245825 0.001215 X0D7
119.511307 17.237034 0.001116 X0D8
121.391808 17.228247 0.000977 X0D9
123.272224 17.219463 0.000795 X0DA
125.152550 17.210686 0.000581 X0DB
127.032791 17.201914 0.000378 X0DC
128.912949 17.193144 0.000311 X0DD
130.792999 17.184381 0.000437 X0DE
132.672974 17.175623 0.000594 X0DF
134.552856 17.166868 0.000686 X0E0
136.432663 17.158119 0.000673 X0E1
138.312363 17.149374 0.000541 X0E2
140.191986 17.140635 0.000347 X0E3
142.071518 17.131899 0.000456 X0E4
143.950974 17.123169 0.000934 X0E5
145.830322 17.114443 0.001523 X0E6
147.709595 17.105722 0.002123 X0E7
149.588776 17.097006 0.002668 X0E8
151.467865 17.088295 0.003108 X0E9
153.346878 17.079588 0.003415 X0EA
155.225800 17.070887 0.003588 X0EB
157.104630 17.062189 0.003643 X0EC
158.983383 17.053495 0.003617 X0ED
160.862045 17.044807 0.003552 X0EE
162.740616 17.036123 0.003482 X0EF
164.619095 17.027445 0.003417 X0F0
166.497498 17.018772 0.003354 X0F1
168.375809 17.010101 0.003285 X0F2
170.254044 17.001438 0.003195 X0F3
172.132187 16.992777 0.003069 X0F4
174.010239 16.984121 0.002897 X0F5
175.888214 16.975471 0.002688 X0F6
177.766098 16.966825 0.002462 X0F7
179.643890 16.958183 0.002234 X0F8
181.521591 16.949547 0.002018 X0F9
183.399231 16.940916 0.001824 X0FA
185.276764 16.932287 0.001663 X0FB
187.154221 16.923666 0.001540 X0FC
189.031586 16.915047 0.001448 X0FD
190.908875 16.906433 0.001381 X0FE
192.786072 16.897825 0.001331 X0FF
194.663177 16.889221 0.001292 X100
196.540207 16.880621 0.001260 X101
198.417160 16.872026 0.001229 X102
200.294006 16.863436 0.001196 X103
81.902031 19.219734 0.001287 X104
83.803940 19.209864 0.001347 X105
85.705742 19.199997 0.001409 X106
87.607430 19.190138 0.001469 X107
89.509003 19.180283 0.001528 X108
91.410469 19.170433 0.001583 X109
93.311813 19.160589 0.001632 X10A
95.213051 19.150751 0.001674 X10B
97.114174 19.140919 0.001706 X10C
99.015182 19.131092 0.001726 X10D
100.916084 19.121269 0.001731 X10E
102.816864 19.111452 0.001725 X10F
104.717545 19.101641 0.001711 X110
106.618103 19.091835 0.001692 X111
108.518555 19.082035 0.001674 X112
110.418892 19.072241 0.001658 X113
112.319115 19.062450 0.001645 X114
114.219231 19.052668 0.001632 X115
116.119240 19.042889 0.001601 X116
118.019127 19.033115 0.001536 X117
119.918907 19.023348 0.001421 X118
121.818581 19.013584 0.001244 X119
123.718140 19.003828 0.001004 X11A
125.617592 18.994076 0.000723 X11B
127.516930 18.984329 0.000462 X11C
129.416153 18.974588 0.000371 X11D
131.315277 18.964853 0.000514 X11E
133.214279 18.955122 0.000693 X11F
135.113174 18.945398 0.000791 X120
137.011963 18.935678 0.000754 X121
138.910645 18.925964 0.000561 X122
140.809219 18.916254 0.000364 X123
142.707672 18.906551 0.000741 X124
144.606018 18.896852 0.001467 X125
146.504257 18.887161 0.002290 X126
148.402390 18.877474 0.003096 X127
150.300415 18.867790 0.003792 X128
152.198318 18.858114 0.004315 X129
154.096130 18.848442 0.004629 X12A
155.993820 18.838776 0.004738 X12B
157.891418 18.829115 0.004674 X12C
159.788895 18.819460 0.004489 X12D
161.686264 18.809811 0.004248 X12E
163.583527 18.800165 0.004012 X12F
165.480682 18.790525 0.003817 X130
167.377716 18.780891 0.003660 X131
169.274658 18.771261 0.003525 X132
171.171494 18.761639 0.003392 X133
173.068222 18.752020 0.003240 X134
174.964828 18.742407 0.003048 X135
176.861343 18.732800 0.002817 X136
178.757736 18.723196 0.002567 X137
180.654037 18.713598 0.002314 X138
182.550217 18.704006 0.002074 X139
184.446304 18.694420 0.001860 X13A
186.342285 18.684839 0.001680 X13B
188.238144 18.675262 0.001541 X13C
190.133911 18.665691 0.001439 X13D
192.029556 18.656126 0.001364 X13E
193.925110 18.646566 0.001309 X13F
195.820557 18.637011 0.001267 X140
197.715897 18.627460 0.001231 X141
199.611115 18.617916 0.001198 X142
201.506241 18.608376 0.001163 X143
81.923996 21.025311 0.001379 X144
83.847855 21.014431 0.001448 X145
85.771568 21.003557 0.001517 X146
87.695145 20.992689 0.001586 X147
89.618584 20.981827 0.001652 X148
91.541885 20.970972 0.001715 X149
93.465042 20.960121 0.001771 X14A
95.388062 20.949278 0.001819 X14B
97.310944 20.938442 0.001856 X14C
99.233688 20.927610 0.001879 X14D
101.156296 20.916786 0.001892 X14E
103.078766 20.905968 0.001897 X14F
105.001099 20.895155 0.001901 X150
106.923294 20.884348 0.001908 X151
108.845352 20.873547 0.001923 X152
110.767265 20.862753 0.001948 X153
112.689049 20.851965 0.001980 X154
114.610695 20.841183 0.002001 X155
116.532204 20.830406 0.001987 X156
118.453575 20.819635 0.001917 X157
120.374809 20.808872 0.001769 X158
122.295906 20.798115 0.001535 X159
124.216866 20.787363 0.001232 X15A
126.137695 20.776617 0.000896 X15B
128.058380 20.765877 0.000586 X15C
129.978943 20.755142 0.000442 X15D
131.899353 20.744415 0.000574 X15E
133.819641 20.733694 0.000792 X15F
135.739792 20.722979 0.000931 X160
137.659805 20.712269 0.000896 X161
139.579681 20.701565 0.000643 X162
141.499435 20.690868 0.000479 X163
143.419037 20.680176 0.001154 X164
145.338516 20.669491 0.002191 X165
147.257858 20.658812 0.003306 X166
149.177063 20.648138 0.004343 X167
151.096146 20.637470 0.005189 X168
153.015076 20.626810 0.005773 X169
154.933884 20.616154 0.006066 X16A
156.852554 20.605505 0.006074 X16B
158.771103 20.594862 0.005849 X16C
160.689499 20.584223 0.005468 X16D
162.607773 20.573593 0.005018 X16E
164.525925 20.562967 0.004580 X16F
166.443924 20.552347 0.004220 X170
168.361801 20.541733 0.003946 X171
170.279541 20.531126 0.003732 X172
172.197159 20.520525 0.003547 X173
174.114639 20.509930 0.003362 X174
176.031982 20.499338 0.003148 X175
177.949203 20.488756 0.002896 X176
179.866287 20.478178 0.002623 X177
181.783234 20.467606 0.002350 X178
183.700058 20.457039 0.002091 X179
185.616745 20.446480 0.001861 X17A
187.533310 20.435925 0.001669 X17B
189.449738 20.425377 0.001521 X17C
191.366043 20.414835 0.001412 X17D
193.282211 20.404299 0.001333 X17E
195.198242 20.393768 0.001275 X17F
197.114151 20.383244 0.001230 X180
199.029938 20.372725 0.001193 X181
200.945587 20.362213 0.001159 X182
81.948425 22.830481 0.001473 X183
83.896675 22.818567 0.001550 X184
85.844757 22.806662 0.001628 X185
87.792671 22.794762 0.001704 X186
89.740417 22.782869 0.001779 X187
91.687996 22.770985 0.001849 X188
93.635406 22.759106 0.001912 X189
95.582642 22.747234 0.001966 X18A
97.529716 22.735369 0.002008 X18B
99.476624 22.723511 0.002039 X18C
101.423355 22.711660 0.002064 X18D
103.369926 22.699816 0.002089 X18E
105.316330 22.687979 0.002121 X18F
107.262558 22.676147 0.002166 X190
109.208626 22.664324 0.002231 X191
111.154533 22.652508 0.002312 X192
113.100266 22.640697 0.002392 X193
115.045830 22.628895 0.002443 X194
116.991234 22.617098 0.002437 X195
118.936470 22.605309 0.002346 X196
120.881538 22.593525 0.002153 X197
122.826447 22.581749 0.001876 X198
124.771187 22.569981 0.001546 X199
126.715759 22.558218 0.001188 X19A
128.660172 22.546463 0.000834 X19B
130.604416 22.534714 0.000563 X19C
132.548492 22.522972 0.000602 X19D
134.492416 22.511236 0.000905 X19E
136.436172 22.499508 0.001157 X19F
138.379761 22.487785 0.001150 X1A0
140.323181 22.476070 0.000796 X1A1
142.266449 22.464363 0.000725 X1A2
144.209549 22.452662 0.001844 X1A3
146.152481 22.440968 0.003325 X1A4
148.095261 22.429279 0.004795 X1A5
150.037872 22.417599 0.006044 X1A6
151.980316 22.405924 0.006956 X1A7
153.922607 22.394255 0.007492 X1A8
155.864731 22.382595 0.007665 X1A9
157.806686 22.370941 0.007507 X1AA
159.748489 22.359293 0.007071 X1AB
161.690125 22.347652 0.006455 X1AC
163.631607 22.336018 0.005771 X1AD
165.572922 22.324390 0.005118 X1AE
167.514084 22.312769 0.004579 X1AF
169.455078 22.301155 0.004180 X1B0
171.395920 22.289547 0.003884 X1B1
173.336594 22.277946 0.003647 X1B2
175.277115 22.266354 0.003428 X1B3
177.217468 22.254765 0.003191 X1B4
179.157654 22.243185 0.002918 X1B5
181.097702 22.231609 0.002626 X1B6
183.037582 22.220043 0.002336 X1B7
184.977295 22.208483 0.002065 X1B8
186.916855 22.196928 0.001825 X1B9
188.856262 22.185381 0.001627 X1BA
190.795502 22.173840 0.001476 X1BB
192.734589 22.162306 0.001367 X1BC
194.673508 22.150778 0.001287 X1BD
196.612274 22.139256 0.001229 X1BE
198.550888 22.127741 0.001184 X1BF
200.489349 22.116234 0.001146 X1C0
81.975456 24.635214 0.001567 X1C1
83.950699 24.622240 0.001652 X1C2
85.925743 24.609276 0.001738 X1C3
87.900589 24.596319 0.001823 X1C4
89.875229 24.583368 0.001905 X1C5
91.849663 24.570427 0.001983 X1C6
93.823898 24.557493 0.002053 X1C7
95.797928 24.544567 0.002113 X1C8
97.771751 24.531649 0.002162 X1C9
99.745377 24.518738 0.002206 X1CA
101.718803 24.505833 0.002251 X1CB
103.692024 24.492937 0.002306 X1CC
105.665047 24.480049 0.002380 X1CD
107.637871 24.467169 0.002480 X1CE
109.610489 24.454296 0.002610 X1CF
111.582916 24.441431 0.002752 X1D0
113.555130 24.428574 0.002876 X1D1
115.527153 24.415724 0.002952 X1D2
117.498978 24.402882 0.002941 X1D3
119.470596 24.390047 0.002823 X1D4
121.442017 24.377220 0.002623 X1D5
123.413246 24.364401 0.002372 X1D6
125.384270 24.351589 0.002091 X1D7
127.355095 24.338785 0.001775 X1D8
129.325729 24.325989 0.001376 X1D9
131.296158 24.313200 0.000897 X1DA
133.266388 24.300419 0.000675 X1DB
135.236435 24.287643 0.001114 X1DC
137.206268 24.274878 0.001568 X1DD
139.175903 24.262119 0.001561 X1DE
141.145355 24.249369 0.000982 X1DF
143.114609 24.236624 0.001330 X1E0
145.083664 24.223888 0.003216 X1E1
147.052521 24.211161 0.005316 X1E2
149.021179 24.198439 0.007139 X1E3
150.989655 24.185724 0.008454 X1E4
152.957932 24.173019 0.009215 X1E5
154.926010 24.160320 0.009485 X1E6
156.893890 24.147629 0.009357 X1E7
158.861572 24.134947 0.008913 X1E8
160.829071 24.122271 0.008209 X1E9
162.796371 24.109602 0.007327 X1EA
164.763489 24.096941 0.006400 X1EB
166.730392 24.084288 0.005540 X1EC
168.697113 24.071640 0.004835 X1ED
170.663651 24.059002 0.004324 X1EE
172.629990 24.046371 0.003959 X1EF
174.596130 24.033747 0.003678 X1F0
176.562088 24.021132 0.003429 X1F1
178.527847 24.008522 0.003170 X1F2
180.493408 23.995920 0.002878 X1F3
182.458786 23.983326 0.002572 X1F4
184.423981 23.970739 0.002271 X1F5
186.388977 23.958160 0.001994 X1F6
188.353775 23.945589 0.001752 X1F7
190.318405 23.933025 0.001556 X1F8
192.282822 23.920467 0.001410 X1F9
194.247055 23.907919 0.001304 X1FA
196.211105 23.895376 0.001227 X1FB
198.174957 23.882841 0.001171 X1FC
200.138626 23.870314 0.001128 X1FD
82.005249 26.439484 0.001660 X1FE
84.010254 26.425421 0.001753 X1FF
86.015015 26.411367 0.001847 X200
88.019539 26.397322 0.001941 X201
90.023819 26.383286 0.002031 X202
92.027855 26.369259 0.002116 X203
94.031647 26.355238 0.002192 X204
96.035194 26.341228 0.002259 X205
98.038506 26.327227 0.002320 X206
100.041580 26.313232 0.002384 X207
102.044411 26.299248 0.002459 X208
104.046997 26.285271 0.002556 X209
106.049347 26.271303 0.002686 X20A
108.051460 26.257345 0.002859 X20B
110.053329 26.243393 0.003060 X20C
112.054962 26.229452 0.003261 X20D
114.056358 26.215517 0.003427 X20E
116.057510 26.201593 0.003515 X20F
118.058434 26.187675 0.003501 X210
120.059113 26.173767 0.003417 X211
122.059555 26.159868 0.003310 X212
124.059761 26.145977 0.003215 X213
126.059731 26.132093 0.003109 X214
128.059464 26.118219 0.002874 X215
130.058960 26.104353 0.002378 X216
132.058212 26.090496 0.001579 X217
134.057251 26.076647 0.000923 X218
136.056030 26.062807 0.001545 X219
138.054596 26.048975 0.002271 X21A
140.052917 26.035151 0.002093 X21B
142.050995 26.021336 0.001204 X21C
144.048859 26.007528 0.003017 X21D
146.046478 25.993731 0.006123 X21E
148.043869 25.979940 0.008901 X21F
150.041016 25.966160 0.010805 X220
152.037933 25.952385 0.011764 X221
154.034622 25.938622 0.011962 X222
156.031082 25.924864 0.011643 X223
158.027313 25.911116 0.010998 X224
160.023300 25.897377 0.010138 X225
162.019073 25.883646 0.009111 X226
164.014603 25.869923 0.007957 X227
166.009903 25.856207 0.006802 X228
168.004974 25.842501 0.005767 X229
169.999817 25.828802 0.004937 X22A
171.994431 25.815113 0.004350 X22B
173.988815 25.801432 0.003940 X22C
175.982971 25.787758 0.003632 X22D
177.976898 25.774094 0.003363 X22E
179.970596 25.760437 0.003085 X22F
181.964066 25.746788 0.002777 X230
183.957306 25.733149 0.002461 X231
185.950317 25.719517 0.002157 X232
187.943115 25.705893 0.001881 X233
189.935669 25.692278 0.001646 X234
191.928009 25.678671 0.001459 X235
193.920120 25.665071 0.001323 X236
195.912003 25.651482 0.001226 X237
197.903656 25.637897 0.001156 X238
199.895096 25.624325 0.001104 X239
201.886307 25.610758 0.001063 X23A
82.038002 28.243263 0.001751 X23B
84.075706 28.228077 0.001852 X23C
86.113136 28.212902 0.001954 X23D
88.150269 28.197737 0.002056 X23E
90.187111 28.182579 0.002154 X23F
92.223679 28.167433 0.002246 X240
94.259949 28.152296 0.002329 X241
96.295937 28.137167 0.002406 X242
98.331635 28.122049 0.002485 X243
100.367050 28.106941 0.002576 X244
102.402184 28.091841 0.002691 X245
104.437035 28.076752 0.002844 X246
106.471596 28.061672 0.003050 X247
108.505875 28.046600 0.003302 X248
110.539871 28.031540 0.003575 X249
112.573578 28.016489 0.003832 X24A
114.607010 28.001446 0.004029 X24B
116.640160 27.986414 0.004135 X24C
118.673019 27.971390 0.004190 X24D
120.705605 27.956377 0.004268 X24E
122.737907 27.941372 0.004434 X24F
124.769936 27.926378 0.004680 X250
126.801674 27.911392 0.004848 X251
128.833130 27.896416 0.004704 X252
130.864319 27.881451 0.004032 X253
132.895218 27.866493 0.002760 X254
134.925842 27.851545 0.001465 X255
136.956192 27.836607 0.002314 X256
138.986267 27.821678 0.003341 X257
141.016052 27.806759 0.002532 X258
143.045563 27.791849 0.002693 X259
145.074814 27.776947 0.007416 X25A
147.103775 27.762056 0.012053 X25B
149.132446 27.747173 0.014991 X25C
151.160858 27.732302 0.016070 X25D
153.188995 27.717438 0.015837 X25E
155.216858 27.702583 0.014892 X25F
157.244446 27.687738 0.013649 X260
159.271759 27.672903 0.012326 X261
161.298798 27.658077 0.010992 X262
163.325562 27.643259 0.009634 X263
165.352051 27.628452 0.008235 X264
167.378265 27.613653 0.006901 X265
169.404205 27.598864 0.005749 X266
171.429886 27.584084 0.004858 X267
173.455292 27.569313 0.004245 X268
175.480423 27.554552 0.003825 X269
177.505280 27.539801 0.003509 X26A
179.529877 27.525057 0.003229 X26B
181.554199 27.510323 0.002935 X26C
183.578247 27.495598 0.002616 X26D
185.602036 27.480883 0.002297 X26E
187.625549 27.466177 0.001997 X26F
189.648788 27.451479 0.001731 X270
191.671768 27.436792 0.001511 X271
193.694473 27.422113 0.001343 X272
195.716919 27.407444 0.001223 X273
197.739105 27.392782 0.001138 X274
199.761002 27.378132 0.001076 X275
201.782654 27.363489 0.001030 X276
82.073914 30.046530 0.001838 X277
84.147491 30.030184 0.001947 X278
86.220726 30.013849 0.002058 X279
88.293617 29.997524 0.002167 X27A
90.366173 29.981211 0.002272 X27B
92.438393 29.964907 0.002370 X27C
94.510277 29.948614 0.002462 X27D
96.581818 29.932333 0.002554 X27E
98.653023 29.916061 0.002657 X27F
100.723892 29.899801 0.002785 X280
102.794418 29.883553 0.002952 X281
104.864616 29.867313 0.003178 X282
106.934479 29.851084 0.003468 X283
109.004005 29.834866 0.003800 X284
111.073204 29.818659 0.004141 X285
113.142059 29.802462 0.004447 X286
115.210587 29.786276 0.004676 X287
117.278778 29.770100 0.004873 X288
119.346642 29.753935 0.005138 X289
121.414177 29.737780 0.005588 X28A
123.481377 29.721636 0.006267 X28B
125.548241 29.705502 0.007024 X28C
127.614784 29.689379 0.007590 X28D
129.680984 29.673265 0.007648 X28E
131.746872 29.657164 0.006881 X28F
133.812424 29.641071 0.005034 X290
135.877640 29.624990 0.002670 X291
137.942535 29.608919 0.003584 X292
140.007111 29.592859 0.004876 X293
142.071350 29.576809 0.003005 X294
144.135254 29.560768 0.009027 X295
146.198853 29.544739 0.017563 X296
148.262115 29.528721 0.022728 X297
150.325058 29.512712 0.023860 X298
152.387665 29.496714 0.022378 X299
154.449951 29.480726 0.019884 X29A
156.511917 29.464750 0.017321 X29B
158.573563 29.448782 0.015021 X29C
160.634888 29.432825 0.013037 X29D
162.695892 29.416880 0.011293 X29E
164.756561 29.400944 0.009671 X29F
166.816925 29.385017 0.008098 X2A0
168.876953 29.369102 0.006665 X2A1
170.936676 29.353197 0.005479 X2A2
172.996063 29.337303 0.004604 X2A3
175.055145 29.321417 0.004022 X2A4
177.113907 29.305544 0.003624 X2A5
179.172333 29.289679 0.003316 X2A6
181.230453 29.273825 0.003031 X2A7
183.288269 29.257982 0.002724 X2A8
185.345749 29.242147 0.002401 X2A9
187.402924 29.226326 0.002087 X2AA
189.459778 29.210512 0.001801 X2AB
191.516312 29.194710 0.001555 X2AC
193.572540 29.178917 0.001359 X2AD
195.628448 29.163134 0.001215 X2AE
197.684052 29.147362 0.001114 X2AF
199.739319 29.131599 0.001043 X2B0
201.794296 29.115849 0.000991 X2B1
82.113243 31.849258 0.001921 X2B2
84.226082 31.831711 0.002038 X2B3
86.338516 31.814175 0.002155 X2B4
88.450562 31.796650 0.002271 X2B5
90.562202 31.779137 0.002383 X2B6
92.673447 31.761637 0.002489 X2B7
94.784294 31.744148 0.002592 X2B8
96.894745 31.726671 0.002704 X2B9
99.004799 31.709208 0.002838 X2BA
101.114464 31.691753 0.003012 X2BB
103.223724 31.674313 0.003245 X2BC
105.332596 31.656883 0.003555 X2BD
107.441078 31.639465 0.003930 X2BE
109.549164 31.622061 0.004339 X2BF
111.656860 31.604666 0.004742 X2C0
113.764160 31.587284 0.005089 X2C1
115.871071 31.569914 0.005412 X2C2
117.977592 31.552555 0.005835 X2C3
120.083725 31.535208 0.006525 X2C4
122.189461 31.517872 0.007617 X2C5
124.294815 31.500547 0.009028 X2C6
126.399780 31.483236 0.010535 X2C7
128.504364 31.465937 0.011861 X2C8
130.608551 31.448647 0.012679 X2C9
132.712357 31.431370 0.012483 X2CA
134.815781 31.414104 0.010503 X2CB
136.918808 31.396851 0.006106 X2CC
139.021469 31.379608 0.005871 X2CD
141.123734 31.362379 0.006934 X2CE
143.225616 31.345160 0.011000 X2CF
145.327118 31.327951 0.028132 X2D0
147.428238 31.310757 0.037712 X2D1
149.528976 31.293571 0.038065 X2D2
151.629318 31.276400 0.033552 X2D3
153.729309 31.259239 0.027730 X2D4
155.828903 31.242088 0.022507 X2D5
157.928116 31.224951 0.018429 X2D6
160.026947 31.207825 0.015328 X2D7
162.125412 31.190708 0.012927 X2D8
164.223495 31.173605 0.010955 X2D9
166.321198 31.156513 0.009194 X2DA
168.418533 31.139433 0.007549 X2DB
170.515488 31.122362 0.006122 X2DC
172.612076 31.105305 0.004998 X2DD
174.708267 31.088259 0.004218 X2DE
176.804108 31.071224 0.003711 X2DF
178.899567 31.054199 0.003356 X2E0
180.994644 31.037188 0.003065 X2E1
183.089355 31.020187 0.002775 X2E2
185.183701 31.003197 0.002460 X2E3
187.277679 30.986219 0.002142 X2E4
189.371277 30.969252 0.001844 X2E5
191.464508 30.952295 0.001580 X2E6
193.557358 30.935352 0.001363 X2E7
195.649857 30.918419 0.001199 X2E8
197.741974 30.901497 0.001084 X2E9
199.833725 30.884586 0.001003 X2EA
201.925110 30.867687 0.000946 X2EB
82.156250 33.651428 0.001997 X2EC
84.312027 33.632629 0.002121 X2ED
86.467339 33.613846 0.002246 X2EE
88.622185 33.595078 0.002368 X2EF
90.776558 33.576321 0.002486 X2F0
92.930473 33.557575 0.002600 X2F1
95.083923 33.538845 0.002718 X2F2
97.236908 33.520126 0.002856 X2F3
99.389427 33.501423 0.003028 X2F4
101.541481 33.482735 0.003258 X2F5
103.693077 33.464054 0.003569 X2F6
105.844208 33.445389 0.003965 X2F7
107.994881 33.426739 0.004420 X2F8
110.145096 33.408100 0.004899 X2F9
112.294853 33.389477 0.005352 X2FA
114.444153 33.370861 0.005777 X2FB
116.592987 33.352264 0.006307 X2FC
118.741371 33.333679 0.007147 X2FD
120.889297 33.315105 0.008531 X2FE
123.036774 33.296543 0.010496 X2FF
125.183792 33.277996 0.012925 X300
127.330353 33.259464 0.015700 X301
129.476471 33.240944 0.018785 X302
131.622131 33.222435 0.022176 X303
133.767334 33.203938 0.025616 X304
135.912094 33.185455 0.026514 X305
138.056396 33.166988 0.018133 X306
140.200256 33.148533 0.012303 X307
142.343658 33.130089 0.014169 X308
144.486618 33.111656 0.053541 X309
146.629135 33.093239 0.073271 X30A
148.771194 33.074837 0.066219 X30B
150.912827 33.056442 0.052053 X30C
153.054001 33.038063 0.039356 X30D
155.194733 33.019699 0.029508 X30E
157.335022 33.001343 0.022529 X30F
159.474869 32.983006 0.017780 X310
161.614273 32.964676 0.014462 X311
163.753235 32.946362 0.012012 X312
165.891754 32.928059 0.010032 X313
168.029831 32.909767 0.008263 X314
170.167480 32.891491 0.006669 X315
172.304672 32.873226 0.005357 X316
174.441437 32.854977 0.004390 X317
176.577774 32.836739 0.003761 X318
178.713669 32.818512 0.003349 X319
180.849121 32.800297 0.003043 X31A
182.984146 32.782097 0.002766 X31B
185.118729 32.763908 0.002467 X31C
187.252884 32.745731 0.002155 X31D
189.386597 32.727570 0.001853 X31E
191.519882 32.709419 0.001580 X31F
193.652740 32.691280 0.001350 X320
195.785172 32.673157 0.001171 X321
197.917160 32.655045 0.001044 X322
200.048721 32.636944 0.000955 X323
82.203255 35.453018 0.002066 X324
84.405968 35.432922 0.002196 X325
86.608131 35.412838 0.002327 X326
88.809746 35.392769 0.002455 X327
91.010818 35.372715 0.002579 X328
93.211349 35.352676 0.002703 X329
95.411331 35.332653 0.002840 X32A
97.610779 35.312645 0.003008 X32B
99.809677 35.292652 0.003226 X32C
102.008041 35.272671 0.003522 X32D
104.205864 35.252705 0.003915 X32E
106.403145 35.232754 0.004391 X32F
108.599892 35.212818 0.004919 X330
110.796097 35.192898 0.005454 X331
112.991776 35.172993 0.005962 X332
115.186913 35.153099 0.006549 X333
117.381516 35.133224 0.007435 X334
119.575592 35.113361 0.008924 X335
121.769127 35.093510 0.011206 X336
123.962135 35.073677 0.014286 X337
126.154617 35.053860 0.018207 X338
128.346558 35.034054 0.023319 X339
130.537979 35.014263 0.030521 X33A
132.728882 34.994488 0.041940 X33B
134.919250 34.974728 0.059888 X33C
137.109085 34.954979 0.083548 X33D
139.298401 34.935246 0.093924 X33E
141.487198 34.915527 0.097961 X33F
143.675461 34.895824 0.127956 X340
145.863205 34.876137 0.174620 X341
148.050430 34.856461 0.127686 X342
150.237137 34.836800 0.082236 X343
152.423325 34.817154 0.054371 X344
154.608994 34.797520 0.037532 X345
156.794144 34.777901 0.026791 X346
158.978775 34.758297 0.020016 X347
161.162888 34.738708 0.015673 X348
163.346497 34.719131 0.012715 X349
165.529587 34.699574 0.010517 X34A
167.712158 34.680023 0.008681 X34B
169.894211 34.660492 0.007015 X34C
172.075760 34.640972 0.005591 X34D
174.256805 34.621468 0.004495 X34E
176.437332 34.601978 0.003757 X34F
178.617355 34.582500 0.003291 X350
180.796860 34.563038 0.002969 X351
182.975876 34.543591 0.002700 X352
185.154373 34.524158 0.002422 X353
187.332367 34.504738 0.002122 X354
189.509842 34.485332 0.001824 X355
191.686829 34.465939 0.001550 X356
193.863312 34.446560 0.001314 X357
196.039291 34.427197 0.001127 X358
198.214767 34.407845 0.000992 X359
200.389740 34.388508 0.000899 X35A
82.254631 37.254013 0.002126 X35B
84.508621 37.232555 0.002262 X35C
86.761978 37.211117 0.002398 X35D
89.014694 37.189690 0.002530 X35E
91.266769 37.168285 0.002660 X35F
93.518219 37.146893 0.002797 X360
95.769028 37.125519 0.002956 X361
98.019211 37.104160 0.003158 X362
100.268761 37.082821 0.003428 X363
102.517677 37.061493 0.003796 X364
104.765968 37.040184 0.004266 X365
107.013626 37.018894 0.004813 X366
109.260666 36.997616 0.005400 X367
111.507072 36.976357 0.005978 X368
113.752861 36.955116 0.006587 X369
115.998016 36.933887 0.007436 X36A
118.242561 36.912678 0.008844 X36B
120.486481 36.891483 0.011146 X36C
122.729774 36.870304 0.014466 X36D
124.972458 36.849140 0.018933 X36E
127.214516 36.827995 0.025082 X36F
129.455963 36.806866 0.034310 X370
131.696793 36.785751 0.050511 X371
133.937012 36.764656 0.082354 X372
136.176620 36.743572 0.151197 X373
138.415604 36.722507 0.342602 X374
140.653992 36.701458 1.416815 X375
142.891754 36.680424 4.933681 X376
145.128922 36.659409 0.525719 X377
147.365463 36.638409 0.244006 X378
149.601410 36.617420 0.121730 X379
151.836761 36.596451 0.068876 X37A
154.071503 36.575500 0.043796 X37B
156.305634 36.554562 0.029759 X37C
158.539154 36.533638 0.021313 X37D
160.772095 36.512733 0.016182 X37E
163.004425 36.491844 0.012878 X37F
165.236160 36.470970 0.010559 X380
167.467285 36.450111 0.008723 X381
169.697830 36.429268 0.007085 X382
171.927765 36.408440 0.005636 X383
174.157104 36.387630 0.004481 X384
176.385864 36.366837 0.003675 X385
178.614029 36.346054 0.003173 X386
180.841583 36.325291 0.002843 X387
183.068573 36.304543 0.002584 X388
185.294952 36.283810 0.002328 X389
187.520752 36.263092 0.002045 X38A
189.745972 36.242393 0.001758 X38B
191.970596 36.221706 0.001489 X38C
194.194641 36.201035 0.001254 X38D
196.418091 36.180382 0.001065 X38E
198.640961 36.159740 0.000927 X38F
200.863251 36.139118 0.000833 X390
82.310783 39.054390 0.002176 X391
84.620819 39.031509 0.002316 X392
86.930115 39.008648 0.002456 X393
89.238663 38.985802 0.002591 X394
91.546478 38.962978 0.002728 X395
93.853546 38.940170 0.002880 X396
96.159874 38.917381 0.003064 X397
98.465469 38.894611 0.003304 X398
100.770332 38.871861 0.003630 X399
103.074455 38.849125 0.004068 X39A
105.377846 38.826412 0.004605 X39B
107.680504 38.803715 0.005209 X39C
109.982437 38.781036 0.005836 X39D
112.283638 38.758373 0.006459 X39E
114.584114 38.735733 0.007230 X39F
116.883865 38.713108 0.008436 X3A0
119.182892 38.690502 0.010487 X3A1
121.481194 38.667915 0.013639 X3A2
123.778770 38.645344 0.018046 X3A3
126.075630 38.622795 0.024154 X3A4
128.371780 38.600262 0.033221 X3A5
130.667206 38.577744 0.048746 X3A6
132.961914 38.555248 0.079809 X3A7
135.255905 38.532768 0.149171 X3A8
137.549179 38.510307 0.341915 X3A9
139.841751 38.487865 1.259102 X3AA
142.133606 38.465439 10.781233 X3AB
144.424759 38.443031 2.636101 X3AC
146.715195 38.420643 0.297968 X3AD
149.004929 38.398270 0.133612 X3AE
151.293961 38.375916 0.071431 X3AF
153.582291 38.353580 0.043891 X3B0
155.869919 38.331261 0.029440 X3B1
158.156845 38.308960 0.020808 X3B2
160.443069 38.286678 0.015600 X3B3
162.728592 38.264412 0.012330 X3B4
165.013412 38.242165 0.010094 X3B5
167.297546 38.219933 0.008369 X3B6
169.580978 38.197723 0.006844 X3B7
171.863724 38.175526 0.005456 X3B8
174.145782 38.153351 0.004317 X3B9
176.427139 38.131191 0.003499 X3BA
178.707809 38.109047 0.002990 X3BB
180.987808 38.086922 0.002667 X3BC
183.267105 38.064816 0.002425 X3BD
185.545715 38.042725 0.002190 X3BE
187.823639 38.020653 0.001928 X3BF
190.100891 37.998600 0.001655 X3C0
192.377457 37.976562 0.001397 X3C1
194.653336 37.954540 0.001170 X3C2
196.928543 37.932537 0.000985 X3C3
199.203079 37.910553 0.000850 X3C4
201.476929 37.888584 0.000759 X3C5
82.372192 40.854137 0.002214 X3C6
84.743523 40.829758 0.002358 X3C7
87.113983 40.805401 0.002499 X3C8
89.483574 40.781063 0.002638 X3C9
91.852303 40.756748 0.002783 X3CA
94.220169 40.732452 0.002950 X3CB
96.587173 40.708179 0.003160 X3CC
98.953323 40.683926 0.003440 X3CD
101.318611 40.659691 0.003823 X3CE
103.683044 40.635479 0.004321 X3CF
106.046623 40.611286 0.004909 X3D0
108.409355 40.587112 0.005552 X3D1
110.771233 40.562962 0.006196 X3D2
113.132263 40.538834 0.006889 X3D3
115.492455 40.514721 0.007865 X3D4
117.851791 40.490631 0.009494 X3D5
120.210289 40.466560 0.012169 X3D6
122.567947 40.442513 0.016072 X3D7
124.924767 40.418484 0.021442 X3D8
127.280746 40.394474 0.029086 X3D9
129.635880 40.370487 0.041018 X3DA
131.990189 40.346519 0.062740 X3DB
134.343674 40.322571 0.106158 X3DC
136.696320 40.298641 0.199530 X3DD
139.048126 40.274734 0.417533 X3DE
141.399124 40.250847 0.857318 X3DF
143.749283 40.226978 0.280472 X3E0
146.098618 40.203129 0.095467 X3E1
148.447144 40.179302 0.079246 X3E2
150.794830 40.155495 0.052230 X3E3
153.141708 40.131706 0.035172 X3E4
155.487762 40.107941 0.024838 X3E5
157.833008 40.084190 0.018081 X3E6
160.177444 40.060463 0.013783 X3E7
162.521057 40.036755 0.011033 X3E8
164.863861 40.013065 0.009131 X3E9
167.205856 39.989395 0.007647 X3EA
169.547043 39.965748 0.006311 X3EB
171.887436 39.942116 0.005054 X3EC
174.227005 39.918507 0.003997 X3ED
176.565781 39.894917 0.003225 X3EE
178.903763 39.871346 0.002745 X3EF
181.240936 39.847794 0.002447 X3F0
183.577316 39.824265 0.002228 X3F1
185.912888 39.800751 0.002017 X3F2
188.247681 39.777260 0.001776 X3F3
190.581665 39.753784 0.001522 X3F4
192.914871 39.730331 0.001278 X3F5
195.247284 39.706898 0.001064 X3F6
197.578903 39.683483 0.000889 X3F7
199.909744 39.660088 0.000762 X3F8
202.239792 39.636711 0.000677 X3F9
82.439423 42.653236 0.002239 X3FA
84.877831 42.627281 0.002385 X3FB
87.315224 42.601345 0.002528 X3FC
89.751610 42.575436 0.002669 X3FD
92.186989 42.549549 0.002822 X3FE
94.621361 42.523682 0.003005 X3FF
97.054733 42.497841 0.003240 X400
99.487099 42.472023 0.003560 X401
101.918472 42.446228 0.003994 X402
104.348846 42.420460 0.004537 X403
106.778221 42.394711 0.005160 X404
109.206612 42.368984 0.005816 X405
111.634010 42.343281 0.006466 X406
114.060417 42.317604 0.007243 X407
116.485840 42.291946 0.008435 X408
118.910278 42.266312 0.010459 X409
121.333740 42.240704 0.013595 X40A
123.756218 42.215115 0.017959 X40B
126.177719 42.189548 0.023850 X40C
128.598251 42.164005 0.032133 X40D
131.017807 42.138489 0.044902 X40E
133.436386 42.112991 0.066528 X40F
135.854004 42.087517 0.101418 X410
138.270660 42.062065 0.145618 X411
140.686340 42.036636 0.147171 X412
143.101074 42.011230 0.040807 X413
145.514832 41.985844 0.011336 X414
147.927643 41.960484 0.020515 X415
150.339493 41.935143 0.024338 X416
152.750381 41.909828 0.021402 X417
155.160324 41.884533 0.017360 X418
157.569321 41.859261 0.013711 X419
159.977371 41.834011 0.011025 X41A
162.384476 41.808784 0.009160 X41B
164.790634 41.783577 0.007784 X41C
167.195847 41.758392 0.006641 X41D
169.600128 41.733234 0.005546 X41E
172.003464 41.708092 0.004471 X41F
174.405869 41.682976 0.003545 X420
176.807343 41.657883 0.002866 X421
179.207886 41.632809 0.002449 X422
181.607483 41.607758 0.002193 X423
184.006180 41.582726 0.002004 X424
186.403931 41.557720 0.001817 X425
188.800766 41.532734 0.001598 X426
191.196671 41.507771 0.001363 X427
193.591675 41.482826 0.001138 X428
195.985748 41.457909 0.000940 X429
198.378906 41.433010 0.000780 X42A
200.771149 41.408131 0.000666 X42B
82.513107 44.451679 0.002251 X42C
85.025032 44.424049 0.002397 X42D
87.535774 44.396446 0.002539 X42E
90.045341 44.368870 0.002683 X42F
92.553726 44.341316 0.002844 X430
95.060936 44.313793 0.003041 X431
97.566978 44.286297 0.003300 X432
100.071854 44.258823 0.003655 X433
102.575569 44.231377 0.004128 X434
105.078117 44.203960 0.004700 X435
107.579498 44.176563 0.005334 X436
110.079735 44.149197 0.005975 X437
112.578812 44.121857 0.006624 X438
115.076736 44.094540 0.007474 X439
117.573509 44.067249 0.008844 X43A
120.069145 44.039986 0.011115 X43B
122.563629 44.012749 0.014413 X43C
125.056976 43.985535 0.018751 X43D
127.549187 43.958351 0.024308 X43E
130.040268 43.931190 0.031500 X43F
132.530197 43.904053 0.041154 X440
135.019012 43.876942 0.053307 X441
137.506699 43.849857 0.062296 X442
139.993256 43.822800 0.053594 X443
142.478699 43.795765 0.021519 X444
144.963013 43.768757 0.007242 X445
147.446213 43.741776 0.004919 X446
149.928299 43.714817 0.006809 X447
152.409286 43.687885 0.009635 X448
154.889145 43.660976 0.009918 X449
157.367905 43.634094 0.009013 X44A
159.845566 43.607235 0.007962 X44B
162.322128 43.580402 0.007050 X44C
164.797577 43.553596 0.006252 X44D
167.271942 43.526814 0.005477 X44E
169.745209 43.500057 0.004639 X44F
172.217377 43.473324 0.003768 X450
174.688477 43.446617 0.003006 X451
177.158478 43.419933 0.002453 X452
179.627396 43.393276 0.002121 X453
182.095230 43.366642 0.001919 X454
184.561981 43.340031 0.001764 X455
187.027664 43.313446 0.001600 X456
189.492279 43.286888 0.001400 X457
191.955811 43.260349 0.001187 X458
194.418274 43.233841 0.000982 X459
196.879684 43.207352 0.000804 X45A
199.340012 43.180889 0.000663 X45B
201.799301 43.154453 0.000565 X45C
82.594009 46.249443 0.002249 X45D
85.186630 46.220036 0.002393 X45E
87.777878 46.190659 0.002534 X45F
90.367737 46.161316 0.002679 X460
92.956223 46.131996 0.002846 X461
95.543335 46.102711 0.003055 X462
98.129082 46.073456 0.003334 X463
100.713463 46.044228 0.003718 X464
103.296486 46.015030 0.004213 X465
105.878151 45.985863 0.004793 X466
108.458458 45.956722 0.005413 X467
111.037415 45.927612 0.006015 X468
113.615021 45.898533 0.006646 X469
116.191292 45.869484 0.007526 X46A
118.766212 45.840462 0.008972 X46B
121.339798 45.811470 0.011245 X46C
123.912056 45.782505 0.014317 X46D
126.482979 45.753571 0.018023 X46E
129.052582 45.724667 0.022225 X46F
131.620850 45.695793 0.026596 X470
134.187805 45.666943 0.030387 X471
136.753433 45.638126 0.031335 X472
139.317749 45.609337 0.025320 X473
141.880768 45.580574 0.012159 X474
144.442474 45.551842 0.004104 X475
147.002869 45.523140 0.004886 X476
149.561966 45.494465 0.002443 X477
152.119766 45.465820 0.003039 X478
154.676285 45.437202 0.004562 X479
157.231491 45.408611 0.005151 X47A
159.785431 45.380051 0.005225 X47B
162.338074 45.351517 0.005056 X47C
164.889435 45.323013 0.004742 X47D
167.439514 45.294537 0.004289 X47E
169.988327 45.266087 0.003685 X47F
172.535873 45.237667 0.003019 X480
175.082138 45.209274 0.002434 X481
177.627151 45.180908 0.002024 X482
180.170883 45.152573 0.001786 X483
182.713364 45.124264 0.001639 X484
185.254593 45.095982 0.001518 X485
187.794571 45.067726 0.001372 X486
190.333298 45.039501 0.001192 X487
192.870773 45.011303 0.001000 X488
195.407013 44.983131 0.000819 X489
197.942001 44.954990 0.000663 X48A
200.475754 44.926872 0.000544 X48B
82.683006 48.046520 0.002232 X48C
85.364395 48.015217 0.002373 X48D
88.044159 47.983952 0.002511 X48E
90.722305 47.952717 0.002656 X48F
93.398834 47.921520 0.002826 X490
96.073761 47.890354 0.003043 X491
98.747086 47.859222 0.003336 X492
101.418816 47.828125 0.003737 X493
104.088943 47.797058 0.004238 X494
106.757484 47.766029 0.004805 X495
109.424446 47.735031 0.005385 X496
112.089821 47.704067 0.005923 X497
114.753624 47.673138 0.006506 X498
117.415848 47.642239 0.007343 X499
120.076508 47.611374 0.008709 X49A
122.735603 47.580544 0.010714 X49B
125.393143 47.549747 0.013174 X49C
128.049118 47.518982 0.015736 X49D
130.703552 47.488251 0.017953 X49E
133.356430 47.457550 0.019077 X49F
136.007782 47.426884 0.018080 X4A0
138.657578 47.396252 0.013993 X4A1
141.305847 47.365650 0.007342 X4A2
143.952591 47.335083 0.002572 X4A3
146.597809 47.304546 0.003546 X4A4
149.241501 47.274044 0.002851 X4A5
151.883667 47.243572 0.001344 X4A6
154.524338 47.213131 0.001646 X4A7
157.163483 47.182724 0.002571 X4A8
159.801132 47.152351 0.003150 X4A9
162.437286 47.122009 0.003405 X4AA
165.071930 47.091698 0.003406 X4AB
167.705093 47.061420 0.003183 X4AC
170.336761 47.031174 0.002769 X4AD
172.966934 47.000957 0.002293 X4AE
175.595642 46.970776 0.001882 X4AF
178.222870 46.940620 0.001614 X4B0
180.848618 46.910503 0.001465 X4B1
183.472900 46.880413 0.001369 X4B2
186.095718 46.850357 0.001273 X4B3
188.717072 46.820332 0.001142 X4B4
191.336975 46.790337 0.000980 X4B5
193.955414 46.760372 0.000811 X4B6
196.572403 46.730438 0.000654 X4B7
199.187958 46.700539 0.000524 X4B8
201.802063 46.670670 0.000428 X4B9
82.781151 49.842896 0.002199 X4BA
85.560394 49.809563 0.002336 X4BB
88.337730 49.776272 0.002470 X4BC
91.113167 49.743015 0.002613 X4BD
93.886703 49.709801 0.002783 X4BE
96.658356 49.676624 0.003003 X4BF
99.428123 49.643486 0.003303 X4C0
102.196014 49.610386 0.003706 X4C1
104.962036 49.577324 0.004194 X4C2
107.726189 49.544304 0.004726 X4C3
110.488487 49.511318 0.005242 X4C4
113.248924 49.478371 0.005695 X4C5
116.007507 49.445465 0.006185 X4C6
118.764252 49.412594 0.006893 X4C7
121.519165 49.379761 0.008012 X4C8
124.272232 49.346966 0.009520 X4C9
127.023483 49.314209 0.011122 X4CA
129.772903 49.281490 0.012365 X4CB
132.520508 49.248806 0.012735 X4CC
135.266312 49.216164 0.011684 X4CD
138.010300 49.183556 0.008924 X4CE
140.752487 49.150986 0.004983 X4CF
143.492889 49.118454 0.001796 X4D0
146.231491 49.085957 0.002223 X4D1
148.968307 49.053497 0.002409 X4D2
151.703339 49.021076 0.001592 X4D3
154.436615 48.988693 0.000786 X4D4
157.168106 48.956345 0.001135 X4D5
159.897842 48.924030 0.001757 X4D6
162.625809 48.891754 0.002159 X4D7
165.352036 48.859516 0.002309 X4D8
168.076508 48.827312 0.002219 X4D9
170.799225 48.795147 0.001957 X4DA
173.520218 48.763020 0.001647 X4DB
176.239471 48.730923 0.001396 X4DC
178.957001 48.698864 0.001251 X4DD
181.672806 48.666843 0.001174 X4DE
184.386902 48.634857 0.001116 X4DF
187.099274 48.602905 0.001037 X4E0
189.809937 48.570992 0.000917 X4E1
192.518890 48.539112 0.000773 X4E2
195.226151 48.507267 0.000627 X4E3
197.931717 48.475460 0.000496 X4E4
200.635590 48.443684 0.000392 X4E5
82.889687 51.638554 0.002152 X4E6
85.777115 51.603035 0.002283 X4E7
88.662292 51.567562 0.002411 X4E8
91.545227 51.532135 0.002549 X4E9
94.425926 51.496750 0.002715 X4EA
97.304405 51.461414 0.002933 X4EB
100.180656 51.426117 0.003229 X4EC
103.054703 51.390869 0.003620 X4ED
105.926537 51.355659 0.004077 X4EE
108.796173 51.320499 0.004555 X4EF
111.663620 51.285381 0.004986 X4F0
114.528885 51.250305 0.005333 X4F1
117.391975 51.215275 0.005688 X4F2
120.252892 51.180286 0.006184 X4F3
123.111649 51.145344 0.006933 X4F4
125.968246 51.110443 0.007827 X4F5
128.822693 51.075584 0.008546 X4F6
131.675003 51.040771 0.008690 X4F7
134.525177 51.005997 0.007927 X4F8
137.373230 50.971268 0.006156 X4F9
140.219147 50.936584 0.003695 X4FA
143.062973 50.901939 0.001464 X4FB
145.904663 50.867340 0.001304 X4FC
148.744278 50.832779 0.001737 X4FD
151.581787 50.798264 0.001474 X4FE
154.417206 50.763790 0.000862 X4FF
157.250549 50.729359 0.000543 X500
160.081818 50.694965 0.000901 X501
162.911011 50.660618 0.001272 X502
165.738159 50.626312 0.001454 X503
168.563248 50.592045 0.001433 X504
171.386276 50.557823 0.001289 X505
174.207275 50.523640 0.001119 X506
177.026230 50.489498 0.001003 X507
179.843170 50.455399 0.000948 X508
182.658081 50.421337 0.000921 X509
185.470978 50.387321 0.000885 X50A
188.281860 50.353344 0.000813 X50B
191.090744 50.319405 0.000702 X50C
193.897629 50.285511 0.000577 X50D
196.702515 50.251656 0.000456 X50E
199.505417 50.217838 0.000353 X50F
202.306351 50.184063 0.000277 X510
83.010094 53.433479 0.002091 X511
86.017509 53.395599 0.002214 X512
89.022255 53.357769 0.002334 X513
92.024353 53.319992 0.002465 X514
95.023796 53.282265 0.002623 X515
98.020607 53.244587 0.002831 X516
101.014786 53.206966 0.003114 X517
104.006348 53.169392 0.003478 X518
106.995300 53.131870 0.003889 X519
109.981659 53.094398 0.004295 X51A
112.965424 53.056980 0.004628 X51B
115.946602 53.019608 0.004852 X51C
118.925209 52.982288 0.005040 X51D
121.901260 52.945019 0.005277 X51E
124.874756 52.907799 0.005608 X51F
127.845703 52.870632 0.005912 X520
130.814117 52.833511 0.005927 X521
133.779999 52.796440 0.005413 X522
136.743378 52.759418 0.004287 X523
139.704239 52.722446 0.002726 X524
142.662598 52.685528 0.001220 X525
145.618469 52.648651 0.000826 X526
148.571854 52.611828 0.001224 X527
151.522766 52.575050 0.001226 X528
154.471222 52.538326 0.000894 X529
157.417206 52.501644 0.000499 X52A
160.360748 52.465015 0.000446 X52B
163.301849 52.428432 0.000674 X52C
166.240524 52.391899 0.000822 X52D
169.176773 52.355412 0.000842 X52E
172.110611 52.318974 0.000788 X52F
175.042038 52.282581 0.000730 X530
177.971069 52.246235 0.000706 X531
180.897720 52.209938 0.000706 X532
183.821976 52.173691 0.000704 X533
186.743866 52.137486 0.000674 X534
189.663391 52.101330 0.000603 X535
192.580551 52.065220 0.000505 X536
195.495361 52.029160 0.000401 X537
198.407837 51.993141 0.000306 X538
201.317978 51.957172 0.000232 X539
83.144173 55.227657 0.002016 X53A
86.285156 55.187202 0.002130 X53B
89.422966 55.146812 0.002241 X53C
92.557610 55.106480 0.002361 X53D
95.689095 55.066208 0.002507 X53E
98.817451 55.025993 0.002698 X53F
101.942680 54.985844 0.002957 X540
105.064789 54.945751 0.003282 X541
108.183800 54.905716 0.003633 X542
111.299721 54.865742 0.003957 X543
114.412567 54.825825 0.004185 X544
117.522346 54.785969 0.004281 X545
120.629074 54.746170 0.004294 X546
123.732758 54.706429 0.004274 X547
126.833420 54.666748 0.004228 X548
129.931061 54.627121 0.004073 X549
133.025696 54.587555 0.003662 X54A
136.117325 54.548046 0.002916 X54B
139.205994 54.508595 0.001915 X54C
142.291672 54.469196 0.000936 X54D
145.374405 54.429859 0.000633 X54E
148.454178 54.390575 0.000942 X54F
151.531021 54.351353 0.001036 X550
154.604935 54.312183 0.000872 X551
157.675949 54.273067 0.000586 X552
160.744049 54.234013 0.000360 X553
163.809250 54.195011 0.000349 X554
166.871582 54.156063 0.000421 X555
169.931030 54.117172 0.000456 X556
172.987640 54.078339 0.000462 X557
176.041382 54.039558 0.000471 X558
179.092300 54.000832 0.000493 X559
182.140381 53.962162 0.000515 X55A
185.185654 53.923546 0.000518 X55B
188.228119 53.884983 0.000483 X55C
191.267776 53.846474 0.000415 X55D
194.304657 53.808022 0.000333 X55E
197.338760 53.769619 0.000253 X55F
200.370117 53.731274 0.000189 X560
83.294113 57.021057 0.001929 X561
86.584412 56.977791 0.002033 X562
89.870895 56.934597 0.002133 X563
93.153587 56.891476 0.002240 X564
96.432510 56.848423 0.002368 X565
99.707672 56.805443 0.002537 X566
102.979095 56.762531 0.002763 X567
106.246788 56.719688 0.003038 X568
109.510780 56.676914 0.003320 X569
112.771080 56.634212 0.003556 X56A
116.027702 56.591576 0.003682 X56B
119.280670 56.549011 0.003659 X56C
122.529991 56.506512 0.003517 X56D
125.775681 56.464081 0.003287 X56E
129.017761 56.421719 0.002974 X56F
132.256241 56.379425 0.002549 X570
135.491150 56.337196 0.001978 X571
138.722488 56.295036 0.001295 X572
141.950272 56.252941 0.000678 X573
145.174515 56.210911 0.000565 X574
148.395248 56.168949 0.000807 X575
151.612473 56.127056 0.000912 X576
154.826202 56.085224 0.000831 X577
158.036469 56.043461 0.000643 X578
161.243256 56.001762 0.000451 X579
164.446609 55.960129 0.000332 X57A
167.646530 55.918560 0.000294 X57B
170.843033 55.877052 0.000291 X57C
174.036118 55.835613 0.000297 X57D
177.225830 55.794235 0.000315 X57E
180.412155 55.752922 0.000342 X57F
183.595123 55.711674 0.000363 X580
186.774750 55.670486 0.000356 X581
189.951035 55.629364 0.000317 X582
193.124008 55.588306 0.000259 X583
196.293671 55.547306 0.000200 X584
199.460037 55.506374 0.000153 X585
202.623123 55.465500 0.000126 X586
83.462616 58.813652 0.001830 X587
86.920616 58.767296 0.001924 X588
90.374016 58.721020 0.002011 X589
93.822845 58.674831 0.002102 X58A
97.267128 58.628723 0.002210 X58B
100.706879 58.582699 0.002350 X58C
104.142120 58.536758 0.002535 X58D
107.572884 58.490898 0.002754 X58E
110.999184 58.445118 0.002963 X58F
114.421043 58.399422 0.003112 X590
117.838493 58.353809 0.003146 X591
121.251534 58.308273 0.003027 X592
124.660202 58.262817 0.002773 X593
128.064514 58.217445 0.002414 X594
131.464493 58.172150 0.001970 X595
134.860168 58.126934 0.001462 X596
138.251541 58.081799 0.000935 X597
141.638641 58.036743 0.000529 X598
145.021500 57.991764 0.000515 X599
148.400116 57.946861 0.000702 X59A
151.774521 57.902039 0.000795 X59B
155.144745 57.857292 0.000759 X59C
158.510788 57.812622 0.000645 X59D
161.872681 57.768032 0.000514 X59E
165.230438 57.723515 0.000407 X59F
168.584076 57.679073 0.000333 X5A0
171.933624 57.634708 0.000277 X5A1
175.279099 57.590420 0.000240 X5A2
178.620514 57.546207 0.000229 X5A3
181.957886 57.502068 0.000238 X5A4
185.291245 57.458004 0.000242 X5A5
188.620590 57.414013 0.000225 X5A6
191.945969 57.370098 0.000191 X5A7
195.267365 57.326256 0.000158 X5A8
198.584824 57.282486 0.000137 X5A9
201.898361 57.238789 0.000131 X5AA
83.653023 60.605408 0.001723 X5AB
87.300423 60.555622 0.001805 X5AC
90.942230 60.505936 0.001878 X5AD
94.578476 60.456348 0.001951 X5AE
98.209198 60.406860 0.002035 X5AF
101.834412 60.357475 0.002142 X5B0
105.454163 60.308182 0.002282 X5B1
109.068474 60.258991 0.002440 X5B2
112.677376 60.209896 0.002577 X5B3
116.280891 60.160900 0.002645 X5B4
119.879066 60.112000 0.002602 X5B5
123.471916 60.063190 0.002419 X5B6
127.059471 60.014481 0.002108 X5B7
130.641754 59.965866 0.001704 X5B8
134.218811 59.917347 0.001250 X5B9
137.790665 59.868919 0.000801 X5BA
141.357330 59.820587 0.000463 X5BB
144.918839 59.772346 0.000424 X5BC
148.475235 59.724201 0.000562 X5BD
152.026520 59.676147 0.000651 X5BE
155.572739 59.628185 0.000654 X5BF
159.113907 59.580311 0.000598 X5C0
162.650055 59.532532 0.000519 X5C1
166.181229 59.484840 0.000438 X5C2
169.707413 59.437241 0.000360 X5C3
173.228668 59.389732 0.000287 X5C4
176.745010 59.342312 0.000227 X5C5
180.256454 59.294979 0.000191 X5C6
183.763031 59.247734 0.000176 X5C7
187.264786 59.200581 0.000166 X5C8
190.761703 59.153511 0.000154 X5C9
194.253845 59.106529 0.000147 X5CA
197.741211 59.059635 0.000150 X5CB
201.223846 59.012829 0.000158 X5CC
83.869553 62.396275 0.001608 X5CD
87.732201 62.342659 0.001678 X5CE
91.587975 62.289165 0.001736 X5CF
95.436928 62.235794 0.001790 X5D0
99.279091 62.182537 0.001849 X5D1
103.114525 62.129406 0.001921 X5D2
106.943253 62.076389 0.002013 X5D3
110.765327 62.023491 0.002110 X5D4
114.580788 61.970707 0.002178 X5D5
118.389671 61.918045 0.002177 X5D6
122.192017 61.865494 0.002076 X5D7
125.987877 61.813061 0.001860 X5D8
129.777267 61.760738 0.001541 X5D9
133.560257 61.708534 0.001161 X5DA
137.336868 61.656441 0.000773 X5DB
141.107132 61.604462 0.000452 X5DC
144.871094 61.552593 0.000330 X5DD
148.628799 61.500835 0.000411 X5DE
152.380280 61.449192 0.000501 X5DF
156.125565 61.397655 0.000536 X5E0
159.864700 61.346230 0.000525 X5E1
163.597717 61.294910 0.000484 X5E2
167.324661 61.243702 0.000425 X5E3
171.045563 61.192600 0.000357 X5E4
174.760437 61.141605 0.000288 X5E5
178.469345 61.090721 0.000229 X5E6
182.172318 61.039940 0.000190 X5E7
185.869385 60.989262 0.000172 X5E8
189.560562 60.938690 0.000167 X5E9
193.245926 60.888226 0.000172 X5EA
196.925461 60.837864 0.000184 X5EB
200.599243 60.787601 0.000195 X5EC
84.117599 64.186188 0.001487 X5ED
88.226608 64.128258 0.001545 X5EE
92.327095 64.070480 0.001588 X5EF
96.419113 64.012848 0.001622 X5F0
100.502724 63.955364 0.001655 X5F1
104.577980 63.898026 0.001692 X5F2
108.644958 63.840832 0.001736 X5F3
112.703705 63.783779 0.001777 X5F4
116.754280 63.726868 0.001783 X5F5
120.796738 63.670097 0.001725 X5F6
124.831139 63.613472 0.001585 X5F7
128.857544 63.556984 0.001361 X5F8
132.875992 63.500633 0.001070 X5F9
136.886551 63.444420 0.000753 X5FA
140.889282 63.388348 0.000463 X5FB
144.884216 63.332405 0.000285 X5FC
148.871414 63.276604 0.000297 X5FD
152.850937 63.220936 0.000379 X5FE
156.822845 63.165398 0.000435 X5FF
160.787155 63.109997 0.000452 X600
164.743958 63.054726 0.000435 X601
168.693268 62.999584 0.000395 X602
172.635162 62.944576 0.000341 X603
176.569672 62.889694 0.000287 X604
180.496841 62.834946 0.000244 X605
184.416748 62.780319 0.000219 X606
188.329407 62.725826 0.000212 X607
192.234894 62.671455 0.000216 X608
196.133224 62.617210 0.000225 X609
200.024460 62.563091 0.000234 X60A
84.404152 65.975060 0.001362 X60B
88.797485 65.912231 0.001409 X60C
93.180092 65.849586 0.001437 X60D
97.552063 65.787125 0.001451 X60E
101.913490 65.724838 0.001459 X60F
106.264450 65.662735 0.001462 X610
110.605042 65.600815 0.001463 X611
114.935333 65.539062 0.001451 X612
119.255409 65.477493 0.001407 X613
123.565361 65.416092 0.001308 X614
127.865265 65.354866 0.001147 X615
132.155197 65.293816 0.000931 X616
136.435242 65.232933 0.000685 X617
140.705475 65.172211 0.000444 X618
144.965973 65.111664 0.000268 X619
149.216812 65.051285 0.000237 X61A
153.458069 64.991074 0.000304 X61B
157.689804 64.931023 0.000366 X61C
161.912109 64.871132 0.000394 X61D
166.125046 64.811401 0.000392 X61E
170.328690 64.751839 0.000366 X61F
174.523117 64.692429 0.000329 X620
178.708374 64.633179 0.000294 X621
182.884552 64.574089 0.000270 X622
187.051697 64.515160 0.000259 X623
191.209900 64.456375 0.000259 X624
195.359222 64.397751 0.000264 X625
199.499725 64.339279 0.000268 X626
203.631454 64.280952 0.000265 X627
84.738426 67.762764 0.001235 X628
89.463036 67.694298 0.001271 X629
94.173950 67.626068 0.001284 X62A
98.871307 67.558067 0.001281 X62B
103.555237 67.490295 0.001265 X62C
108.225868 67.422745 0.001238 X62D
112.883324 67.355415 0.001201 X62E
117.527725 67.288307 0.001146 X62F
122.159195 67.221428 0.001062 X630
126.777863 67.154755 0.000938 X631
131.383835 67.088303 0.000773 X632
135.977234 67.022064 0.000581 X633
140.558167 66.956032 0.000390 X634
145.126755 66.890213 0.000244 X635
149.683105 66.824608 0.000211 X636
154.227325 66.759201 0.000266 X637
158.759521 66.694000 0.000324 X638
163.279816 66.629005 0.000355 X639
167.788300 66.564209 0.000360 X63A
172.285080 66.499611 0.000346 X63B
176.770248 66.435211 0.000325 X63C
181.243927 66.371010 0.000308 X63D
185.706207 66.307007 0.000297 X63E
190.157166 66.243187 0.000295 X63F
194.596939 66.179565 0.000296 X640
199.025574 66.116135 0.000296 X641
203.443207 66.052887 0.000290 X642
85.132881 69.549133 0.001108 X643
90.247772 69.474113 0.001133 X644
95.344887 69.399391 0.001134 X645
100.424416 69.324966 0.001114 X646
105.486557 69.250832 0.001078 X647
110.531517 69.176979 0.001025 X648
115.559471 69.103416 0.000958 X649
120.570618 69.030128 0.000871 X64A
125.565132 68.957130 0.000762 X64B
130.543198 68.884399 0.000627 X64C
135.505005 68.811943 0.000475 X64D
140.450699 68.739754 0.000324 X64E
145.380478 68.667839 0.000215 X64F
150.294495 68.596184 0.000199 X650
155.192917 68.524796 0.000249 X651
160.075928 68.453659 0.000300 X652
164.943649 68.382782 0.000330 X653
169.796265 68.312164 0.000339 X654
174.633926 68.241791 0.000335 X655
179.456772 68.171677 0.000327 X656
184.264969 68.101799 0.000321 X657
189.058655 68.032173 0.000318 X658
193.837982 67.962784 0.000317 X659
198.603073 67.893639 0.000314 X65A
203.354095 67.824730 0.000305 X65B
85.604691 71.333923 0.000982 X65C
91.185463 71.251167 0.000998 X65D
96.742645 71.168800 0.000987 X65E
102.276558 71.086815 0.000954 X65F
107.787521 71.005219 0.000900 X660
113.275826 70.923988 0.000828 X661
118.741783 70.843132 0.000739 X662
124.185677 70.762642 0.000634 X663
129.607803 70.682510 0.000514 X664
135.008423 70.602737 0.000386 X665
140.387833 70.523315 0.000267 X666
145.746292 70.444244 0.000190 X667
151.084061 70.365509 0.000192 X668
156.401398 70.287125 0.000238 X669
161.698563 70.209068 0.000283 X66A
166.975800 70.131340 0.000311 X66B
172.233337 70.053947 0.000323 X66C
177.471420 69.976875 0.000327 X66D
182.690308 69.900124 0.000327 X66E
187.890182 69.823685 0.000327 X66F
193.071304 69.747559 0.000326 X670
198.233887 69.671745 0.000322 X671
203.378128 69.596237 0.000312 X672
86.178246 73.116768 0.000859 X673
92.323860 73.024727 0.000866 X674
98.437393 72.933205 0.000846 X675
104.519363 72.842209 0.000801 X676
110.570290 72.751717 0.000734 X677
116.590675 72.661720 0.000649 X678
122.581001 72.572220 0.000549 X679
128.541748 72.483208 0.000438 X67A
134.473373 72.394676 0.000326 X67B
140.376328 72.306610 0.000226 X67C
146.251038 72.219009 0.000172 X67D
152.097961 72.131866 0.000183 X67E
157.917496 72.045174 0.000226 X67F
163.710052 71.958923 0.000266 X680
169.476044 71.873108 0.000293 X681
175.215820 71.787727 0.000309 X682
180.929794 71.702774 0.000318 X683
186.618332 71.618240 0.000322 X684
192.281784 71.534119 0.000323 X685
197.920502 71.450409 0.000319 X686
203.534836 71.367096 0.000310 X687
86.889389 74.897148 0.000740 X688
93.732811 74.793732 0.000740 X689
100.531235 74.691040 0.000712 X68A
107.285561 74.589073 0.000658 X68B
113.996689 74.487801 0.000582 X68C
120.665482 74.387222 0.000490 X68D
127.292755 74.287315 0.000388 X68E
133.879333 74.188072 0.000286 X68F
140.425980 74.089478 0.000199 X690
146.933456 73.991524 0.000155 X691
153.402512 73.894196 0.000170 X692
159.833817 73.797485 0.000210 X693
166.228088 73.701378 0.000247 X694
172.585999 73.605858 0.000275 X695
178.908188 73.510933 0.000293 X696
185.195267 73.416573 0.000304 X697
191.447876 73.322777 0.000309 X698
197.666595 73.229538 0.000308 X699
203.852005 73.136841 0.000301 X69A
87.792908 76.674217 0.000627 X69B
95.518448 76.556526 0.000620 X69C
103.178398 76.439896 0.000585 X69D
110.774460 76.324295 0.000525 X69E
118.308273 76.209694 0.000444 X69F
125.781403 76.096077 0.000352 X6A0
133.195343 75.983414 0.000258 X6A1
140.551529 75.871689 0.000178 X6A2
147.851349 75.760872 0.000139 X6A3
155.096146 75.650948 0.000154 X6A4
162.287186 75.541893 0.000192 X6A5
169.425705 75.433685 0.000229 X6A6
176.512863 75.326317 0.000256 X6A7
183.549835 75.219757 0.000274 X6A8
190.537704 75.113991 0.000285 X6A9
197.477524 75.009010 0.000288 X6AA
204.370331 74.904785 0.000284 X6AB
88.976913 78.446617 0.000520 X6AC
97.849892 78.310471 0.000506 X6AD
106.622566 78.175934 0.000466 X6AE
115.298355 78.042953 0.000402 X6AF
123.880486 77.911476 0.000322 X6B0
132.372025 77.781456 0.000236 X6B1
140.775848 77.652847 0.000162 X6B2
149.094711 77.525597 0.000124 X6B3
157.331223 77.399673 0.000138 X6B4
165.487854 77.275040 0.000175 X6B5
173.566956 77.151649 0.000210 X6B6
181.570770 77.029472 0.000236 X6B7
189.501450 76.908478 0.000253 X6B8
197.361023 76.788620 0.000261 X6B9
205.151428 76.669884 0.000262 X6BA
90.592300 80.211967 0.000420 X6BB
101.013069 80.051041 0.000401 X6BC
111.270531 79.892723 0.000356 X6BD
121.372292 79.736893 0.000291 X6BE
131.325363 79.583443 0.000216 X6BF
141.136276 79.432266 0.000147 X6C0
150.811066 79.283272 0.000110 X6C1
160.355377 79.136368 0.000124 X6C2
169.774475 78.991463 0.000159 X6C3
179.073273 78.848495 0.000192 X6C4
188.256393 78.707375 0.000216 X6C5
197.328125 78.568039 0.000230 X6C6
206.292542 78.430428 0.000235 X6C7
