81.836475  11.993976
83.672910  11.987956
85.509304  11.981938
87.345657  11.975924
89.181970  11.969912
91.018242  11.963904
92.854474  11.957899
94.690665  11.951897
96.526816  11.945898
98.362926  11.939903
100.198996  11.933910
102.035026  11.927920
103.871015  11.921934
105.706964  11.915950
107.542873  11.909970
109.378742  11.903993
111.214571  11.898019
113.050359  11.892048
114.886108  11.886080
116.721817  11.880115
118.557485  11.874153
120.393114  11.868194
122.228703  11.862238
124.064253  11.856286
125.899762  11.850336
127.735232  11.844390
129.570662  11.838446
131.406052  11.832506
133.241403  11.826569
135.076715  11.820634
136.911986  11.814703
138.747219  11.808775
140.582412  11.802850
142.417565  11.796928
144.252679  11.791009
146.087754  11.785093
147.922790  11.779181
149.757786  11.773271
151.592743  11.767364
153.427661  11.761460
155.262540  11.755560
157.097380  11.749662
158.932181  11.743768
160.766943  11.737876
162.601666  11.731988
164.436350  11.726102
166.270995  11.720220
168.105602  11.714340
169.940170  11.708464
171.774698  11.702591
173.609189  11.696720
175.443640  11.690853
177.278053  11.684989
179.112428  11.679127
180.946764  11.673269
182.781061  11.667414
184.615320  11.661562
186.449541  11.655713
188.283723  11.649867
190.117867  11.644023
191.951973  11.638183
193.786040  11.632346
195.620069  11.626512
197.454060  11.620681
199.288013  11.614853
201.121928  11.609028
81.849706  13.800868
83.699357  13.793908
85.548953  13.786952
87.398495  13.779999
89.247981  13.773050
91.097414  13.766105
92.946791  13.759163
94.796114  13.752225
96.645383  13.745290
98.494598  13.738360
100.343758  13.731432
102.192863  13.724509
104.041915  13.717589
105.890912  13.710672
107.739856  13.703760
109.588745  13.696850
111.437580  13.689945
113.286362  13.683043
115.135089  13.676145
116.983763  13.669250
118.832383  13.662359
120.680950  13.655471
122.529462  13.648587
124.377922  13.641707
126.226327  13.634830
128.074679  13.627957
129.922978  13.621088
131.771224  13.614222
133.619416  13.607360
135.467555  13.600501
137.315641  13.593646
139.163674  13.586794
141.011653  13.579946
142.859580  13.573102
144.707454  13.566261
146.555275  13.559424
148.403043  13.552590
150.250758  13.545760
152.098421  13.538933
153.946031  13.532110
155.793588  13.525291
157.641093  13.518475
159.488545  13.511663
161.335945  13.504854
163.183293  13.498049
165.030588  13.491247
166.877831  13.484449
168.725022  13.477655
170.572160  13.470864
172.419247  13.464076
174.266281  13.457293
176.113264  13.450512
177.960194  13.443735
179.807073  13.436962
181.653900  13.430193
183.500675  13.423426
185.347399  13.416664
187.194071  13.409905
189.040691  13.403149
190.887260  13.396397
192.733777  13.389648
194.580243  13.382903
196.426657  13.376162
198.273020  13.369424
200.119332  13.362689
81.864985  15.607481
83.729898  15.599567
85.594740  15.591658
87.459511  15.583753
89.324210  15.575853
91.188839  15.567956
93.053396  15.560064
94.917882  15.552176
96.782297  15.544292
98.646641  15.536412
100.510914  15.528537
102.375117  15.520665
104.239249  15.512798
106.103310  15.504935
107.967301  15.497076
109.831222  15.489222
111.695072  15.481371
113.558852  15.473525
115.422561  15.465683
117.286201  15.457845
119.149771  15.450011
121.013270  15.442182
122.876700  15.434356
124.740060  15.426535
126.603350  15.418718
128.466571  15.410905
130.329722  15.403096
132.192803  15.395291
134.055815  15.387491
135.918758  15.379694
137.781632  15.371902
139.644436  15.364114
141.507171  15.356330
143.369838  15.348550
145.232435  15.340774
147.094963  15.333003
148.957423  15.325235
150.819814  15.317472
152.682136  15.309712
154.544389  15.301957
156.406574  15.294206
158.268691  15.286459
160.130739  15.278717
161.992719  15.270978
163.854631  15.263243
165.716475  15.255513
167.578250  15.247786
169.439958  15.240064
171.301598  15.232346
173.163170  15.224632
175.024674  15.216922
176.886110  15.209216
178.747479  15.201514
180.608781  15.193816
182.470015  15.186123
184.331181  15.178433
186.192280  15.170748
188.053312  15.163066
189.914277  15.155389
191.775175  15.147715
193.636005  15.140046
195.496769  15.132381
197.357466  15.124720
199.218096  15.117063
201.078660  15.109410
81.882394  17.413780
83.764697  17.404897
85.646909  17.396019
87.529031  17.387146
89.411061  17.378277
91.293001  17.369414
93.174851  17.360555
95.056610  17.351701
96.938279  17.342852
98.819858  17.334007
100.701347  17.325168
102.582746  17.316333
104.464055  17.307503
106.345274  17.298677
108.226404  17.289857
110.107444  17.281041
111.988394  17.272230
113.869256  17.263424
115.750028  17.254622
117.630711  17.245825
119.511304  17.237033
121.391809  17.228246
123.272225  17.219464
125.152553  17.210686
127.032791  17.201913
128.912941  17.193145
130.793003  17.184381
132.672976  17.175622
134.552861  17.166868
136.432658  17.158119
138.312367  17.149375
140.191988  17.140635
142.071521  17.131900
143.950967  17.123169
145.830324  17.114444
147.709594  17.105723
149.588777  17.097006
151.467873  17.088295
153.346881  17.079588
155.225802  17.070886
157.104635  17.062188
158.983382  17.053496
160.862043  17.044807
162.740616  17.036124
164.619102  17.027445
166.497503  17.018771
168.375816  17.010102
170.254043  17.001437
172.132184  16.992777
174.010239  16.984122
175.888208  16.975471
177.766091  16.966825
179.643887  16.958184
181.521599  16.949547
183.399224  16.940915
185.276764  16.932288
187.154218  16.923665
189.031587  16.915047
190.908870  16.906434
192.786069  16.897825
194.663182  16.889221
196.540210  16.880622
198.417153  16.872027
200.294012  16.863436
81.902028  19.219734
83.803942  19.209863
85.705743  19.199997
87.607430  19.190137
89.509005  19.180283
91.410466  19.170434
93.311814  19.160590
95.213050  19.150752
97.114173  19.140919
99.015183  19.131091
100.916081  19.121269
102.816867  19.111453
104.717541  19.101642
106.618103  19.091836
108.518552  19.082036
110.418891  19.072241
112.319117  19.062451
114.219232  19.052667
116.119236  19.042888
118.019129  19.033115
119.918910  19.023347
121.818581  19.013585
123.718140  19.003827
125.617589  18.994076
127.516928  18.984329
129.416156  18.974588
131.315274  18.964853
133.214281  18.955122
135.113179  18.945397
137.011966  18.935678
138.910644  18.925964
140.809212  18.916255
142.707671  18.906551
144.606020  18.896853
146.504260  18.887160
148.402391  18.877473
150.300413  18.867791
152.198326  18.858114
154.096130  18.848442
155.993825  18.838776
157.891412  18.829115
159.788891  18.819460
161.686261  18.809810
163.583523  18.800165
165.480677  18.790525
167.377723  18.780891
169.274662  18.771262
171.171492  18.761638
173.068216  18.752020
174.964831  18.742407
176.861340  18.732799
178.757741  18.723196
180.654036  18.713599
182.550223  18.704007
184.446304  18.694420
186.342278  18.684839
188.238146  18.675263
190.133907  18.665692
192.029562  18.656126
193.925110  18.646565
195.820553  18.637010
197.715890  18.627460
199.611121  18.617916
201.506246  18.608376
81.923995  21.025310
83.847851  21.014430
85.771568  21.003556
87.695145  20.992689
89.618583  20.981827
91.541882  20.970971
93.465042  20.960122
95.388064  20.949279
97.310947  20.938442
99.233692  20.927611
101.156299  20.916786
103.078768  20.905967
105.001099  20.895154
106.923292  20.884348
108.845348  20.873547
110.767267  20.862753
112.689049  20.851965
114.610694  20.841182
116.532201  20.830406
118.453573  20.819636
120.374807  20.808872
122.295906  20.798114
124.216868  20.787362
126.137695  20.776617
128.058385  20.765877
129.978940  20.755143
131.899360  20.744416
133.819644  20.733694
135.739793  20.722978
137.659807  20.712269
139.579686  20.701565
141.499430  20.690868
143.419040  20.680176
145.338516  20.669491
147.257857  20.658812
149.177065  20.648138
151.096138  20.637471
153.015078  20.626809
154.933884  20.616154
156.852557  20.605505
158.771097  20.594861
160.689503  20.584224
162.607777  20.573592
164.525918  20.562967
166.443926  20.552347
168.361802  20.541734
170.279546  20.531126
172.197157  20.520524
174.114637  20.509929
176.031985  20.499339
177.949201  20.488755
179.866285  20.478177
181.783238  20.467606
183.700061  20.457040
185.616752  20.446480
187.533312  20.435925
189.449741  20.425377
191.366040  20.414835
193.282209  20.404299
195.198247  20.393768
197.114155  20.383244
199.029934  20.372725
200.945582  20.362212
81.948423  22.830480
83.896676  22.818567
85.844759  22.806661
87.792674  22.794762
89.740419  22.782869
91.687996  22.770984
93.635405  22.759105
95.582645  22.747234
97.529716  22.735369
99.476620  22.723511
101.423357  22.711660
103.369925  22.699816
105.316327  22.687978
107.262561  22.676148
109.208629  22.664324
111.154530  22.652507
113.100264  22.640697
115.045832  22.628894
116.991235  22.617098
118.936471  22.605308
120.881542  22.593525
122.826447  22.581749
124.771187  22.569980
126.715762  22.558218
128.660173  22.546462
130.604418  22.534714
132.548500  22.522972
134.492417  22.511236
136.436170  22.499508
138.379759  22.487786
140.323185  22.476071
142.266448  22.464363
144.209547  22.452662
146.152483  22.440967
148.095257  22.429279
150.037868  22.417598
151.980317  22.405923
153.922603  22.394256
155.864728  22.382595
157.806690  22.370940
159.748491  22.359293
161.690131  22.347652
163.631610  22.336018
165.572928  22.324390
167.514085  22.312769
169.455081  22.301155
171.395917  22.289548
173.336593  22.277947
175.277109  22.266353
177.217465  22.254765
179.157661  22.243184
181.097699  22.231610
183.037577  22.220043
184.977296  22.208482
186.916856  22.196928
188.856257  22.185380
190.795501  22.173839
192.734586  22.162305
194.673513  22.150777
196.612282  22.139256
198.550893  22.127742
200.489347  22.116234
81.975453  24.635213
83.950701  24.622241
85.925746  24.609276
87.900588  24.596318
89.875226  24.583369
91.849662  24.570427
93.823895  24.557493
95.797925  24.544567
97.771753  24.531648
99.745380  24.518737
101.718804  24.505834
103.692028  24.492938
105.665050  24.480050
107.637871  24.467169
109.610492  24.454297
111.582913  24.441432
113.555133  24.428574
115.527154  24.415724
117.498975  24.402882
119.470597  24.390048
121.442020  24.377221
123.413244  24.364401
125.384269  24.351589
127.355097  24.338785
129.325726  24.325989
131.296157  24.313200
133.266391  24.300418
135.236428  24.287644
137.206268  24.274878
139.175911  24.262119
141.145357  24.249368
143.114608  24.236624
145.083662  24.223888
147.052521  24.211160
149.021184  24.198439
150.989652  24.185725
152.957925  24.173019
154.926003  24.160321
156.893887  24.147630
158.861577  24.134946
160.829072  24.122270
162.796374  24.109602
164.763483  24.096941
166.730398  24.084287
168.697120  24.071641
170.663649  24.059002
172.629986  24.046371
174.596131  24.033747
176.562084  24.021131
178.527845  24.008522
180.493414  23.995921
182.458793  23.983327
184.423980  23.970740
186.388976  23.958161
188.353782  23.945589
190.318398  23.933025
192.282824  23.920468
194.247060  23.907918
196.211106  23.895376
198.174963  23.882842
200.138631  23.870314
82.005249  26.439483
84.010255  26.425421
86.015018  26.411367
88.019539  26.397322
90.023816  26.383286
92.027852  26.369258
94.031646  26.355239
96.035198  26.341228
98.038509  26.327226
100.041580  26.313233
102.044410  26.299248
104.046999  26.285271
106.049349  26.271304
108.051460  26.257344
110.053331  26.243394
112.054963  26.229451
114.056357  26.215518
116.057512  26.201593
118.058430  26.187676
120.059110  26.173768
122.059553  26.159868
124.059759  26.145977
126.059728  26.132094
128.059461  26.118220
130.058958  26.104354
132.058219  26.090496
134.057245  26.076647
136.056036  26.062807
138.054592  26.048975
140.052913  26.035151
142.051001  26.021336
144.048855  26.007529
146.046475  25.993731
148.043862  25.979941
150.041016  25.966159
152.037938  25.952386
154.034627  25.938621
156.031085  25.924865
158.027310  25.911116
160.023305  25.897377
162.019068  25.883645
164.014601  25.869922
166.009904  25.856207
168.004976  25.842501
169.999819  25.828803
171.994432  25.815113
173.988816  25.801431
175.982971  25.787758
177.976898  25.774093
179.970596  25.760436
181.964066  25.746788
183.957309  25.733148
185.950325  25.719516
187.943113  25.705893
189.935675  25.692277
191.928010  25.678670
193.920119  25.665071
195.912002  25.651481
197.903660  25.637898
199.895092  25.624324
201.886300  25.610758
82.037999  28.243263
84.075710  28.228078
86.113133  28.212902
88.150267  28.197736
90.187115  28.182580
92.223675  28.167433
94.259949  28.152295
96.295936  28.137168
98.331638  28.122049
100.367054  28.106941
102.402185  28.091842
104.437032  28.076752
106.471594  28.061672
108.505873  28.046601
110.539868  28.031540
112.573580  28.016489
114.607009  28.001446
116.640157  27.986414
118.673022  27.971391
120.705606  27.956377
122.737909  27.941373
124.769932  27.926378
126.801674  27.911393
128.833136  27.896417
130.864319  27.881450
132.895223  27.866493
134.925848  27.851545
136.956195  27.836607
138.986264  27.821678
141.016055  27.806758
143.045570  27.791848
145.074807  27.776947
147.103768  27.762056
149.132454  27.747174
151.160863  27.732301
153.188998  27.717437
155.216857  27.702583
157.244443  27.687738
159.271754  27.672903
161.298791  27.658076
163.325555  27.643259
165.352047  27.628452
167.378265  27.613653
169.404212  27.598864
171.429887  27.584084
173.455290  27.569313
175.480423  27.554552
177.505284  27.539800
179.529876  27.525057
181.554198  27.510323
183.578250  27.495598
185.602033  27.480883
187.625547  27.466177
189.648793  27.451480
191.671770  27.436792
193.694480  27.422113
195.716923  27.407443
197.739099  27.392783
199.761009  27.378132
201.782652  27.363489
82.073915  30.046529
84.147490  30.030183
86.220725  30.013848
88.293620  29.997524
90.366176  29.981210
92.438394  29.964907
94.510273  29.948615
96.581815  29.932333
98.653021  29.916062
100.723889  29.899802
102.794422  29.883552
104.864619  29.867312
106.934481  29.851084
109.004008  29.834866
111.073201  29.818658
113.142061  29.802461
115.210588  29.786275
117.278782  29.770099
119.346644  29.753934
121.414174  29.737779
123.481373  29.721635
125.548242  29.705501
127.614780  29.689378
129.680989  29.673265
131.746869  29.657163
133.812420  29.641071
135.877642  29.624990
137.942537  29.608919
140.007105  29.592859
142.071346  29.576809
144.135260  29.560769
146.198849  29.544740
148.262112  29.528721
150.325051  29.512712
152.387665  29.496714
154.449955  29.480727
156.511922  29.464749
158.573565  29.448782
160.634886  29.432826
162.695885  29.416879
164.756563  29.400943
166.816919  29.385018
168.876955  29.369102
170.936670  29.353197
172.996066  29.337302
175.055143  29.321418
177.113900  29.305543
179.172340  29.289679
181.230461  29.273825
183.288265  29.257982
185.345752  29.242148
187.402923  29.226325
189.459777  29.210512
191.516316  29.194709
193.572540  29.178917
195.628449  29.163134
197.684044  29.147362
199.739326  29.131600
201.794294  29.115848
82.113239  31.849258
84.226079  31.831710
86.338518  31.814174
88.450559  31.796650
90.562202  31.779137
92.673446  31.761637
94.784294  31.744148
96.894746  31.726672
99.004801  31.709207
101.114462  31.691754
103.223728  31.674313
105.332600  31.656883
107.441078  31.639466
109.549164  31.622060
111.656857  31.604666
113.764160  31.587284
115.871071  31.569913
117.977591  31.552554
120.083723  31.535207
122.189464  31.517872
124.294818  31.500548
126.399783  31.483236
128.504361  31.465936
130.608553  31.448647
132.712358  31.431370
134.815778  31.414105
136.918812  31.396851
139.021463  31.379609
141.123729  31.362378
143.225612  31.345160
145.327113  31.327952
147.428232  31.310756
149.528969  31.293572
151.629325  31.276400
153.729301  31.259238
155.828898  31.242089
157.928115  31.224951
160.026954  31.207824
162.125415  31.190709
164.223498  31.173605
166.321205  31.156513
168.418535  31.139432
170.515490  31.122363
172.612069  31.105305
174.708274  31.088259
176.804106  31.071223
178.899563  31.054200
180.994648  31.037187
183.089361  31.020186
185.183702  31.003197
187.277672  30.986219
189.371271  30.969252
191.464501  30.952296
193.557361  30.935352
195.649852  30.918419
197.741974  30.901497
199.833729  30.884587
201.925117  30.867688
82.156248  33.651428
84.312028  33.632631
86.467339  33.613848
88.622184  33.595077
90.776561  33.576320
92.930474  33.557576
95.083921  33.538846
97.236904  33.520128
99.389424  33.501424
101.541481  33.482733
103.693076  33.464055
105.844211  33.445390
107.994884  33.426739
110.145098  33.408100
112.294854  33.389475
114.444151  33.370863
116.592991  33.352264
118.741374  33.333677
120.889301  33.315104
123.036773  33.296544
125.183790  33.277997
127.330354  33.259463
129.476465  33.240942
131.622124  33.222434
133.767331  33.203939
135.912087  33.185457
138.056394  33.166988
140.200251  33.148532
142.343659  33.130088
144.486620  33.111658
146.629133  33.093240
148.771200  33.074835
150.912822  33.056443
153.053998  33.038064
155.194730  33.019698
157.335018  33.001345
159.474864  32.983004
161.614267  32.964676
163.753230  32.946361
165.891751  32.928058
168.029832  32.909769
170.167474  32.891492
172.304678  32.873228
174.441443  32.854976
176.577771  32.836737
178.713663  32.818511
180.849119  32.800298
182.984140  32.782097
185.118726  32.763908
187.252879  32.745733
189.386599  32.727570
191.519886  32.709419
193.652742  32.691281
195.785167  32.673156
197.917161  32.655043
200.048726  32.636943
82.203258  35.453019
84.405968  35.432921
86.608131  35.412838
88.809749  35.392770
91.010821  35.372717
93.211349  35.352678
95.411334  35.332654
97.610777  35.312645
99.809679  35.292651
102.008040  35.272671
104.205862  35.252706
106.403145  35.232755
108.599891  35.212820
110.796100  35.192898
112.991774  35.172992
115.186912  35.153100
117.381517  35.133223
119.575589  35.113360
121.769129  35.093512
123.962137  35.073678
126.154616  35.053858
128.346565  35.034054
130.537985  35.014263
132.728879  34.994488
134.919245  34.974726
137.109086  34.954979
139.298402  34.935247
141.487194  34.915528
143.675463  34.895824
145.863210  34.876135
148.050435  34.856460
150.237141  34.836799
152.423326  34.817152
154.608994  34.797520
156.794143  34.777902
158.978776  34.758298
161.162892  34.738708
163.346494  34.719133
165.529581  34.699572
167.712155  34.680025
169.894216  34.660492
172.075766  34.640973
174.256805  34.621469
176.437334  34.601978
178.617354  34.582502
180.796866  34.563040
182.975870  34.543591
185.154368  34.524157
187.332360  34.504737
189.509848  34.485331
191.686832  34.465939
193.863312  34.446560
196.039290  34.427196
198.214767  34.407846
200.389744  34.388509
82.254631  37.254012
84.508623  37.232556
86.761976  37.211115
89.014693  37.189691
91.266773  37.168284
93.518219  37.146893
95.769031  37.125519
98.019211  37.104161
100.268759  37.082820
102.517678  37.061495
104.765967  37.040186
107.013629  37.018894
109.260664  36.997618
111.507073  36.976358
113.752858  36.955115
115.998020  36.933888
118.242559  36.912677
120.486478  36.891482
122.729777  36.870304
124.972457  36.849142
127.214519  36.827996
129.455965  36.806866
131.696795  36.785753
133.937011  36.764655
136.176614  36.743574
138.415605  36.722508
140.653985  36.701459
142.891755  36.680426
145.128917  36.659408
147.365470  36.638407
149.601417  36.617422
151.836759  36.596452
154.071496  36.575499
156.305630  36.554561
158.539161  36.533639
160.772092  36.512734
163.004422  36.491844
165.236153  36.470969
167.467287  36.450111
169.697823  36.429268
171.927764  36.408442
174.157110  36.387630
176.385862  36.366835
178.614022  36.346055
180.841590  36.325291
183.068567  36.304543
185.294955  36.283810
187.520755  36.263093
189.745968  36.242392
191.970594  36.221706
194.194634  36.201035
196.418091  36.180381
198.640964  36.159741
200.863255  36.139118
82.310784  39.054391
84.620822  39.031510
86.930115  39.008647
89.238666  38.985803
91.546476  38.962977
93.853546  38.940170
96.159877  38.917381
98.465471  38.894611
100.770330  38.871859
103.074455  38.849126
105.377847  38.826410
107.680507  38.803714
109.982438  38.781035
112.283640  38.758375
114.584115  38.735732
116.883864  38.713108
119.182889  38.690503
121.481191  38.667915
123.778772  38.645345
126.075633  38.622794
128.371775  38.600261
130.667199  38.577745
132.961908  38.555248
135.255902  38.532769
137.549183  38.510308
139.841751  38.487864
142.133610  38.465439
144.424759  38.443031
146.715201  38.420641
149.004936  38.398270
151.293966  38.375916
153.582292  38.353579
155.869916  38.331261
158.156839  38.308960
160.443062  38.286677
162.728587  38.264412
165.013414  38.242164
167.297546  38.219934
169.580984  38.197722
171.863728  38.175527
174.145781  38.153350
176.427143  38.131190
178.707816  38.109048
180.987801  38.086923
183.267099  38.064816
185.545712  38.042726
187.823642  38.020654
190.100888  37.998599
192.377453  37.976561
194.653338  37.954541
196.928544  37.932538
199.203073  37.910553
201.476925  37.888584
82.372196  40.854138
84.743522  40.829759
87.113980  40.805402
89.483573  40.781065
91.852301  40.756749
94.220167  40.732453
96.587173  40.708179
98.953320  40.683925
101.318610  40.659691
103.683044  40.635478
106.046626  40.611286
108.409355  40.587114
110.771235  40.562963
113.132267  40.538832
115.492452  40.514722
117.851792  40.490632
120.210290  40.466562
122.567947  40.442513
124.924764  40.418484
127.280743  40.394475
129.635886  40.370486
131.990195  40.346518
134.343671  40.322570
136.696317  40.298642
139.048133  40.274734
141.399122  40.250846
143.749284  40.226978
146.098623  40.203131
148.447139  40.179303
150.794835  40.155495
153.141711  40.131707
155.487770  40.107939
157.833013  40.084191
160.177441  40.060463
162.521058  40.036754
164.863863  40.013065
167.205859  39.989396
169.547048  39.965747
171.887430  39.942118
174.227008  39.918508
176.565784  39.894917
178.903758  39.871347
181.240933  39.847795
183.577310  39.824264
185.912890  39.800752
188.247676  39.777259
190.581669  39.753786
192.914870  39.730332
195.247281  39.706898
197.578904  39.683482
199.909740  39.660087
202.239791  39.636710
82.439422  42.653238
84.877830  42.627280
87.315226  42.601346
89.751612  42.575435
92.186990  42.549547
94.621362  42.523683
97.054732  42.497842
99.487101  42.472024
101.918471  42.446229
104.348844  42.420458
106.778223  42.394709
109.206610  42.368984
111.634007  42.343282
114.060416  42.317602
116.485840  42.291946
118.910280  42.266313
121.333739  42.240702
123.756219  42.215114
126.177722  42.189549
128.598250  42.164007
131.017806  42.138487
133.436390  42.112990
135.854007  42.087516
138.270657  42.062065
140.686343  42.036635
143.101067  42.011229
145.514831  41.985845
147.927637  41.960483
150.339487  41.935144
152.750383  41.909827
155.160328  41.884533
157.569322  41.859260
159.977370  41.834011
162.384472  41.808783
164.790630  41.783577
167.195847  41.758394
169.600124  41.733233
172.003464  41.708093
174.405868  41.682976
176.807340  41.657881
179.207879  41.632808
181.607490  41.607757
184.006173  41.582727
186.403930  41.557720
188.800764  41.532734
191.196677  41.507770
193.591670  41.482828
195.985746  41.457908
198.378906  41.433009
200.771152  41.408132
82.513109  44.451678
85.025033  44.424048
87.535776  44.396445
90.045339  44.368868
92.553726  44.341317
95.060939  44.313793
97.566982  44.286295
100.071857  44.258824
102.575567  44.231378
105.078114  44.203959
107.579502  44.176565
110.079733  44.149198
112.578810  44.121856
115.076736  44.094541
117.573512  44.067251
120.069143  44.039987
122.563631  44.012749
125.056978  43.985537
127.549188  43.958350
130.040262  43.931189
132.530203  43.904053
135.019015  43.876943
137.506700  43.849859
139.993259  43.822799
142.478697  43.795766
144.963016  43.768757
147.446218  43.741774
149.928306  43.714816
152.409282  43.687884
154.889149  43.660976
157.367910  43.634094
159.845567  43.607236
162.322122  43.580404
164.797579  43.553597
167.271940  43.526814
169.745207  43.500057
172.217383  43.473324
174.688471  43.446616
177.158472  43.419933
179.627390  43.393274
182.095226  43.366641
184.561984  43.340031
187.027666  43.313447
189.492274  43.286887
191.955811  43.260351
194.418279  43.233840
196.879680  43.207353
199.340018  43.180891
201.799294  43.154452
82.594010  46.249443
85.186633  46.220037
87.777874  46.190660
90.367736  46.161314
92.956223  46.131998
95.543338  46.102711
98.129084  46.073454
100.713466  46.044227
103.296486  46.015029
105.878149  45.985861
108.458457  45.956722
111.037414  45.927613
113.615023  45.898533
116.191289  45.869483
118.766214  45.840461
121.339801  45.811469
123.912055  45.782506
126.482979  45.753572
129.052575  45.724667
131.620848  45.695791
134.187800  45.666944
136.753435  45.638126
139.317756  45.609336
141.880767  45.580576
144.442471  45.551844
147.002871  45.523140
149.561970  45.494465
152.119772  45.465819
154.676280  45.437201
157.231497  45.408611
159.785426  45.380050
162.338071  45.351516
164.889434  45.323012
167.439520  45.294535
169.988330  45.266086
172.535869  45.237665
175.082140  45.209273
177.627144  45.180908
180.170887  45.152571
182.713370  45.124262
185.254597  45.095981
187.794572  45.067727
190.333296  45.039501
192.870773  45.011303
195.407007  44.983132
197.942000  44.954989
200.475755  44.926873
82.683009  48.046520
85.364393  48.015219
88.044156  47.983951
90.722303  47.952718
93.398837  47.921518
96.073764  47.890353
98.747089  47.859221
101.418814  47.828123
104.088946  47.797059
106.757488  47.766028
109.424445  47.735031
112.089821  47.704067
114.753620  47.673137
117.415847  47.642239
120.076507  47.611376
122.735603  47.580545
125.393139  47.549747
128.049121  47.518982
130.703551  47.488250
133.356435  47.457551
136.007777  47.426885
138.657581  47.396251
141.305851  47.365650
143.952591  47.335082
146.597805  47.304546
149.241498  47.274043
151.883674  47.243571
154.524336  47.213132
157.163489  47.182726
159.801137  47.152351
162.437284  47.122008
165.071934  47.091698
167.705091  47.061419
170.336758  47.031172
172.966941  47.000957
175.595642  46.970774
178.222867  46.940622
180.848618  46.910502
183.472900  46.880413
186.095716  46.850356
188.717071  46.820330
191.336969  46.790335
193.955412  46.760372
196.572406  46.730439
199.187953  46.700538
201.802059  46.670668
82.781153  49.842896
85.560395  49.809563
88.337730  49.776270
91.113165  49.743016
93.886706  49.709800
96.658358  49.676624
99.428127  49.643486
102.196018  49.610386
104.962038  49.577325
107.726191  49.544302
110.488484  49.511318
113.248922  49.478371
116.007511  49.445463
118.764255  49.412593
121.519162  49.379760
124.272235  49.346966
127.023481  49.314209
129.772905  49.281489
132.520512  49.248808
135.266308  49.216163
138.010298  49.183556
140.752488  49.150986
143.492882  49.118453
146.231486  49.085958
148.968305  49.053499
151.703345  49.021077
154.436611  48.988692
157.168107  48.956343
159.897840  48.924031
162.625813  48.891756
165.352033  48.859517
168.076505  48.827314
170.799232  48.795148
173.520222  48.763018
176.239478  48.730924
178.957005  48.698865
181.672809  48.666843
184.386894  48.634857
187.099266  48.602906
189.809929  48.570991
192.518889  48.539111
195.226149  48.507267
197.931716  48.475458
200.635593  48.443685
82.889685  51.638555
85.777113  51.603037
88.662291  51.567564
91.545227  51.532135
94.425929  51.496752
97.304403  51.461413
100.180658  51.426118
103.054700  51.390867
105.926536  51.355661
108.796175  51.320499
111.663623  51.285380
114.528886  51.250306
117.391974  51.215274
120.252891  51.180287
123.111646  51.145343
125.968246  51.110442
128.822697  51.075584
131.675006  51.040770
134.525181  51.005998
137.373228  50.971269
140.219154  50.936583
143.062966  50.901940
145.904671  50.867339
148.744275  50.832780
151.581784  50.798264
154.417207  50.763789
157.250549  50.729357
160.081817  50.694967
162.911018  50.660618
165.738157  50.626311
168.563243  50.592046
171.386280  50.557822
174.207276  50.523639
177.026237  50.489498
179.843169  50.455398
182.658079  50.421338
185.470974  50.387320
188.281858  50.353343
191.090739  50.319406
193.897623  50.285510
196.702516  50.251654
199.505424  50.217839
202.306354  50.184064
83.010092  53.433481
86.017508  53.395599
89.022258  53.357769
92.024351  53.319991
95.023797  53.282264
98.020606  53.244589
101.014787  53.206965
104.006349  53.169392
106.995303  53.131870
109.981656  53.094399
112.965420  53.056978
115.946602  53.019608
118.925213  52.982289
121.901260  52.945019
124.874754  52.907800
127.845704  52.870631
130.814118  52.833511
133.780005  52.796441
136.743375  52.759420
139.704236  52.722448
142.662597  52.685526
145.618467  52.648653
148.571854  52.611828
151.522767  52.575052
154.471216  52.538325
157.417207  52.501646
160.360751  52.465015
163.301854  52.428433
166.240527  52.391898
169.176777  52.355411
172.110612  52.318972
175.042042  52.282580
177.971073  52.246236
180.897715  52.209939
183.821975  52.173690
186.743862  52.137487
189.663384  52.101331
192.580548  52.065222
195.495364  52.029159
198.407838  51.993143
201.317979  51.957173
83.144173  55.227656
86.285156  55.187203
89.422963  55.146811
92.557606  55.106479
95.689098  55.066207
98.817451  55.025995
101.942677  54.985843
105.064790  54.945750
108.183801  54.905716
111.299723  54.865742
114.412568  54.825826
117.522348  54.785969
120.629074  54.746170
123.732760  54.706429
126.833417  54.666747
129.931056  54.627122
133.025690  54.587555
136.117330  54.548045
139.205988  54.508593
142.291674  54.469197
145.374402  54.429859
148.454181  54.390577
151.531024  54.351351
154.604942  54.312182
157.675945  54.273069
160.744045  54.234012
163.809253  54.195011
166.871581  54.156065
169.931038  54.117174
172.987635  54.078339
176.041385  54.039558
179.092296  54.000833
182.140381  53.962162
185.185649  53.923545
188.228111  53.884983
191.267778  53.846475
194.304660  53.808021
197.338767  53.769620
200.370110  53.731273
83.294117  57.021056
86.584409  56.977792
89.870893  56.934599
93.153587  56.891476
96.432507  56.848424
99.707670  56.805443
102.979093  56.762531
106.246791  56.719688
109.510781  56.676915
112.771080  56.634212
116.027704  56.591576
119.280667  56.549010
122.529987  56.506511
125.775680  56.464081
129.017760  56.421718
132.256243  56.379423
135.491145  56.337195
138.722482  56.295034
141.950267  56.252940
145.174517  56.210912
148.395247  56.168951
151.612471  56.127055
154.826205  56.085225
158.036463  56.043461
161.243259  56.001762
164.446609  55.960128
167.646526  55.918558
170.843026  55.877053
174.036122  55.835613
177.225829  55.794236
180.412160  55.752923
183.595129  55.711674
186.774752  55.670488
189.951040  55.629365
193.124009  55.588305
196.293671  55.547308
199.460040  55.506373
202.623130  55.465500
83.462616  58.813652
86.920614  58.767294
90.374017  58.721020
93.822846  58.674830
97.267125  58.628723
100.706877  58.582698
104.142123  58.536757
107.572886  58.490897
110.999186  58.445119
114.421047  58.399423
117.838490  58.353808
121.251535  58.308273
124.660205  58.262819
128.064519  58.217445
131.464500  58.172150
134.860168  58.126935
138.251543  58.081799
141.638647  58.036742
145.021498  57.991763
148.400117  57.946861
151.774525  57.902038
155.144741  57.857292
158.510784  57.812623
161.872675  57.768030
165.230432  57.723514
168.584075  57.679074
171.933623  57.634710
175.279095  57.590421
178.620509  57.546208
181.957885  57.502069
185.291241  57.458004
188.620595  57.414014
191.945966  57.370098
195.267371  57.326255
198.584830  57.282486
201.898359  57.238789
83.653023  60.605408
87.300422  60.555622
90.942230  60.505935
94.578478  60.456349
98.209195  60.406862
101.834413  60.357474
105.454162  60.308184
109.068472  60.258992
112.677373  60.209897
116.280894  60.160899
119.879064  60.111998
123.471913  60.063192
127.059469  60.014482
130.641760  59.965867
134.218815  59.917347
137.790662  59.868920
141.357328  59.820587
144.918842  59.772348
148.475229  59.724201
152.026519  59.676146
155.572736  59.628183
159.113908  59.580312
162.650062  59.532531
166.181222  59.484842
169.707416  59.437242
173.228670  59.389732
176.745007  59.342311
180.256455  59.294979
183.763038  59.247735
187.264780  59.200580
190.761707  59.153512
194.253844  59.106531
197.741213  59.059637
201.223840  59.012829
83.869555  62.396275
87.732198  62.342660
91.587974  62.289166
95.436924  62.235793
99.279093  62.182539
103.114521  62.129404
106.943252  62.076388
110.765326  62.023490
114.580785  61.970708
118.389669  61.918043
122.192019  61.865494
125.987874  61.813060
129.777275  61.760740
133.560259  61.708534
137.336866  61.656442
141.107134  61.604462
144.871101  61.552594
148.628804  61.500837
152.380282  61.449191
156.125570  61.397655
159.864706  61.346229
163.597725  61.294911
167.324663  61.243702
171.045557  61.192601
174.760441  61.141607
178.469349  61.090720
182.172318  61.039938
185.869380  60.989262
189.560569  60.938691
193.245920  60.888225
196.925466  60.837862
200.599239  60.787603
84.117601  64.186188
88.226612  64.128261
92.327094  64.070483
96.419110  64.012851
100.502720  63.955366
104.577983  63.898026
108.644958  63.840830
112.703704  63.783778
116.754278  63.726867
120.796738  63.670099
124.831140  63.613471
128.857540  63.556982
132.875993  63.500633
136.886553  63.444421
140.889275  63.388346
144.884212  63.332407
148.871417  63.276603
152.850942  63.220934
156.822839  63.165399
160.787158  63.109996
164.743951  63.054725
168.693267  62.999585
172.635155  62.944576
176.569666  62.889696
180.496847  62.834944
184.416746  62.780321
188.329410  62.725825
192.234888  62.671455
196.133224  62.617211
200.024465  62.563092
84.404149  65.975058
88.797483  65.912229
93.180093  65.849584
97.552066  65.787121
101.913491  65.724839
106.264454  65.662736
110.605038  65.600812
114.935330  65.539064
119.255410  65.477491
123.565362  65.416093
127.865266  65.354867
132.155201  65.293813
136.435246  65.232929
140.705479  65.172214
144.965977  65.111667
149.216815  65.051286
153.458068  64.991071
157.689809  64.931019
161.912113  64.871131
166.125050  64.811404
170.328692  64.751838
174.523110  64.692431
178.708371  64.633182
182.884546  64.574091
187.051702  64.515156
191.209906  64.456376
195.359224  64.397750
199.499721  64.339276
203.631461  64.280955
84.738428  67.762763
89.463033  67.694300
94.173949  67.626069
98.871308  67.558067
103.555238  67.490292
108.225868  67.422742
112.883322  67.355416
117.527725  67.288310
122.159198  67.221424
126.777861  67.154756
131.383833  67.088302
135.977228  67.022062
140.558163  66.956034
145.126750  66.890215
149.683099  66.824605
154.227322  66.759201
158.759526  66.694001
163.279817  66.629005
167.788300  66.564209
172.285079  66.499613
176.770256  66.435215
181.243931  66.371013
185.706204  66.307005
190.157172  66.243191
194.596931  66.179568
199.025578  66.116135
203.443205  66.052890
85.132881  69.549131
90.247774  69.474113
95.344885  69.399392
100.424414  69.324965
105.486560  69.250828
110.531516  69.176979
115.559473  69.103415
120.570618  69.030132
125.565134  68.957127
130.543203  68.884399
135.505000  68.811943
140.450702  68.739757
145.380478  68.667839
150.294497  68.596185
155.192924  68.524793
160.075922  68.453660
164.943651  68.382785
169.796267  68.312163
174.633925  68.241793
179.456778  68.171673
184.264973  68.101800
189.058659  68.032171
193.837980  67.962784
198.603078  67.893638
203.354094  67.824729
85.604687  71.333920
91.185460  71.251164
96.742645  71.168798
102.276561  71.086816
107.787521  71.005215
113.275829  70.923988
118.741784  70.843132
124.185680  70.762641
129.607801  70.682511
135.008429  70.602737
140.387837  70.523316
145.746294  70.444242
151.084063  70.365512
156.401402  70.287121
161.698563  70.209066
166.975793  70.131342
172.233335  70.053945
177.471427  69.976873
182.690302  69.900120
187.890187  69.823684
193.071308  69.747561
198.233883  69.671747
203.378129  69.596239
86.178246  73.116772
92.323863  73.024727
98.437393  72.933208
104.519365  72.842206
110.570292  72.751713
116.590676  72.661721
122.581002  72.572222
128.541746  72.483208
134.473369  72.394673
140.376322  72.306608
146.251045  72.219007
152.097965  72.131864
157.917501  72.045171
163.710059  71.958922
169.476037  71.873111
175.215824  71.787731
180.929798  71.702776
186.618328  71.618241
192.281777  71.534120
197.920497  71.450407
203.534832  71.367096
86.889387  74.897151
93.732814  74.793731
100.531233  74.691043
107.285562  74.589071
113.996691  74.487802
120.665479  74.387221
127.292758  74.287315
133.879332  74.188072
140.425981  74.089480
146.933462  73.991525
153.402504  73.894197
159.833820  73.797484
166.228096  73.701376
172.586000  73.605861
178.908182  73.510930
185.195271  73.416571
191.447878  73.322777
197.666596  73.229536
203.852005  73.136840
87.792908  76.674221
95.518447  76.556529
103.178396  76.439895
110.774461  76.324293
118.308274  76.209695
125.781399  76.096078
133.195337  75.983417
140.551528  75.871689
147.851356  75.760874
155.096149  75.650948
162.287187  75.541893
169.425698  75.433688
176.512868  75.326315
183.549836  75.219756
190.537702  75.113993
197.477527  75.009009
204.370333  74.904788
88.976914  78.446617
97.849895  78.310471
106.622570  78.175935
115.298357  78.042954
123.880488  77.911477
132.372019  77.781456
140.775845  77.652844
149.094711  77.525598
157.331221  77.399676
165.487851  77.275039
173.566956  77.151651
181.570778  77.029474
189.501453  76.908475
197.361020  76.788623
205.151425  76.669885
90.592299  80.211969
101.013068  80.051039
111.270534  79.892720
121.372293  79.736892
131.325368  79.583443
141.136275  79.432269
150.811066  79.283273
160.355381  79.136367
169.774479  78.991466
179.073279  78.848493
188.256386  78.707374
197.328122  78.568040
206.292546  78.430427
