81.836479 11.993977 0.000200
83.672913 11.987956 0.000200
85.509300 11.981938 0.000201
87.345657 11.975924 0.000202
89.181969 11.969913 0.000203
91.018242 11.963904 0.000204
92.854477 11.957899 0.000205
94.690666 11.951898 0.000205
96.526817 11.945898 0.000206
98.362923 11.939902 0.000205
100.198997 11.933909 0.000204
102.035027 11.927920 0.000201
103.871017 11.921934 0.000197
105.706963 11.915951 0.000191
107.542870 11.909970 0.000184
109.378738 11.903993 0.000174
111.214569 11.898019 0.000162
113.050362 11.892048 0.000149
114.886108 11.886080 0.000133
116.721817 11.880115 0.000116
118.557487 11.874153 0.000098
120.393112 11.868194 0.000079
122.228706 11.862238 0.000062
124.064255 11.856286 0.000052
125.899765 11.850336 0.000055
127.735229 11.844390 0.000069
129.570663 11.838447 0.000087
131.406052 11.832506 0.000102
133.241409 11.826569 0.000111
135.076721 11.820635 0.000111
136.911987 11.814703 0.000101
138.747223 11.808775 0.000082
140.582413 11.802850 0.000063
142.417572 11.796928 0.000072
144.252686 11.791009 0.000116
146.087753 11.785093 0.000176
147.922791 11.779181 0.000241
149.757782 11.773271 0.000306
151.592743 11.767365 0.000366
153.427658 11.761460 0.000419
155.262543 11.755560 0.000463
157.097382 11.749662 0.000498
158.932175 11.743768 0.000524
160.766937 11.737876 0.000542
162.601669 11.731988 0.000551
164.436356 11.726102 0.000554
166.270996 11.720220 0.000551
168.105606 11.714340 0.000543
169.940170 11.708464 0.000530
171.774704 11.702591 0.000516
173.609192 11.696720 0.000499
175.443634 11.690853 0.000481
177.278061 11.684989 0.000462
179.112427 11.679128 0.000443
180.946762 11.673269 0.000425
182.781067 11.667414 0.000407
184.615326 11.661562 0.000390
186.449539 11.655713 0.000374
188.283722 11.649866 0.000358
190.117874 11.644024 0.000344
191.951965 11.638184 0.000330
193.786041 11.632346 0.000316
195.620071 11.626513 0.000303
197.454056 11.620681 0.000291
199.288010 11.614853 0.000279
201.121933 11.609028 0.000268
81.849709 13.800868 0.000213
83.699356 13.793908 0.000214
85.548950 13.786952 0.000216
87.398491 13.780000 0.000219
89.247978 13.773050 0.000221
91.097412 13.766105 0.000224
92.946793 13.759163 0.000227
94.796112 13.752225 0.000229
96.645386 13.745291 0.000231
98.494598 13.738359 0.000232
100.343758 13.731432 0.000233
102.192863 13.724508 0.000231
104.041916 13.717588 0.000229
105.890915 13.710672 0.000224
107.739853 13.703759 0.000217
109.588745 13.696851 0.000209
111.437584 13.689945 0.000198
113.286362 13.683043 0.000185
115.135086 13.676145 0.000170
116.983765 13.669250 0.000152
118.832382 13.662359 0.000131
120.680946 13.655472 0.000108
122.529465 13.648587 0.000085
124.377922 13.641707 0.000064
126.226326 13.634830 0.000056
128.074677 13.627957 0.000067
129.922974 13.621088 0.000087
131.771225 13.614222 0.000107
133.619415 13.607360 0.000119
135.467560 13.600501 0.000120
137.315643 13.593646 0.000107
139.163681 13.586794 0.000084
141.011658 13.579947 0.000067
142.859573 13.573102 0.000096
144.707458 13.566261 0.000161
146.555267 13.559423 0.000240
148.403046 13.552590 0.000321
150.250763 13.545760 0.000398
152.098419 13.538934 0.000466
153.946030 13.532110 0.000523
155.793594 13.525291 0.000568
157.641098 13.518476 0.000600
159.488541 13.511662 0.000620
161.335938 13.504854 0.000630
163.183289 13.498049 0.000632
165.030594 13.491247 0.000627
166.877838 13.484449 0.000616
168.725021 13.477654 0.000600
170.572159 13.470864 0.000581
172.419250 13.464076 0.000559
174.266281 13.457293 0.000536
176.113266 13.450512 0.000513
177.960190 13.443735 0.000489
179.807068 13.436962 0.000465
181.653900 13.430193 0.000443
183.500671 13.423427 0.000422
185.347397 13.416664 0.000402
187.194077 13.409904 0.000383
189.040695 13.403149 0.000365
190.887253 13.396397 0.000349
192.733780 13.389648 0.000333
194.580246 13.382903 0.000318
196.426651 13.376162 0.000304
198.273026 13.369424 0.000291
200.119339 13.362689 0.000279
81.864983 15.607481 0.000226
83.729897 15.599567 0.000230
85.594742 15.591659 0.000233
87.459511 15.583754 0.000237
89.324211 15.575852 0.000242
91.188835 15.567956 0.000246
93.053398 15.560064 0.000251
94.917885 15.552176 0.000255
96.782295 15.544291 0.000259
98.646645 15.536412 0.000262
100.510918 15.528537 0.000264
102.375114 15.520665 0.000265
104.239250 15.512798 0.000264
106.103310 15.504935 0.000261
107.967300 15.497076 0.000256
109.831223 15.489222 0.000250
111.695068 15.481371 0.000241
113.558853 15.473525 0.000229
115.422562 15.465683 0.000215
117.286201 15.457845 0.000197
119.149773 15.450011 0.000175
121.013268 15.442182 0.000148
122.876701 15.434356 0.000118
124.740059 15.426535 0.000087
126.603348 15.418717 0.000065
128.466568 15.410905 0.000066
130.329727 15.403096 0.000089
132.192810 15.395291 0.000114
134.055817 15.387490 0.000131
135.918762 15.379694 0.000133
137.781631 15.371902 0.000116
139.644440 15.364114 0.000086
141.507172 15.356330 0.000079
143.369843 15.348550 0.000138
145.232437 15.340775 0.000230
147.094971 15.333002 0.000333
148.957428 15.325235 0.000433
150.819809 15.317472 0.000524
152.682129 15.309712 0.000599
154.544388 15.301957 0.000657
156.406570 15.294207 0.000698
158.268692 15.286459 0.000722
160.130737 15.278717 0.000732
161.992722 15.270978 0.000731
163.854630 15.263244 0.000721
165.716476 15.255513 0.000704
167.578247 15.247787 0.000683
169.439957 15.240065 0.000658
171.301605 15.232346 0.000630
173.163162 15.224632 0.000601
175.024673 15.216922 0.000571
176.886108 15.209216 0.000541
178.747482 15.201514 0.000512
180.608780 15.193816 0.000484
182.470016 15.186123 0.000458
184.331177 15.178433 0.000433
186.192276 15.170748 0.000410
188.053314 15.163066 0.000389
189.914276 15.155389 0.000369
191.775177 15.147716 0.000351
193.636002 15.140046 0.000334
195.496765 15.132381 0.000318
197.357468 15.124720 0.000303
199.218094 15.117063 0.000289
201.078659 15.109410 0.000276
81.882393 17.413780 0.000241
83.764694 17.404898 0.000246
85.646912 17.396019 0.000251
87.529030 17.387146 0.000257
89.411064 17.378277 0.000263
91.292999 17.369413 0.000270
93.174850 17.360556 0.000277
95.056610 17.351702 0.000283
96.938278 17.342852 0.000289
98.819855 17.334007 0.000295
100.701347 17.325167 0.000299
102.582748 17.316332 0.000302
104.464058 17.307503 0.000303
106.345276 17.298677 0.000303
108.226402 17.289856 0.000302
110.107445 17.281040 0.000298
111.988396 17.272230 0.000292
113.869255 17.263424 0.000284
115.750031 17.254622 0.000272
117.630707 17.245825 0.000254
119.511307 17.237034 0.000231
121.391808 17.228247 0.000200
123.272224 17.219463 0.000164
125.152550 17.210686 0.000122
127.032791 17.201914 0.000084
128.912949 17.193144 0.000069
130.792999 17.184381 0.000092
132.672974 17.175623 0.000125
134.552856 17.166868 0.000149
136.432663 17.158119 0.000151
138.312363 17.149374 0.000128
140.191986 17.140635 0.000090
142.071518 17.131899 0.000107
143.950974 17.123169 0.000205
145.830322 17.114443 0.000333
147.709595 17.105722 0.000466
149.588776 17.097006 0.000589
151.467865 17.088295 0.000693
153.346878 17.079588 0.000772
155.225800 17.070887 0.000826
157.104630 17.062189 0.000856
158.983383 17.053495 0.000865
160.862045 17.044807 0.000859
162.740616 17.036123 0.000841
164.619095 17.027445 0.000815
166.497498 17.018772 0.000784
168.375809 17.010101 0.000749
170.254044 17.001438 0.000713
172.132187 16.992777 0.000676
174.010239 16.984121 0.000638
175.888214 16.975471 0.000601
177.766098 16.966825 0.000565
179.643890 16.958183 0.000531
181.521591 16.949547 0.000499
183.399231 16.940916 0.000468
185.276764 16.932287 0.000440
187.154221 16.923666 0.000415
189.031586 16.915047 0.000391
190.908875 16.906433 0.000370
192.786072 16.897825 0.000350
194.663177 16.889221 0.000332
196.540207 16.880621 0.000315
198.417160 16.872026 0.000299
200.294006 16.863436 0.000284
81.902031 19.219734 0.000256
83.803940 19.209864 0.000262
85.705742 19.199997 0.000270
87.607430 19.190138 0.000278
89.509003 19.180283 0.000286
91.410469 19.170433 0.000295
93.311813 19.160589 0.000304
95.213051 19.150751 0.000313
97.114174 19.140919 0.000322
99.015182 19.131092 0.000330
100.916084 19.121269 0.000337
102.816864 19.111452 0.000343
104.717545 19.101641 0.000348
106.618103 19.091835 0.000352
108.518555 19.082035 0.000355
110.418892 19.072241 0.000356
112.319115 19.062450 0.000355
114.219231 19.052668 0.000351
116.119240 19.042889 0.000342
118.019127 19.033115 0.000327
119.918907 19.023348 0.000303
121.818581 19.013584 0.000269
123.718140 19.003828 0.000225
125.617592 18.994076 0.000173
127.516930 18.984329 0.000118
129.416153 18.974588 0.000080
131.315277 18.964853 0.000097
133.214279 18.955122 0.000142
135.113174 18.945398 0.000175
137.011963 18.935678 0.000179
138.910645 18.925964 0.000144
140.809219 18.916254 0.000099
142.707672 18.906551 0.000163
144.606018 18.896852 0.000316
146.504257 18.887161 0.000491
148.402390 18.877474 0.000661
150.300415 18.867790 0.000806
152.198318 18.858114 0.000918
154.096130 18.848442 0.000993
155.993820 18.838776 0.001032
157.891418 18.829115 0.001042
159.788895 18.819460 0.001028
161.686264 18.809811 0.000997
163.583527 18.800165 0.000956
165.480682 18.790525 0.000909
167.377716 18.780891 0.000860
169.274658 18.771261 0.000811
171.171494 18.761639 0.000762
173.068222 18.752020 0.000715
174.964828 18.742407 0.000669
176.861343 18.732800 0.000624
178.757736 18.723196 0.000582
180.654037 18.713598 0.000543
182.550217 18.704006 0.000507
184.446304 18.694420 0.000473
186.342285 18.684839 0.000442
188.238144 18.675262 0.000414
190.133911 18.665691 0.000389
192.029556 18.656126 0.000366
193.925110 18.646566 0.000345
195.820557 18.637011 0.000326
197.715897 18.627460 0.000308
199.611115 18.617916 0.000292
201.506241 18.608376 0.000277
81.923996 21.025311 0.000271
83.847855 21.014431 0.000280
85.771568 21.003557 0.000289
87.695145 20.992689 0.000300
89.618584 20.981827 0.000311
91.541885 20.970972 0.000322
93.465042 20.960121 0.000334
95.388062 20.949278 0.000345
97.310944 20.938442 0.000357
99.233688 20.927610 0.000368
101.156296 20.916786 0.000378
103.078766 20.905968 0.000388
105.001099 20.895155 0.000398
106.923294 20.884348 0.000408
108.845352 20.873547 0.000417
110.767265 20.862753 0.000426
112.689049 20.851965 0.000432
114.610695 20.841183 0.000434
116.532204 20.830406 0.000431
118.453575 20.819635 0.000419
120.374809 20.808872 0.000396
122.295906 20.798115 0.000361
124.216866 20.787363 0.000310
126.137695 20.776617 0.000246
128.058380 20.765877 0.000172
129.978943 20.755142 0.000105
131.899353 20.744415 0.000107
133.819641 20.733694 0.000168
135.739792 20.722979 0.000217
137.659805 20.712269 0.000219
139.579681 20.701565 0.000164
141.499435 20.690868 0.000124
143.419037 20.680176 0.000272
145.338516 20.669491 0.000501
147.257858 20.658812 0.000737
149.177063 20.648138 0.000945
151.096146 20.637470 0.001106
153.015076 20.626810 0.001211
154.933884 20.616154 0.001265
156.852554 20.605505 0.001274
158.771103 20.594862 0.001250
160.689499 20.584223 0.001201
162.607773 20.573593 0.001138
164.525925 20.562967 0.001068
166.443924 20.552347 0.000997
168.361801 20.541733 0.000928
170.279541 20.531126 0.000863
172.197159 20.520525 0.000801
174.114639 20.509930 0.000743
176.031982 20.499338 0.000689
177.949203 20.488756 0.000638
179.866287 20.478178 0.000591
181.783234 20.467606 0.000547
183.700058 20.457039 0.000507
185.616745 20.446480 0.000471
187.533310 20.435925 0.000438
189.449738 20.425377 0.000409
191.366043 20.414835 0.000382
193.282211 20.404299 0.000359
195.198242 20.393768 0.000337
197.114151 20.383244 0.000317
199.029938 20.372725 0.000299
200.945587 20.362213 0.000282
81.948425 22.830481 0.000287
83.896675 22.818567 0.000298
85.844757 22.806662 0.000310
87.792671 22.794762 0.000322
89.740417 22.782869 0.000336
91.687996 22.770985 0.000350
93.635406 22.759106 0.000364
95.582642 22.747234 0.000379
97.529716 22.735369 0.000394
99.476624 22.723511 0.000409
101.423355 22.711660 0.000424
103.369926 22.699816 0.000440
105.316330 22.687979 0.000456
107.262558 22.676147 0.000473
109.208626 22.664324 0.000491
111.154533 22.652508 0.000509
113.100266 22.640697 0.000525
115.045830 22.628895 0.000537
116.991234 22.617098 0.000542
118.936470 22.605309 0.000537
120.881538 22.593525 0.000519
122.826447 22.581749 0.000485
124.771187 22.569981 0.000431
126.715759 22.558218 0.000355
128.660172 22.546463 0.000256
130.604416 22.534714 0.000151
132.548492 22.522972 0.000124
134.492416 22.511236 0.000211
136.436172 22.499508 0.000282
138.379761 22.487785 0.000277
140.323181 22.476070 0.000184
142.266449 22.464363 0.000202
144.209549 22.452662 0.000483
146.152481 22.440968 0.000818
148.095261 22.429279 0.001124
150.037872 22.417599 0.001360
151.980316 22.405924 0.001510
153.922607 22.394255 0.001580
155.864731 22.382595 0.001585
157.806686 22.370941 0.001542
159.748489 22.359293 0.001467
161.690125 22.347652 0.001373
163.631607 22.336018 0.001270
165.572922 22.324390 0.001168
167.514084 22.312769 0.001070
169.455078 22.301155 0.000981
171.395920 22.289547 0.000899
173.336594 22.277946 0.000826
175.277115 22.266354 0.000759
177.217468 22.254765 0.000697
179.157654 22.243185 0.000641
181.097702 22.231609 0.000589
183.037582 22.220043 0.000543
184.977295 22.208483 0.000500
186.916855 22.196928 0.000462
188.856262 22.185381 0.000428
190.795502 22.173840 0.000398
192.734589 22.162306 0.000371
194.673508 22.150778 0.000347
196.612274 22.139256 0.000325
198.550888 22.127741 0.000305
200.489349 22.116234 0.000287
81.975456 24.635214 0.000304
83.950699 24.622240 0.000316
85.925743 24.609276 0.000330
87.900589 24.596319 0.000346
89.875229 24.583368 0.000362
91.849663 24.570427 0.000379
93.823898 24.557493 0.000396
95.797928 24.544567 0.000415
97.771751 24.531649 0.000433
99.745377 24.518738 0.000453
101.718803 24.505833 0.000474
103.692024 24.492937 0.000497
105.665047 24.480049 0.000522
107.637871 24.467169 0.000549
109.610489 24.454296 0.000578
111.582916 24.441431 0.000609
113.555130 24.428574 0.000638
115.527153 24.415724 0.000664
117.498978 24.402882 0.000682
119.470596 24.390047 0.000691
121.442017 24.377220 0.000686
123.413246 24.364401 0.000661
125.384270 24.351589 0.000608
127.355095 24.338785 0.000520
129.325729 24.325989 0.000390
131.296158 24.313200 0.000233
133.266388 24.300419 0.000159
135.236435 24.287643 0.000283
137.206268 24.274878 0.000387
139.175903 24.262119 0.000356
141.145355 24.249369 0.000206
143.114609 24.236624 0.000419
145.083664 24.223888 0.000895
147.052521 24.211161 0.001362
149.021179 24.198439 0.001721
150.989655 24.185724 0.001940
152.957932 24.173019 0.002028
154.926010 24.160320 0.002015
156.893890 24.147629 0.001934
158.861572 24.134947 0.001813
160.829071 24.122271 0.001671
162.796371 24.109602 0.001522
164.763489 24.096941 0.001377
166.730392 24.084288 0.001242
168.697113 24.071640 0.001119
170.663651 24.059002 0.001011
172.629990 24.046371 0.000916
174.596130 24.033747 0.000833
176.562088 24.021132 0.000759
178.527847 24.008522 0.000692
180.493408 23.995920 0.000632
182.458786 23.983326 0.000578
184.423981 23.970739 0.000529
186.388977 23.958160 0.000486
188.353775 23.945589 0.000447
190.318405 23.933025 0.000413
192.282822 23.920467 0.000382
194.247055 23.907919 0.000355
196.211105 23.895376 0.000331
198.174957 23.882841 0.000309
200.138626 23.870314 0.000289
82.005249 26.439484 0.000320
84.010254 26.425421 0.000335
86.015015 26.411367 0.000351
88.019539 26.397322 0.000369
90.023819 26.383286 0.000388
92.027855 26.369259 0.000409
94.031647 26.355238 0.000430
96.035194 26.341228 0.000452
98.038506 26.327227 0.000475
100.041580 26.313232 0.000501
102.044411 26.299248 0.000529
104.046997 26.285271 0.000561
106.049347 26.271303 0.000597
108.051460 26.257345 0.000637
110.053329 26.243393 0.000681
112.054962 26.229452 0.000727
114.056358 26.215517 0.000775
116.057510 26.201593 0.000820
118.058434 26.187675 0.000862
120.059113 26.173767 0.000895
122.059555 26.159868 0.000916
124.059761 26.145977 0.000914
126.059731 26.132093 0.000874
128.059464 26.118219 0.000777
130.058960 26.104353 0.000608
132.058212 26.090496 0.000377
134.057251 26.076647 0.000225
136.056030 26.062807 0.000401
138.054596 26.048975 0.000550
140.052917 26.035151 0.000444
142.050995 26.021336 0.000327
144.048859 26.007528 0.000950
146.046478 25.993731 0.001691
148.043869 25.979940 0.002266
150.041016 25.966160 0.002593
152.037933 25.952385 0.002694
154.034622 25.938622 0.002633
156.031082 25.924864 0.002474
158.027313 25.911116 0.002269
160.023300 25.897377 0.002049
162.019073 25.883646 0.001833
164.014603 25.869923 0.001629
166.009903 25.856207 0.001443
168.004974 25.842501 0.001279
169.999817 25.828802 0.001136
171.994431 25.815113 0.001014
173.988815 25.801432 0.000910
175.982971 25.787758 0.000820
177.976898 25.774094 0.000742
179.970596 25.760437 0.000672
181.964066 25.746788 0.000611
183.957306 25.733149 0.000555
185.950317 25.719517 0.000507
187.943115 25.705893 0.000463
189.935669 25.692278 0.000425
191.928009 25.678671 0.000391
193.920120 25.665071 0.000361
195.912003 25.651482 0.000335
197.903656 25.637897 0.000311
199.895096 25.624325 0.000290
201.886307 25.610758 0.000271
82.038002 28.243263 0.000336
84.075706 28.228077 0.000353
86.113136 28.212902 0.000373
88.150269 28.197737 0.000393
90.187111 28.182579 0.000415
92.223679 28.167433 0.000439
94.259949 28.152296 0.000464
96.295937 28.137167 0.000491
98.331635 28.122049 0.000520
100.367050 28.106941 0.000553
102.402184 28.091841 0.000590
104.437035 28.076752 0.000632
106.471596 28.061672 0.000681
108.505875 28.046600 0.000737
110.539871 28.031540 0.000800
112.573578 28.016489 0.000868
114.607010 28.001446 0.000940
116.640160 27.986414 0.001016
118.673019 27.971390 0.001093
120.705605 27.956377 0.001170
122.737907 27.941372 0.001239
124.769936 27.926378 0.001284
126.801674 27.911392 0.001279
128.833130 27.896416 0.001193
130.864319 27.881451 0.000990
132.895218 27.866493 0.000661
134.925842 27.851545 0.000361
136.956192 27.836607 0.000593
138.986267 27.821678 0.000795
141.016052 27.806759 0.000509
143.045563 27.791849 0.000955
145.074814 27.776947 0.002184
147.103775 27.762056 0.003158
149.132446 27.747173 0.003650
151.160858 27.732302 0.003731
153.188995 27.717438 0.003549
155.216858 27.702583 0.003237
157.244446 27.687738 0.002880
159.271759 27.672903 0.002530
161.298798 27.658077 0.002209
163.325562 27.643259 0.001923
165.352051 27.628452 0.001673
167.378265 27.613653 0.001456
169.404205 27.598864 0.001272
171.429886 27.584084 0.001118
173.455292 27.569313 0.000989
175.480423 27.554552 0.000881
177.505280 27.539801 0.000789
179.529877 27.525057 0.000709
181.554199 27.510323 0.000640
183.578247 27.495598 0.000578
185.602036 27.480883 0.000524
187.625549 27.466177 0.000476
189.648788 27.451479 0.000434
191.671768 27.436792 0.000397
193.694473 27.422113 0.000365
195.716919 27.407444 0.000336
197.739105 27.392782 0.000311
199.761002 27.378132 0.000289
201.782654 27.363489 0.000269
82.073914 30.046530 0.000352
84.147491 30.030184 0.000372
86.220726 30.013849 0.000393
88.293617 29.997524 0.000417
90.366173 29.981211 0.000442
92.438393 29.964907 0.000469
94.510277 29.948614 0.000499
96.581818 29.932333 0.000531
98.653023 29.916061 0.000567
100.723892 29.899801 0.000608
102.794418 29.883553 0.000655
104.864616 29.867313 0.000711
106.934479 29.851084 0.000777
109.004005 29.834866 0.000852
111.073204 29.818659 0.000938
113.142059 29.802462 0.001034
115.210587 29.786276 0.001141
117.278778 29.770100 0.001261
119.346642 29.753935 0.001396
121.414177 29.737780 0.001545
123.481377 29.721636 0.001698
125.548241 29.705502 0.001834
127.614784 29.689379 0.001921
129.680984 29.673265 0.001909
131.746872 29.657164 0.001729
133.812424 29.641071 0.001299
135.877640 29.624990 0.000703
137.942535 29.608919 0.000912
140.007111 29.592859 0.001149
142.071350 29.576809 0.000923
144.135254 29.560768 0.003021
146.198853 29.544739 0.004819
148.262115 29.528721 0.005531
150.325058 29.512712 0.005441
152.387665 29.496714 0.004949
154.449951 29.480726 0.004321
156.511917 29.464750 0.003697
158.573563 29.448782 0.003136
160.634888 29.432825 0.002656
162.695892 29.416880 0.002255
164.756561 29.400944 0.001922
166.816925 29.385017 0.001643
168.876953 29.369102 0.001412
170.936676 29.353197 0.001221
172.996063 29.337303 0.001064
175.055145 29.321417 0.000936
177.113907 29.305544 0.000829
179.172333 29.289679 0.000740
181.230453 29.273825 0.000662
183.288269 29.257982 0.000595
185.345749 29.242147 0.000536
187.402924 29.226326 0.000484
189.459778 29.210512 0.000439
191.516312 29.194710 0.000399
193.572540 29.178917 0.000365
195.628448 29.163134 0.000335
197.684052 29.147362 0.000308
199.739319 29.131599 0.000285
201.794296 29.115849 0.000264
82.113243 31.849258 0.000367
84.226082 31.831711 0.000389
86.338516 31.814175 0.000414
88.450562 31.796650 0.000440
90.562202 31.779137 0.000469
92.673447 31.761637 0.000500
94.784294 31.744148 0.000534
96.894745 31.726671 0.000572
99.004799 31.709208 0.000615
101.114464 31.691753 0.000666
103.223724 31.674313 0.000726
105.332596 31.656883 0.000797
107.441078 31.639465 0.000882
109.549164 31.622061 0.000980
111.656860 31.604666 0.001095
113.764160 31.587284 0.001227
115.871071 31.569914 0.001382
117.977592 31.552555 0.001567
120.083725 31.535208 0.001790
122.189461 31.517872 0.002052
124.294815 31.500547 0.002349
126.399780 31.483236 0.002666
128.504364 31.465937 0.002980
130.608551 31.448647 0.003240
132.712357 31.431370 0.003325
134.815781 31.414104 0.002957
136.918808 31.396851 0.001795
139.021469 31.379608 0.001583
141.123734 31.362379 0.001631
143.225616 31.345160 0.004607
145.327118 31.327951 0.008498
147.428238 31.310757 0.009294
149.528976 31.293571 0.008452
151.629318 31.276400 0.007141
153.729309 31.259239 0.005856
155.828903 31.242088 0.004759
157.928116 31.224951 0.003869
160.026947 31.207825 0.003165
162.125412 31.190708 0.002610
164.223495 31.173605 0.002174
166.321198 31.156513 0.001825
168.418533 31.139433 0.001543
170.515488 31.122362 0.001315
172.612076 31.105305 0.001130
174.708267 31.088259 0.000982
176.804108 31.071224 0.000861
178.899567 31.054199 0.000761
180.994644 31.037188 0.000677
183.089355 31.020187 0.000605
185.183701 31.003197 0.000542
187.277679 30.986219 0.000487
189.371277 30.969252 0.000439
191.464508 30.952295 0.000397
193.557358 30.935352 0.000361
195.649857 30.918419 0.000330
197.741974 30.901497 0.000302
199.833725 30.884586 0.000278
201.925110 30.867687 0.000257
82.156250 33.651428 0.000382
84.312027 33.632629 0.000406
86.467339 33.613846 0.000433
88.622185 33.595078 0.000462
90.776558 33.576321 0.000494
92.930473 33.557575 0.000529
95.083923 33.538845 0.000569
97.236908 33.520126 0.000613
99.389427 33.501423 0.000665
101.541481 33.482735 0.000727
103.693077 33.464054 0.000801
105.844208 33.445389 0.000890
107.994881 33.426739 0.000996
110.145096 33.408100 0.001122
112.294853 33.389477 0.001271
114.444153 33.370861 0.001450
116.592987 33.352264 0.001671
118.741371 33.333679 0.001948
120.889297 33.315105 0.002297
123.036774 33.296543 0.002733
125.183792 33.277996 0.003271
127.330353 33.259464 0.003944
129.476471 33.240944 0.004800
131.622131 33.222435 0.005890
133.767334 33.203938 0.007163
135.912094 33.185455 0.008057
138.056396 33.166988 0.006586
140.200256 33.148533 0.003851
142.343658 33.130089 0.007477
144.486618 33.111656 0.018663
146.629135 33.093239 0.017686
148.771194 33.074837 0.014006
150.912827 33.056442 0.010571
153.054001 33.038063 0.007956
155.194733 33.019699 0.006059
157.335022 33.001343 0.004692
159.474869 32.983006 0.003695
161.614273 32.964676 0.002957
163.753235 32.946362 0.002405
165.891754 32.928059 0.001982
168.029831 32.909767 0.001651
170.167480 32.891491 0.001388
172.304672 32.873226 0.001179
174.441437 32.854977 0.001012
176.577774 32.836739 0.000879
178.713669 32.818512 0.000771
180.849121 32.800297 0.000681
182.984146 32.782097 0.000605
185.118729 32.763908 0.000539
187.252884 32.745731 0.000483
189.386597 32.727570 0.000433
191.519882 32.709419 0.000390
193.652740 32.691280 0.000353
195.785172 32.673157 0.000321
197.917160 32.655045 0.000293
200.048721 32.636944 0.000268
82.203255 35.453018 0.000395
84.405968 35.432922 0.000422
86.608131 35.412838 0.000451
88.809746 35.392769 0.000483
91.010818 35.372715 0.000519
93.211349 35.352676 0.000558
95.411331 35.332653 0.000603
97.610779 35.312645 0.000655
99.809677 35.292652 0.000716
102.008041 35.272671 0.000790
104.205864 35.252705 0.000879
106.403145 35.232754 0.000987
108.599892 35.212818 0.001118
110.796097 35.192898 0.001275
112.991776 35.172993 0.001466
115.186913 35.153099 0.001704
117.381516 35.133224 0.002009
119.575592 35.113361 0.002408
121.769127 35.093510 0.002932
123.962135 35.073677 0.003623
126.154617 35.053860 0.004563
128.346558 35.034054 0.005911
130.537979 35.014263 0.007979
132.728882 34.994488 0.011355
134.919250 34.974728 0.017109
137.109085 34.954979 0.027596
139.298401 34.935246 0.054753
141.487198 34.915527 0.874937
143.675461 34.895824 0.047116
145.863205 34.876137 0.036681
148.050430 34.856461 0.023984
150.237137 34.836800 0.015603
152.423325 34.817154 0.010549
154.608994 34.797520 0.007458
156.794144 34.777901 0.005483
158.978775 34.758297 0.004160
161.162888 34.738708 0.003238
163.346497 34.719131 0.002576
165.529587 34.699574 0.002088
167.712158 34.680023 0.001717
169.894211 34.660492 0.001428
172.075760 34.640972 0.001201
174.256805 34.621468 0.001022
176.437332 34.601978 0.000880
178.617355 34.582500 0.000766
180.796860 34.563038 0.000673
182.975876 34.543591 0.000595
185.154373 34.524158 0.000528
187.332367 34.504738 0.000471
189.509842 34.485332 0.000421
191.686829 34.465939 0.000378
193.863312 34.446560 0.000340
196.039291 34.427197 0.000308
198.214767 34.407845 0.000280
200.389740 34.388508 0.000256
82.254631 37.254013 0.000406
84.508621 37.232555 0.000435
86.761978 37.211117 0.000467
89.014694 37.189690 0.000502
91.266769 37.168285 0.000541
93.518219 37.146893 0.000585
95.769028 37.125519 0.000635
98.019211 37.104160 0.000695
100.268761 37.082821 0.000766
102.517677 37.061493 0.000852
104.765968 37.040184 0.000958
107.013626 37.018894 0.001087
109.260666 36.997616 0.001243
111.507072 36.976357 0.001435
113.752861 36.955116 0.001674
115.998016 36.933887 0.001983
118.242561 36.912678 0.002391
120.486481 36.891483 0.002941
122.729774 36.870304 0.003690
124.972458 36.849140 0.004739
127.214516 36.827995 0.006300
129.455963 36.806866 0.008821
131.696793 36.785751 0.013301
133.937012 36.764656 0.022104
136.176620 36.743572 0.041766
138.415604 36.722507 0.103766
140.653992 36.701458 0.348708
142.891754 36.680424 0.468689
145.128922 36.659409 0.074528
147.365463 36.638409 0.039142
149.601410 36.617420 0.021511
151.836761 36.596451 0.012992
154.071503 36.575500 0.008561
156.305634 36.554562 0.006013
158.539154 36.533638 0.004427
160.772095 36.512733 0.003374
163.004425 36.491844 0.002642
165.236160 36.470970 0.002115
167.467285 36.450111 0.001724
169.697830 36.429268 0.001423
171.927765 36.408440 0.001189
174.157104 36.387630 0.001005
176.385864 36.366837 0.000860
178.614029 36.346054 0.000745
180.841583 36.325291 0.000652
183.068573 36.304543 0.000574
185.294952 36.283810 0.000508
187.520752 36.263092 0.000451
189.745972 36.242393 0.000402
191.970596 36.221706 0.000360
194.194641 36.201035 0.000323
196.418091 36.180382 0.000291
198.640961 36.159740 0.000264
200.863251 36.139118 0.000240
82.310783 39.054390 0.000416
84.620819 39.031509 0.000447
86.930115 39.008648 0.000481
89.238663 38.985802 0.000519
91.546478 38.962978 0.000561
93.853546 38.940170 0.000609
96.159874 38.917381 0.000666
98.465469 38.894611 0.000732
100.770332 38.871861 0.000813
103.074455 38.849125 0.000913
105.377846 38.826412 0.001035
107.680504 38.803715 0.001184
109.982437 38.781036 0.001367
112.283638 38.758373 0.001595
114.584114 38.735733 0.001888
116.883865 38.713108 0.002274
119.182892 38.690502 0.002796
121.481194 38.667915 0.003516
123.778770 38.645344 0.004527
126.075630 38.622795 0.006025
128.371780 38.600262 0.008415
130.667206 38.577744 0.012633
132.961914 38.555248 0.020918
135.255905 38.532768 0.039282
137.549179 38.510307 0.088832
139.841751 38.487865 0.314460
142.133606 38.465439 1.076856
144.424759 38.443031 0.023410
146.715195 38.420643 0.050279
149.004929 38.398270 0.024292
151.293961 38.375916 0.013722
153.582291 38.353580 0.008700
155.869919 38.331261 0.005983
158.156845 38.308960 0.004352
160.443069 38.286678 0.003291
162.728592 38.264412 0.002564
165.013412 38.242165 0.002044
167.297546 38.219933 0.001661
169.580978 38.197723 0.001367
171.863724 38.175526 0.001139
174.145782 38.153351 0.000960
176.427139 38.131191 0.000819
178.707809 38.109047 0.000708
180.987808 38.086922 0.000617
183.267105 38.064816 0.000543
185.545715 38.042725 0.000479
187.823639 38.020653 0.000425
190.100891 37.998600 0.000377
192.377457 37.976562 0.000337
194.653336 37.954540 0.000301
196.928543 37.932537 0.000271
199.203079 37.910553 0.000245
201.476929 37.888584 0.000222
82.372192 40.854137 0.000424
84.743523 40.829758 0.000457
87.113983 40.805401 0.000493
89.483574 40.781063 0.000533
91.852303 40.756748 0.000578
94.220169 40.732452 0.000631
96.587173 40.708179 0.000692
98.953323 40.683926 0.000766
101.318611 40.659691 0.000857
103.683044 40.635479 0.000968
106.046623 40.611286 0.001105
108.409355 40.587112 0.001274
110.771233 40.562962 0.001483
113.132263 40.538834 0.001747
115.492455 40.514721 0.002091
117.851791 40.490631 0.002553
120.210289 40.466560 0.003186
122.567947 40.442513 0.004067
124.924767 40.418484 0.005333
127.280746 40.394474 0.007268
129.635880 40.370487 0.010480
131.990189 40.346519 0.016330
134.343674 40.322571 0.028048
136.696320 40.298641 0.054249
139.048126 40.274734 0.129470
141.399124 40.250847 0.413982
143.749283 40.226978 0.046635
146.098618 40.203129 0.029689
148.447144 40.179302 0.017995
150.794830 40.155495 0.011109
153.141708 40.131706 0.007369
155.487762 40.107941 0.005212
157.833008 40.084190 0.003863
160.177444 40.060463 0.002962
162.521057 40.036755 0.002329
164.863861 40.013065 0.001870
167.205856 39.989395 0.001526
169.547043 39.965748 0.001261
171.887436 39.942116 0.001053
174.227005 39.918507 0.000888
176.565781 39.894917 0.000758
178.903763 39.871346 0.000655
181.240936 39.847794 0.000571
183.577316 39.824265 0.000501
185.912888 39.800751 0.000442
188.247681 39.777260 0.000391
190.581665 39.753784 0.000347
192.914871 39.730331 0.000309
195.247284 39.706898 0.000276
197.578903 39.683483 0.000247
199.909744 39.660088 0.000223
202.239792 39.636711 0.000201
82.439423 42.653236 0.000429
84.877831 42.627281 0.000463
87.315224 42.601345 0.000501
89.751610 42.575436 0.000544
92.186989 42.549549 0.000592
94.621361 42.523682 0.000648
97.054733 42.497841 0.000714
99.487099 42.472023 0.000795
101.918472 42.446228 0.000894
104.348846 42.420460 0.001016
106.778221 42.394711 0.001166
109.206612 42.368984 0.001351
111.634010 42.343281 0.001582
114.060417 42.317604 0.001876
116.485840 42.291946 0.002263
118.910278 42.266312 0.002784
121.333740 42.240704 0.003498
123.756218 42.215115 0.004486
126.177719 42.189548 0.005907
128.598251 42.164005 0.008059
131.017807 42.138489 0.011540
133.436386 42.112991 0.017437
135.854004 42.087517 0.027366
138.270660 42.062065 0.041366
140.686340 42.036636 0.042133
143.101074 42.011230 0.004786
145.514832 41.985844 0.003694
147.927643 41.960484 0.006799
150.339493 41.935143 0.006200
152.750381 41.909828 0.004932
155.160324 41.884533 0.003859
157.569321 41.859261 0.003044
159.977371 41.834011 0.002431
162.384476 41.808784 0.001966
164.790634 41.783577 0.001610
167.195847 41.758392 0.001333
169.600128 41.733234 0.001112
172.003464 41.708092 0.000935
174.405869 41.682976 0.000793
176.807343 41.657883 0.000680
179.207886 41.632809 0.000589
181.607483 41.607758 0.000514
184.006180 41.582726 0.000452
186.403931 41.557720 0.000399
188.800766 41.532734 0.000353
191.196671 41.507771 0.000313
193.591675 41.482826 0.000278
195.985748 41.457909 0.000248
198.378906 41.433010 0.000221
200.771149 41.408131 0.000199
82.513107 44.451679 0.000431
85.025032 44.424049 0.000467
87.535774 44.396446 0.000506
90.045341 44.368870 0.000550
92.553726 44.341316 0.000601
95.060936 44.313793 0.000660
97.566978 44.286297 0.000730
100.071854 44.258823 0.000816
102.575569 44.231377 0.000922
105.078117 44.203960 0.001052
107.579498 44.176563 0.001211
110.079735 44.149197 0.001408
112.578812 44.121857 0.001652
115.076736 44.094540 0.001966
117.573509 44.067249 0.002376
120.069145 44.039986 0.002923
122.563629 44.012749 0.003656
125.056976 43.985535 0.004642
127.549187 43.958351 0.005998
130.040268 43.931190 0.007901
132.530197 43.904053 0.010563
135.019012 43.876942 0.013903
137.506699 43.849857 0.016377
139.993256 43.822800 0.013262
142.478699 43.795765 0.003615
144.963013 43.768757 0.001761
147.446213 43.741776 0.001220
149.928299 43.714817 0.002225
152.409286 43.687885 0.002528
154.889145 43.660976 0.002390
157.367905 43.634094 0.002110
159.845566 43.607235 0.001811
162.322128 43.580402 0.001538
164.797577 43.553596 0.001302
167.271942 43.526814 0.001104
169.745209 43.500057 0.000938
172.217377 43.473324 0.000799
174.688477 43.446617 0.000684
177.158478 43.419933 0.000591
179.627396 43.393276 0.000514
182.095230 43.366642 0.000451
184.561981 43.340031 0.000398
187.027664 43.313446 0.000351
189.492279 43.286888 0.000311
191.955811 43.260349 0.000275
194.418274 43.233841 0.000244
196.879684 43.207352 0.000217
199.340012 43.180889 0.000194
201.799301 43.154453 0.000174
82.594009 46.249443 0.000431
85.186630 46.220036 0.000467
87.777878 46.190659 0.000507
90.367737 46.161316 0.000552
92.956223 46.131996 0.000605
95.543335 46.102711 0.000666
98.129082 46.073456 0.000739
100.713463 46.044228 0.000828
103.296486 46.015030 0.000938
105.878151 45.985863 0.001072
108.458458 45.956722 0.001236
111.037415 45.927612 0.001436
113.615021 45.898533 0.001685
116.191292 45.869484 0.001999
118.766212 45.840462 0.002403
121.339798 45.811470 0.002926
123.912056 45.782505 0.003591
126.482979 45.753571 0.004424
129.052582 45.724667 0.005442
131.620850 45.695793 0.006602
134.187805 45.666943 0.007654
136.753433 45.638126 0.007852
139.317749 45.609337 0.006019
141.880768 45.580574 0.002387
144.442474 45.551842 0.000989
147.002869 45.523140 0.000925
149.561966 45.494465 0.000540
152.119766 45.465820 0.000959
154.676285 45.437202 0.001229
157.231491 45.408611 0.001286
159.785431 45.380051 0.001225
162.338074 45.351517 0.001115
164.889435 45.323013 0.000990
167.439514 45.294537 0.000868
169.988327 45.266087 0.000755
172.535873 45.237667 0.000655
175.082138 45.209274 0.000569
177.627151 45.180908 0.000497
180.170883 45.152573 0.000436
182.713364 45.124264 0.000385
185.254593 45.095982 0.000340
187.794571 45.067726 0.000301
190.333298 45.039501 0.000267
192.870773 45.011303 0.000236
195.407013 44.983131 0.000209
197.942001 44.954990 0.000186
200.475754 44.926872 0.000166
82.683006 48.046520 0.000427
85.364395 48.015217 0.000464
88.044159 47.983952 0.000504
90.722305 47.952717 0.000550
93.398834 47.921520 0.000603
96.073761 47.890354 0.000665
98.747086 47.859222 0.000740
101.418816 47.828125 0.000830
104.088943 47.797058 0.000941
106.757484 47.766029 0.001075
109.424446 47.735031 0.001236
112.089821 47.704067 0.001431
114.753624 47.673138 0.001668
117.415848 47.642239 0.001961
120.076508 47.611374 0.002324
122.735603 47.580544 0.002764
125.393143 47.549747 0.003275
128.049118 47.518982 0.003824
130.703552 47.488251 0.004330
133.356430 47.457550 0.004611
136.007782 47.426884 0.004356
138.657578 47.396252 0.003253
141.305847 47.365650 0.001524
143.952591 47.335083 0.000567
146.597809 47.304546 0.000780
149.241501 47.274044 0.000508
151.883667 47.243572 0.000296
154.524338 47.213131 0.000514
157.163483 47.182724 0.000688
159.801132 47.152351 0.000756
162.437286 47.122009 0.000752
165.071930 47.091698 0.000709
167.705093 47.061420 0.000648
170.336761 47.031174 0.000581
172.966934 47.000957 0.000516
175.595642 46.970776 0.000456
178.222870 46.940620 0.000404
180.848618 46.910503 0.000359
183.472900 46.880413 0.000319
186.095718 46.850357 0.000283
188.717072 46.820332 0.000252
191.336975 46.790337 0.000223
193.955414 46.760372 0.000197
196.572403 46.730438 0.000175
199.187958 46.700539 0.000155
201.802063 46.670670 0.000137
82.781151 49.842896 0.000421
85.560394 49.809563 0.000457
88.337730 49.776272 0.000497
91.113167 49.743015 0.000543
93.886703 49.709801 0.000595
96.658356 49.676624 0.000657
99.428123 49.643486 0.000731
102.196014 49.610386 0.000820
104.962036 49.577324 0.000928
107.726189 49.544304 0.001056
110.488487 49.511318 0.001208
113.248924 49.478371 0.001387
116.007507 49.445465 0.001598
118.764252 49.412594 0.001847
121.519165 49.379761 0.002133
124.272232 49.346966 0.002446
127.023483 49.314209 0.002747
129.772903 49.281490 0.002968
132.520508 49.248806 0.002999
135.266312 49.216164 0.002703
138.010300 49.183556 0.002000
140.752487 49.150986 0.001033
143.492889 49.118454 0.000367
146.231491 49.085957 0.000527
148.968307 49.053497 0.000496
151.703339 49.021076 0.000280
154.436615 48.988693 0.000193
157.168106 48.956345 0.000321
159.897842 48.924030 0.000425
162.625809 48.891754 0.000473
165.352036 48.859516 0.000479
168.076508 48.827312 0.000461
170.799225 48.795147 0.000428
173.520218 48.763020 0.000391
176.239471 48.730923 0.000353
178.957001 48.698864 0.000318
181.672806 48.666843 0.000286
184.386902 48.634857 0.000256
187.099274 48.602905 0.000229
189.809937 48.570992 0.000204
192.518890 48.539112 0.000181
195.226151 48.507267 0.000160
197.931717 48.475460 0.000141
200.635590 48.443684 0.000125
82.889687 51.638554 0.000411
85.777115 51.603035 0.000446
88.662292 51.567562 0.000486
91.545227 51.532135 0.000530
94.425926 51.496750 0.000581
97.304405 51.461414 0.000641
100.180656 51.426117 0.000712
103.054703 51.390869 0.000797
105.926537 51.355659 0.000898
108.796173 51.320499 0.001016
111.663620 51.285381 0.001151
114.528885 51.250305 0.001304
117.391975 51.215275 0.001475
120.252892 51.180286 0.001660
123.111649 51.145344 0.001849
125.968246 51.110443 0.002014
128.822693 51.075584 0.002107
131.675003 51.040771 0.002062
134.525177 51.005997 0.001817
137.373230 50.971268 0.001351
140.219147 50.936584 0.000753
143.062973 50.901939 0.000277
145.904663 50.867340 0.000329
148.744278 50.832779 0.000390
151.581787 50.798264 0.000296
154.417206 50.763790 0.000163
157.250549 50.729359 0.000143
160.081818 50.694965 0.000218
162.911011 50.660618 0.000277
165.738159 50.626312 0.000306
168.563248 50.592045 0.000311
171.386276 50.557823 0.000302
174.207275 50.523640 0.000284
177.026230 50.489498 0.000264
179.843170 50.455399 0.000242
182.658081 50.421337 0.000220
185.470978 50.387321 0.000199
188.281860 50.353344 0.000179
191.090744 50.319405 0.000159
193.897629 50.285511 0.000141
196.702515 50.251656 0.000124
199.505417 50.217838 0.000110
202.306351 50.184063 0.000096
83.010094 53.433479 0.000397
86.017509 53.395599 0.000432
89.022255 53.357769 0.000470
92.024353 53.319992 0.000513
95.023796 53.282265 0.000561
98.020607 53.244587 0.000618
101.014786 53.206966 0.000684
104.006348 53.169392 0.000762
106.995300 53.131870 0.000852
109.981659 53.094398 0.000954
112.965424 53.056980 0.001066
115.946602 53.019608 0.001185
118.925209 52.982288 0.001306
121.901260 52.945019 0.001420
124.874756 52.907799 0.001506
127.845703 52.870632 0.001538
130.814117 52.833511 0.001475
133.779999 52.796440 0.001287
136.743378 52.759418 0.000969
139.704239 52.722446 0.000576
142.662598 52.685528 0.000234
145.618469 52.648651 0.000204
148.571854 52.611828 0.000282
151.522766 52.575050 0.000261
154.471222 52.538326 0.000181
157.417206 52.501644 0.000109
160.360748 52.465015 0.000111
163.301849 52.428432 0.000152
166.240524 52.391899 0.000183
169.176773 52.355412 0.000200
172.110611 52.318974 0.000203
175.042038 52.282581 0.000198
177.971069 52.246235 0.000189
180.897720 52.209938 0.000177
183.821976 52.173691 0.000163
186.743866 52.137486 0.000149
189.663391 52.101330 0.000134
192.580551 52.065220 0.000119
195.495361 52.029160 0.000105
198.407837 51.993141 0.000093
201.317978 51.957172 0.000081
83.144173 55.227657 0.000381
86.285156 55.187202 0.000414
89.422966 55.146812 0.000450
92.557610 55.106480 0.000490
95.689095 55.066208 0.000535
98.817451 55.025993 0.000587
101.942680 54.985844 0.000646
105.064789 54.945751 0.000714
108.183800 54.905716 0.000791
111.299721 54.865742 0.000873
114.412567 54.825825 0.000958
117.522346 54.785969 0.001038
120.629074 54.746170 0.001107
123.732758 54.706429 0.001150
126.833420 54.666748 0.001150
129.931061 54.627121 0.001087
133.025696 54.587555 0.000943
136.117325 54.548046 0.000720
139.205994 54.508595 0.000451
142.291672 54.469196 0.000206
145.374405 54.429859 0.000136
148.454178 54.390575 0.000202
151.531021 54.351353 0.000215
154.604935 54.312183 0.000177
157.675949 54.273067 0.000121
160.744049 54.234013 0.000084
163.809250 54.195011 0.000086
166.871582 54.156063 0.000106
169.931030 54.117172 0.000122
172.987640 54.078339 0.000130
176.041382 54.039558 0.000132
179.092300 54.000832 0.000130
182.140381 53.962162 0.000124
185.185654 53.923546 0.000116
188.228119 53.884983 0.000106
191.267776 53.846474 0.000095
194.304657 53.808022 0.000085
197.338760 53.769619 0.000074
200.370117 53.731274 0.000065
83.294113 57.021057 0.000362
86.584412 56.977791 0.000393
89.870895 56.934597 0.000426
93.153587 56.891476 0.000463
96.432510 56.848423 0.000503
99.707672 56.805443 0.000549
102.979095 56.762531 0.000600
106.246788 56.719688 0.000656
109.510780 56.676914 0.000716
112.771080 56.634212 0.000777
116.027702 56.591576 0.000832
119.280670 56.549011 0.000874
122.529991 56.506512 0.000894
125.775681 56.464081 0.000881
129.017761 56.421719 0.000822
132.256241 56.379425 0.000710
135.491150 56.337196 0.000548
138.722488 56.295036 0.000357
141.950272 56.252941 0.000179
145.174515 56.210911 0.000103
148.395248 56.168949 0.000148
151.612473 56.127056 0.000174
154.826202 56.085224 0.000161
158.036469 56.043461 0.000127
161.243256 56.001762 0.000092
164.446609 55.960129 0.000070
167.646530 55.918560 0.000068
170.843033 55.877052 0.000075
174.036118 55.835613 0.000081
177.225830 55.794235 0.000085
180.412155 55.752922 0.000085
183.595123 55.711674 0.000082
186.774750 55.670486 0.000078
189.951035 55.629364 0.000071
193.124008 55.588306 0.000064
196.293671 55.547306 0.000056
199.460037 55.506374 0.000049
202.623123 55.465500 0.000042
83.462616 58.813652 0.000341
86.920616 58.767296 0.000369
90.374016 58.721020 0.000399
93.822845 58.674831 0.000432
97.267128 58.628723 0.000467
100.706879 58.582699 0.000505
104.142120 58.536758 0.000546
107.572884 58.490898 0.000590
110.999184 58.445118 0.000632
114.421043 58.399422 0.000670
117.838493 58.353809 0.000697
121.251534 58.308273 0.000705
124.660202 58.262817 0.000687
128.064514 58.217445 0.000636
131.464493 58.172150 0.000547
134.860168 58.126934 0.000425
138.251541 58.081799 0.000285
141.638641 58.036743 0.000154
145.021500 57.991764 0.000086
148.400116 57.946861 0.000115
151.774521 57.902039 0.000142
155.144745 57.857292 0.000143
158.510788 57.812622 0.000125
161.872681 57.768032 0.000100
165.230438 57.723515 0.000077
168.584076 57.679073 0.000062
171.933624 57.634708 0.000056
175.279099 57.590420 0.000055
178.620514 57.546207 0.000055
181.957886 57.502068 0.000055
185.291245 57.458004 0.000053
188.620590 57.414013 0.000050
191.945969 57.370098 0.000046
195.267365 57.326256 0.000041
198.584824 57.282486 0.000035
201.898361 57.238789 0.000030
83.653023 60.605408 0.000317
87.300423 60.555622 0.000343
90.942230 60.505936 0.000369
94.578476 60.456348 0.000397
98.209198 60.406860 0.000426
101.834412 60.357475 0.000457
105.454163 60.308182 0.000487
109.068474 60.258991 0.000517
112.677376 60.209896 0.000543
116.280891 60.160900 0.000560
119.879066 60.112000 0.000562
123.471916 60.063190 0.000543
127.059471 60.014481 0.000500
130.641754 59.965866 0.000430
134.218811 59.917347 0.000336
137.790665 59.868919 0.000230
141.357330 59.820587 0.000131
144.918839 59.772346 0.000076
148.475235 59.724201 0.000093
152.026520 59.676147 0.000119
155.572739 59.628185 0.000127
159.113907 59.580311 0.000119
162.650055 59.532532 0.000103
166.181229 59.484840 0.000085
169.707413 59.437241 0.000069
173.228668 59.389732 0.000058
176.745010 59.342312 0.000050
180.256454 59.294979 0.000045
183.763031 59.247734 0.000042
187.264786 59.200581 0.000039
190.761703 59.153511 0.000036
194.253845 59.106529 0.000032
197.741211 59.059635 0.000029
201.223846 59.012829 0.000026
83.869553 62.396275 0.000292
87.732201 62.342659 0.000315
91.587975 62.289165 0.000337
95.436928 62.235794 0.000360
99.279091 62.182537 0.000383
103.114525 62.129406 0.000405
106.943253 62.076389 0.000425
110.765327 62.023491 0.000442
114.580788 61.970707 0.000452
118.389671 61.918045 0.000450
122.192017 61.865494 0.000433
125.987877 61.813061 0.000397
129.777267 61.760738 0.000341
133.560257 61.708534 0.000269
137.336868 61.656441 0.000187
141.107132 61.604462 0.000112
144.871094 61.552593 0.000069
148.628799 61.500835 0.000080
152.380280 61.449192 0.000103
156.125565 61.397655 0.000114
159.864700 61.346230 0.000113
163.597717 61.294910 0.000103
167.324661 61.243702 0.000090
171.045563 61.192600 0.000077
174.760437 61.141605 0.000065
178.469345 61.090721 0.000056
182.172318 61.039940 0.000049
185.869385 60.989262 0.000043
189.560562 60.938690 0.000039
193.245926 60.888226 0.000036
196.925461 60.837864 0.000033
200.599243 60.787601 0.000031
84.117599 64.186188 0.000266
88.226608 64.128258 0.000285
92.327095 64.070480 0.000304
96.419113 64.012848 0.000322
100.502724 63.955364 0.000338
104.577980 63.898026 0.000352
108.644958 63.840832 0.000362
112.703705 63.783779 0.000367
116.754280 63.726868 0.000363
120.796738 63.670097 0.000347
124.831139 63.613472 0.000317
128.857544 63.556984 0.000273
132.875992 63.500633 0.000216
136.886551 63.444420 0.000152
140.889282 63.388348 0.000094
144.884216 63.332405 0.000062
148.871414 63.276604 0.000072
152.850937 63.220936 0.000092
156.822845 63.165398 0.000104
160.787155 63.109997 0.000106
164.743958 63.054726 0.000101
168.693268 62.999584 0.000092
172.635162 62.944576 0.000082
176.569672 62.889694 0.000072
180.496841 62.834946 0.000063
184.416748 62.780319 0.000056
188.329407 62.725826 0.000051
192.234894 62.671455 0.000047
196.133224 62.617210 0.000044
200.024460 62.563091 0.000041
84.404152 65.975060 0.000239
88.797485 65.912231 0.000255
93.180092 65.849586 0.000269
97.552063 65.787125 0.000282
101.913490 65.724838 0.000292
106.264450 65.662735 0.000299
110.605042 65.600815 0.000300
114.935333 65.539062 0.000295
119.255409 65.477493 0.000280
123.565361 65.416092 0.000255
127.865265 65.354866 0.000219
132.155197 65.293816 0.000173
136.435242 65.232933 0.000123
140.705475 65.172211 0.000079
144.965973 65.111664 0.000057
149.216812 65.051285 0.000067
153.458069 64.991074 0.000085
157.689804 64.931023 0.000097
161.912109 64.871132 0.000101
166.125046 64.811401 0.000099
170.328690 64.751839 0.000093
174.523117 64.692429 0.000085
178.708374 64.633179 0.000077
182.884552 64.574089 0.000070
187.051697 64.515160 0.000064
191.209900 64.456375 0.000059
195.359222 64.397751 0.000055
199.499725 64.339279 0.000052
203.631454 64.280952 0.000050
84.738426 67.762764 0.000211
89.463036 67.694298 0.000224
94.173950 67.626068 0.000235
98.871307 67.558067 0.000243
103.555237 67.490295 0.000247
108.225868 67.422745 0.000247
112.883324 67.355415 0.000241
117.527725 67.288307 0.000227
122.159195 67.221428 0.000206
126.777863 67.154755 0.000176
131.383835 67.088303 0.000139
135.977234 67.022064 0.000100
140.558167 66.956032 0.000066
145.126755 66.890213 0.000053
149.683105 66.824608 0.000064
154.227325 66.759201 0.000080
158.759521 66.694000 0.000091
163.279816 66.629005 0.000096
167.788300 66.564209 0.000096
172.285080 66.499611 0.000092
176.770248 66.435211 0.000086
181.243927 66.371010 0.000080
185.706207 66.307007 0.000074
190.157166 66.243187 0.000069
194.596939 66.179565 0.000065
199.025574 66.116135 0.000061
203.443207 66.052887 0.000059
85.132881 69.549133 0.000184
90.247772 69.474113 0.000194
95.344887 69.399391 0.000201
100.424416 69.324966 0.000205
105.486557 69.250832 0.000204
110.531517 69.176979 0.000198
115.559471 69.103416 0.000186
120.570618 69.030128 0.000167
125.565132 68.957130 0.000142
130.543198 68.884399 0.000112
135.505005 68.811943 0.000081
140.450699 68.739754 0.000056
145.380478 68.667839 0.000051
150.294495 68.596184 0.000062
155.192917 68.524796 0.000077
160.075928 68.453659 0.000087
164.943649 68.382782 0.000092
169.796265 68.312164 0.000093
174.633926 68.241791 0.000090
179.456772 68.171677 0.000086
184.264969 68.101799 0.000081
189.058655 68.032173 0.000077
193.837982 67.962784 0.000073
198.603073 67.893639 0.000069
203.354095 67.824730 0.000066
85.604691 71.333923 0.000158
91.185463 71.251167 0.000165
96.742645 71.168800 0.000168
102.276558 71.086815 0.000168
107.787521 71.005219 0.000163
113.275826 70.923988 0.000153
118.741783 70.843132 0.000137
124.185677 70.762642 0.000116
129.607803 70.682510 0.000091
135.008423 70.602737 0.000066
140.387833 70.523315 0.000049
145.746292 70.444244 0.000049
151.084061 70.365509 0.000061
156.401398 70.287125 0.000074
161.698563 70.209068 0.000083
166.975800 70.131340 0.000088
172.233337 70.053947 0.000089
177.471420 69.976875 0.000088
182.690308 69.900124 0.000085
187.890182 69.823685 0.000081
193.071304 69.747559 0.000078
198.233887 69.671745 0.000075
203.378128 69.596237 0.000072
86.178246 73.116768 0.000132
92.323860 73.024727 0.000136
98.437393 72.933205 0.000137
104.519363 72.842209 0.000134
110.570290 72.751717 0.000125
116.590675 72.661720 0.000112
122.581001 72.572220 0.000094
128.541748 72.483208 0.000074
134.473373 72.394676 0.000055
140.376328 72.306610 0.000044
146.251038 72.219009 0.000047
152.097961 72.131866 0.000059
157.917496 72.045174 0.000071
163.710052 71.958923 0.000080
169.476044 71.873108 0.000084
175.215820 71.787727 0.000086
180.929794 71.702774 0.000085
186.618332 71.618240 0.000083
192.281784 71.534119 0.000081
197.920502 71.450409 0.000078
203.534836 71.367096 0.000075
86.889389 74.897148 0.000108
93.732811 74.793732 0.000110
100.531235 74.691040 0.000108
107.285561 74.589073 0.000102
113.996689 74.487801 0.000092
120.665482 74.387222 0.000077
127.292755 74.287315 0.000061
133.879333 74.188072 0.000046
140.425980 74.089478 0.000040
146.933456 73.991524 0.000046
153.402512 73.894196 0.000058
159.833817 73.797485 0.000069
166.228088 73.701378 0.000076
172.585999 73.605858 0.000081
178.908188 73.510933 0.000083
185.195267 73.416573 0.000083
191.447876 73.322777 0.000081
197.666595 73.229538 0.000079
203.852005 73.136841 0.000077
87.792908 76.674217 0.000085
95.518448 76.556526 0.000085
103.178398 76.439896 0.000082
110.774460 76.324295 0.000074
118.308273 76.209694 0.000063
125.781403 76.096077 0.000050
133.195343 75.983414 0.000039
140.551529 75.871689 0.000037
147.851349 75.760872 0.000045
155.096146 75.650948 0.000056
162.287186 75.541893 0.000066
169.425705 75.433685 0.000073
176.512863 75.326317 0.000078
183.549835 75.219757 0.000080
190.537704 75.113991 0.000080
197.477524 75.009010 0.000079
204.370331 74.904785 0.000077
88.976913 78.446617 0.000064
97.849892 78.310471 0.000063
106.622566 78.175934 0.000058
115.298355 78.042953 0.000050
123.880486 77.911476 0.000040
132.372025 77.781456 0.000034
140.775848 77.652847 0.000036
149.094711 77.525597 0.000044
157.331223 77.399673 0.000055
165.487854 77.275040 0.000064
173.566956 77.151649 0.000071
181.570770 77.029472 0.000075
189.501450 76.908478 0.000076
197.361023 76.788620 0.000077
205.151428 76.669884 0.000076
90.592300 80.211967 0.000046
101.013069 80.051041 0.000044
111.270531 79.892723 0.000039
121.372292 79.736893 0.000033
131.325363 79.583443 0.000030
141.136276 79.432266 0.000035
150.811066 79.283272 0.000044
160.355377 79.136368 0.000054
169.774475 78.991463 0.000063
179.073273 78.848495 0.000068
188.256393 78.707375 0.000072
197.328125 78.568039 0.000073
206.292542 78.430428 0.000073
