# site lon lat dist(km)
CUSV 100.533936 13.735914 4931.653448
NIMT 100.713654 14.043016 4894.638010
NT04 104.542526 10.292282 4878.257004
NT03 107.094955 10.386430 4678.577459
DIEB 103.005463 21.427616 4196.183037
QT01 103.028961 21.403084 4195.771909
QT03 108.220367 16.074642 4145.279447
KUNM 102.797180 25.029539 3994.371021
NT01 106.814240 20.668461 3928.072536
DOSN 106.794861 20.694448 3927.910641
BADG 102.234985 51.769707 3442.659975
PTGY 120.938293 14.100280 3412.911426
PCAN 121.396774 13.932333 3400.673236
PIMO 121.077728 14.635719 3355.552749
IRKJ 104.316177 52.219021 3312.112003
IRKT 104.316238 52.219025 3312.108024
IRKM 104.316238 52.219025 3312.108024
PCAB 120.938751 15.450212 3290.427453
PURD 120.575623 16.004196 3263.812390
HKWS 114.335373 22.434282 3197.503239
ULAB 107.052322 47.865067 3034.519878
XIAN 109.221497 34.368671 2991.832378
AC60 174.076263 52.714619 2914.198204
YAKT 129.680298 62.030960 2779.535889
GUUG 144.802719 13.433208 2765.370709
GUAM 144.868362 13.589329 2748.727772
WUHN 114.357254 30.531652 2703.290352
CNMR 145.743088 15.229697 2577.514601
TNML 120.987350 24.797955 2511.881209
TCMS 120.987396 24.797987 2511.875364
TWTF 121.164505 24.953566 2487.049295
MAGJ 150.810379 59.577644 2441.321451
MAG0 150.770020 59.575756 2440.418662
J499 122.942841 24.454168 2393.256747
J751 123.795853 24.061501 2363.372127
J500 123.792038 24.426273 2334.607688
J750 124.172653 24.338877 2314.709590
BJFS 115.892487 39.608601 2291.608428
J749 124.301285 24.536625 2289.875444
J748 124.692444 24.641615 2254.074761
J747 125.170975 24.827959 2205.801795
J498 125.373795 24.753119 2197.855344
SHAO 121.200439 31.099642 2091.439871
G140 136.081070 20.425549 2071.635875
PETS 158.650131 53.023300 2060.533365
J743 126.739151 26.347830 1975.230790
J744 127.345245 26.178795 1947.293451
J742 127.143646 26.372936 1945.318678
G096 127.677628 26.194576 1923.594688
G212 127.665207 26.213327 1922.888678
J739 127.231628 26.582876 1922.420693
J100 127.768921 26.144814 1921.581694
OKN1 127.768921 26.144817 1921.581379
J745 127.826187 26.168608 1915.797399
G124 127.824677 26.179472 1915.001575
G095 127.760361 26.312714 1908.346869
G098 153.978653 24.290094 1902.485067
MCIL 153.978653 24.290094 1902.485067
J741 127.832733 26.446926 1892.491672
G094 127.993683 26.386345 1886.671137
J740 127.972397 26.482731 1880.177685
J496 127.898453 26.694811 1867.854713
J738 128.144028 26.708273 1850.194164
J736 127.945053 26.944489 1844.492676
J737 128.248367 26.859344 1830.846361
J495 128.432327 27.032185 1804.383795
J735 128.650726 27.401239 1759.706996
J497 131.227798 25.831211 1734.302299
J746 131.290680 25.953726 1719.546981
J734 128.894470 27.816637 1709.743923
J733 129.320450 28.137583 1655.071055
J494 129.489029 28.399088 1622.724573
J732 129.921677 28.293980 1601.943237
J730 129.693573 28.487219 1601.775810
J731 130.028961 28.371132 1588.516290
CHAN 125.444199 43.790688 1544.755382
J729 129.705750 29.615330 1513.325315
J605 141.288834 24.750805 1505.573211
J604 141.324371 24.780184 1502.100561
J725 130.198242 30.461390 1415.256889
J728 130.554550 30.236353 1406.412052
J727 130.424377 30.395756 1403.804969
J698 128.619354 32.634274 1395.437331
J493 130.638382 30.381721 1389.582113
J723 130.274979 30.784655 1386.314227
J462 128.843109 32.669384 1375.398633
J726 130.903229 30.398676 1369.569044
J492 130.964218 30.530867 1355.328130
J487 129.795441 31.768684 1355.120438
J777 130.135757 31.415892 1352.630655
SUWN 127.054245 37.275513 1352.452242
J098 130.299484 31.264591 1350.734188
GMSD 131.015564 30.556448 1349.780540
J692 129.026337 32.885628 1348.438322
DAEJ 127.374481 36.399429 1343.848191
G091 130.340057 31.450253 1334.953801
J724 131.028595 30.753325 1334.186034
J491 130.723053 31.106205 1330.599569
J490 130.640366 31.235224 1327.533471
G092 130.540588 31.377237 1325.007135
J097 130.466446 31.503769 1321.836132
J488 130.278152 31.717379 1321.627319
J691 129.125504 33.255791 1320.158319
J835 130.238968 31.906164 1312.174442
G093 130.867111 31.242748 1310.353202
J776 130.469452 31.675102 1309.993360
J096 130.190140 32.013245 1308.972653
G123 130.191071 32.017410 1308.632600
J836 130.408005 31.796021 1306.553031
J721 130.637360 31.552221 1305.747078
J722 130.699402 31.496153 1304.982441
J467 129.987305 32.326241 1304.908524
J719 130.651886 31.624098 1299.748748
J717 130.179657 32.197075 1298.037644
J720 130.708542 31.591841 1297.719831
J718 130.439651 31.908840 1296.688292
S004 130.878571 31.425308 1296.642561
KNYA 130.878571 31.425312 1296.642294
J832 129.720718 32.839611 1295.225478
J603 142.162766 26.635151 1293.485594
J099 131.087540 31.258533 1293.145697
J834 130.360657 32.098434 1290.378514
AIRA 130.599594 31.824060 1290.183337
J837 130.599594 31.824060 1290.183337
G210 129.866196 32.735119 1289.736964
G074 130.179886 32.367409 1287.330415
J489 130.836060 31.617376 1286.464076
G089 130.735672 31.743780 1285.338995
J774 130.085190 32.524532 1285.062778
J460 129.690659 33.063103 1284.894196
J459 129.537018 33.362202 1280.901929
G068 129.958954 32.768307 1280.417262
KHAJ 135.046158 48.521454 1280.066189
G090 130.998306 31.564604 1278.081124
J486 130.759674 31.855528 1275.999720
J485 130.597809 32.057503 1274.883849
J690 129.690018 33.266121 1273.682402
J463 130.154602 32.636913 1272.790959
J775 130.323639 32.426273 1272.472668
G067 129.862946 33.073387 1270.460373
J484 131.217392 31.469376 1268.661720
J772 129.989685 32.945587 1267.622454
J716 131.305862 31.399105 1267.214658
J468 130.506836 32.299156 1266.273806
J482 131.021515 31.740314 1264.215170
J695 130.216660 32.712292 1263.364667
J693 130.166428 32.795700 1262.354328
J697 130.290710 32.660652 1260.651560
G087 130.976959 31.877796 1258.172055
J689 129.940094 33.196030 1257.358498
J714 130.865631 32.047718 1255.176733
J773 130.430450 32.581673 1254.526477
J457 129.311508 34.268208 1254.207599
J696 130.352280 32.722572 1252.067249
G075 130.656494 32.343513 1251.912436
J455 130.094162 33.098476 1250.493440
J461 130.271332 32.870686 1249.609343
G121 129.849289 33.473080 1249.533308
J091 129.850296 33.476070 1249.290974
J694 130.335953 32.793015 1249.120562
J469 130.802628 32.238674 1247.444575
G211 131.409302 31.576969 1247.017774
J770 129.954849 33.372181 1246.428928
S007 142.195023 27.067532 1245.538747
CCJ2 142.195023 27.067532 1245.538747
J458 129.734726 33.742657 1244.749963
J481 131.078568 31.965048 1244.657156
J483 131.368866 31.676546 1242.958690
G213 142.194611 27.093943 1242.613016
J093 130.645599 32.546410 1239.954909
G066 130.097214 33.292004 1239.349332
J715 131.306305 31.842098 1236.060320
G073 130.827347 32.396080 1235.409883
G076 130.986389 32.292397 1229.925018
G065 130.079269 33.503036 1229.232817
G086 131.254456 32.001804 1228.998638
G088 131.470062 31.785973 1227.861766
J454 130.268723 33.274853 1226.510293
J702 130.794907 32.576725 1226.478648
J464 130.547729 32.933495 1224.030957
J456 129.482056 34.655552 1222.498386
G071 130.748367 32.709232 1221.863338
J831 130.464996 33.097355 1220.960961
J479 131.185226 32.245857 1217.870969
G085 131.347488 32.111889 1214.591630
J450 130.250824 33.536140 1213.528818
J465 130.764801 32.842098 1212.451540
J095 131.469681 32.021755 1211.592445
G069 130.621765 33.060135 1210.691040
J771 130.444519 33.346489 1208.370470
J713 131.486023 32.069107 1207.143145
J478 131.148865 32.456642 1206.871477
J453 130.564651 33.205875 1206.754277
J700 130.748627 33.011292 1203.552340
G062 130.296906 33.683071 1201.896791
J480 131.515854 32.170433 1198.038233
J712 131.334015 32.384399 1197.474943
G070 130.872650 32.995934 1194.703828
J451 130.521957 33.500378 1193.572718
J466 131.099304 32.740650 1192.645041
J701 130.996216 32.870747 1192.611973
J688 130.701157 33.327225 1188.912440
G083 131.364700 32.527931 1185.782097
J087 130.476776 33.730721 1184.732310
J704 131.132156 32.845001 1183.610487
G084 131.583023 32.316231 1183.198534
J703 131.093430 32.950653 1180.140190
J710 130.915741 33.190575 1179.758191
J477 131.327621 32.684834 1178.549944
G063 130.675674 33.579769 1176.807336
J699 131.062897 33.121956 1172.204505
J711 131.530670 32.557049 1171.254729
J094 131.632324 32.445446 1170.886807
J452 130.828751 33.465462 1170.873477
J089 130.967819 33.331085 1167.446704
J685 130.749557 33.745506 1161.809913
J474 131.286087 33.009029 1161.542253
J687 130.823883 33.640465 1161.524696
J833 131.206802 33.127842 1160.544404
J707 131.121140 33.270271 1158.835825
G081 131.441528 32.898895 1156.280108
G060 130.722427 33.929722 1154.224694
G064 130.995422 33.564732 1151.944693
G137 131.384033 33.078835 1149.642669
G082 131.629227 32.852222 1144.752426
J476 131.756836 32.704018 1144.505953
J686 131.016525 33.697403 1142.878792
J472 131.347275 33.254044 1141.966662
J471 131.168930 33.496235 1141.958032
J475 131.587845 32.986858 1139.480050
G078 131.291672 33.383755 1138.706855
G061 130.971115 33.867008 1137.334136
J079 130.913635 33.996555 1135.145473
J709 131.579483 33.228428 1125.301566
J705 131.356644 33.537125 1124.679526
J090 131.876373 32.924587 1121.201959
G079 131.748413 33.096195 1120.262384
G039 131.113037 34.020523 1117.661419
J408 130.943146 34.294609 1117.497069
J706 131.588425 33.349854 1117.313719
J670 131.065674 34.179771 1113.251448
G077 131.521149 33.514332 1112.944560
G080 132.039047 32.936356 1108.019922
J473 131.798065 33.239437 1107.591437
J413 131.286041 33.977715 1105.903456
J088 131.691376 33.461544 1102.597703
J470 131.564163 33.671192 1100.511045
J669 131.176163 34.342087 1095.977620
J411 131.346085 34.189491 1089.861412
G059 132.555435 32.738613 1082.140291
J412 131.530823 34.057240 1081.845320
J828 132.046097 33.367970 1080.459193
J668 131.152390 34.764347 1077.611439
J407 131.416550 34.439861 1071.355921
J409 131.562790 34.283737 1067.325382
G133 132.488770 33.039463 1067.196883
J437 132.561829 32.963905 1066.634061
Z118 132.360382 33.202183 1066.517364
J449 132.703720 32.840607 1064.234985
G126 132.810654 32.762100 1061.635279
G142 132.675827 32.927689 1060.483991
G147 131.835007 34.043789 1058.057583
G037 131.735321 34.195274 1057.943960
J086 132.281174 33.469009 1056.034155
J681 132.543762 33.177589 1054.096976
G050 132.633636 33.096088 1052.559073
J085 132.966415 32.755737 1050.607489
J076 131.610367 34.616493 1046.704115
G119 131.604645 34.627590 1046.634769
G058 132.831467 32.961067 1046.634545
G040 132.119965 33.845917 1046.389935
J829 132.475342 33.384373 1046.243339
G125 132.982178 32.869484 1041.645703
Z124 132.822083 33.060120 1040.742839
J414 132.104446 33.975067 1040.299225
G038 132.052734 34.090061 1038.046803
J410 131.953293 34.259083 1036.921355
J447 132.792694 33.171646 1035.626233
J659 131.864319 34.439720 1034.726178
J448 132.999237 32.991234 1032.128592
Z117 132.564697 33.510353 1031.542932
J680 132.487259 33.611595 1031.357107
G049 132.743683 33.305054 1030.721315
G025 131.810318 34.624344 1029.870952
G141 132.961685 33.103912 1027.389684
J436 132.693405 33.446766 1025.588437
J672 132.358337 33.909935 1023.845634
G056 132.972137 33.193138 1020.711613
J769 132.219131 34.191181 1019.162656
J658 132.013565 34.571064 1015.870092
J388 131.923141 34.767345 1013.612218
Z123 132.974030 33.312130 1012.800891
G134 132.922653 33.391029 1011.612627
J665 132.194656 34.370346 1011.508452
J434 132.683975 33.722599 1009.350435
J684 133.128632 33.215431 1007.511578
G048 132.798523 33.642731 1005.335837
G036 132.531631 34.069233 1001.018249
J435 132.937881 33.569225 999.171520
G157 132.339813 34.397049 998.364647
G024 132.109467 34.777946 997.755718
G054 133.089539 33.416664 997.308521
J666 132.455551 34.260921 996.395485
G209 132.066208 34.897312 995.589571
J084 133.241791 33.272900 995.245925
G164 132.268814 34.575432 994.824089
J683 133.228470 33.326908 992.680842
G132 133.043228 33.545834 992.585016
G120 133.243500 33.333500 991.120427
J679 132.781738 33.959473 987.620403
J433 132.911636 33.796497 987.199332
J399 132.277328 34.726898 986.490586
J078 132.575439 34.340355 982.451768
G035 132.691956 34.184635 981.770284
J403 132.463470 34.539158 980.886166
G052 133.154495 33.607021 980.228752
J443 133.280914 33.468403 979.502141
J075 132.208969 35.002811 978.816662
J445 133.402985 33.407703 974.289138
G047 133.047394 33.884090 971.369156
YSSK 142.716721 47.029736 970.419967
G151 132.650330 34.492138 968.262757
J400 132.540237 34.678814 967.449302
J667 132.884384 34.210068 965.070572
J430 132.990234 34.077888 964.331403
J657 132.457321 34.892658 963.578952
J768 132.820221 34.334873 963.176573
Z119 133.431702 33.545727 963.120712
G022 132.385559 35.031902 962.843251
J830 133.362640 33.704285 958.214297
J432 133.201309 33.921204 957.189989
J083 133.578262 33.529148 953.183788
G051 133.531021 33.625805 950.452068
J402 132.824005 34.571301 950.060189
G023 132.685165 34.856747 946.667352
J405 133.009796 34.378685 945.642748
J386 132.507324 35.185955 945.621806
J846 133.461807 33.818356 943.474924
Z120 133.699844 33.542534 943.207707
G046 133.350693 33.974171 942.415444
G031 132.908112 34.633671 939.980048
J678 133.189102 34.252445 938.582282
J387 132.720505 35.019772 935.797810
J663 132.851578 34.811604 935.358859
J438 133.655777 33.766975 931.958818
J442 133.903641 33.505737 930.508872
J431 133.538239 33.938660 930.138628
G021 132.669006 35.233078 930.052806
Z121 134.056198 33.367382 928.721447
J444 134.007126 33.427795 928.164414
J439 133.805023 33.654152 928.009231
G033 133.140182 34.515621 927.692553
J082 134.122131 33.315895 927.498467
G122 134.178116 33.266125 926.937006
J401 133.107529 34.672451 921.858853
G152 133.924103 33.622295 921.216969
G030 132.902100 35.035213 920.133645
J767 133.288116 34.450439 919.522906
J419 133.681290 33.936672 919.304622
J384 132.743210 35.392616 916.721760
Z115 133.796951 33.838840 916.680542
G053 134.099319 33.497108 916.678762
G055 134.205536 33.394894 915.957232
J428 133.647522 34.068073 913.781966
G131 133.940872 33.722511 913.365857
J440 134.106903 33.603786 908.902621
G020 132.902695 35.309727 907.174090
J398 133.120224 34.943451 906.832468
G032 133.341293 34.612202 906.353548
J385 132.995422 35.195614 904.788510
J441 134.280807 33.527760 901.306909
J427 133.715057 34.217396 899.525844
J674 133.874985 34.039738 898.076664
J664 133.337631 34.777790 897.761263
G018 132.921997 35.491909 897.458205
G153 134.114166 33.774574 897.004201
J077 133.527985 34.548798 894.996955
J421 134.058197 33.877514 894.484027
J074 133.058655 35.433876 888.629159
J424 134.372025 33.618500 888.430114
J429 133.925507 34.164169 886.511835
J677 133.780670 34.383400 884.580351
J417 134.049179 34.051498 884.065956
G019 133.192093 35.310692 883.176678
J675 134.301468 33.789532 882.089748
J662 133.396271 34.993362 881.863637
J381 133.308533 35.164574 880.530992
J397 133.796738 34.438568 880.104691
G042 134.211166 33.934563 879.301579
G045 133.899384 34.325920 878.739244
J656 133.137894 35.563534 876.328553
J766 133.757019 34.579147 875.170048
J394 133.598083 34.809692 875.140874
J080 134.023911 34.286026 871.506547
J418 134.230225 34.038418 871.183383
J420 134.389099 33.878933 869.658559
J423 134.533005 33.725090 869.387148
J383 132.984375 36.093208 868.135029
Z116 134.484558 33.821980 866.389072
J654 133.339691 35.436008 865.210150
J676 133.998672 34.445454 863.934533
G028 133.800446 34.738079 862.865135
J379 133.439072 35.345535 861.176587
J660 133.563995 35.169662 859.392056
J415 134.351974 34.096989 858.254385
G029 133.972595 34.590286 857.558246
Z114 134.510025 33.932796 857.118539
G041 134.457306 33.993687 857.033317
J426 134.241974 34.254578 856.690519
J392 133.734497 35.002960 853.990202
J422 134.667801 33.830242 852.371856
J395 133.929047 34.791386 849.708802
G015 133.495132 35.506935 849.118554
J081 134.626022 33.926857 848.931905
G044 134.175980 34.478535 848.194364
J827 134.393433 34.217796 847.453116
J416 134.560135 34.059906 845.032221
G026 133.680756 35.282959 844.310961
J382 133.239883 36.285290 839.539931
J396 134.165756 34.657722 838.528352
J425 134.314209 34.472374 837.858800
J393 133.960861 34.982544 836.847307
J389 133.792480 35.263538 836.127911
J673 134.605026 34.171810 834.414670
G027 133.912689 35.105026 834.331959
G135 133.699570 35.490398 832.961921
J765 134.175797 34.809566 829.138619
J363 134.736542 34.223671 821.207641
J843 134.049545 35.174889 819.689751
G016 133.869751 35.493202 818.800672
G006 134.376114 34.760426 816.142351
J362 134.735184 34.334332 814.225846
J653 135.496201 33.554413 813.189937
J391 134.234772 35.020882 812.878065
Z112 135.406006 33.647251 812.557077
G154 135.305313 33.769405 810.753185
J357 134.519562 34.669880 810.205566
J377 135.599197 33.505619 809.814564
J372 135.180084 33.913853 809.452945
J375 135.396179 33.744274 806.169160
J378 134.046677 35.456753 805.986109
G013 135.533844 33.658344 802.874294
G017 134.155945 35.340591 802.716958
J652 135.167740 34.025391 802.620333
J848 141.955246 45.514114 802.279640
J361 134.881531 34.349770 802.221334
J390 134.319641 35.099640 801.885376
J071 134.550385 34.784813 801.098591
J346 134.403778 34.997593 800.680046
J070 135.764420 33.483360 800.344536
G208 135.773193 33.475948 800.324592
J380 134.237366 35.265862 799.864493
Z110 135.399124 33.854500 798.026007
J374 135.508392 33.785488 795.317856
J350 134.545242 34.897266 795.075894
J360 134.860977 34.493320 794.694685
J369 135.065979 34.271461 793.535623
Z113 135.834137 33.520081 792.849326
G117 135.191544 34.144146 792.788932
J826 135.708786 33.637173 792.435293
G130 135.589935 33.747604 792.407915
G201 141.685333 45.407822 791.769988
J371 135.384857 33.961674 791.431402
J001 141.750443 45.402992 790.865368
G014 134.195267 35.529858 790.328268
J069 135.221497 34.157684 789.684255
Z109 135.290344 34.090851 789.236664
J762 134.659668 34.864120 787.986222
J655 134.325272 35.361443 787.924679
J102 141.038208 45.275967 782.923459
J376 135.920715 33.583912 782.145999
J101 142.169739 45.335827 781.903142
SMST 135.936951 33.577854 781.524559
J344 134.585953 35.094456 780.923223
G011 135.554001 33.940796 780.905079
G146 135.426102 34.085499 779.808689
J354 134.828781 34.786961 779.314129
G004 135.219940 34.326462 778.509942
G012 135.882095 33.668758 778.271969
G118 134.315933 35.593685 777.415101
J359 135.024078 34.577053 777.090408
J358 134.965698 34.669739 775.816582
J373 135.782089 33.815201 774.130186
J368 135.357956 34.256138 773.057720
G155 135.970596 33.660805 772.908606
J347 134.767303 34.984684 772.678828
J778 141.598236 45.219769 771.499923
J849 141.881790 45.230106 771.046600
J823 134.588211 35.283344 770.684581
Z111 135.871094 33.799084 769.212292
J501 141.167099 45.137711 766.263311
J825 135.735184 33.969482 766.097655
J352 134.997238 34.804916 765.228109
J316 136.010895 33.741272 764.061877
J341 134.582489 35.436749 763.302805
J340 135.364151 34.406452 762.568744
J648 134.771225 35.162743 762.491156
J649 134.945038 34.936188 761.549257
G000 135.928299 33.877003 759.484640
J356 135.172287 34.686989 759.000332
J370 135.590118 34.221828 758.549922
J779 142.351837 45.126774 758.492401
G156 136.024353 33.820427 757.159585
J650 135.528351 34.311840 756.857421
Z108 135.743454 34.155849 752.185757
J342 134.818497 35.314899 750.570288
J345 134.972595 35.090786 750.563900
J646 134.728714 35.461262 750.237420
J315 136.085907 33.875137 748.856763
J351 135.215912 34.812187 747.989346
J645 134.677383 35.621201 746.520278
J337 135.481339 34.527309 745.953704
J367 135.963745 34.038166 745.158327
J339 135.586945 34.424809 744.957330
J103 142.537094 45.002399 744.795631
J850 142.292252 44.990505 743.375976
J349 135.176422 34.944794 743.084235
J355 135.380386 34.724251 740.904689
Z107 136.139969 33.932949 740.834043
J353 135.341782 34.790905 739.687825
J366 135.704178 34.388302 738.876800
J647 135.022034 35.237881 738.503793
J338 135.627335 34.479107 738.364607
G010 135.854797 34.241966 738.190811
J851 142.021774 44.916065 735.650139
J104 141.741394 44.892460 734.326020
J336 135.518494 34.677906 733.446648
J343 135.181900 35.105286 733.336840
J348 135.325989 34.976788 729.638737
J761 135.618820 34.621052 729.634865
J328 134.932281 35.555683 729.027287
J068 135.851410 34.392300 727.954719
J066 136.198364 34.060658 727.306950
J365 135.731003 34.539223 726.748065
J824 136.096985 34.179951 725.560874
J067 135.500977 34.837997 724.683683
J329 135.164032 35.292336 724.283689
G009 136.002640 34.292927 724.093973
G001 135.087646 35.419525 723.532214
J780 142.717911 44.780170 720.549937
J763 135.706024 34.698334 718.135033
J764 135.819870 34.574001 717.912152
J852 142.038712 44.743240 716.405497
J331 135.366898 35.163788 715.545088
J335 135.685455 34.777840 714.560785
J640 135.034042 35.685078 714.372435
J105 142.265244 44.728497 714.284914
G002 135.340698 35.333458 708.063642
J637 136.342926 34.208157 706.457122
J781 141.793915 44.639927 706.033054
J332 135.564514 35.077583 705.268571
J057 135.233383 35.549904 705.059829
J334 135.864151 34.746971 703.234898
J333 135.665436 34.988571 702.909730
J364 136.050385 34.567032 701.603585
J760 135.789841 34.882030 700.116957
J327 135.173218 35.752354 699.781163
J502 142.964462 44.582043 699.705809
G008 136.173141 34.493874 697.835583
J644 135.772400 34.952641 697.006488
Z106 136.388489 34.297928 696.715732
G003 135.634216 35.155182 695.300716
J642 135.549530 35.275860 694.888935
J853 142.571167 44.546501 694.205570
J641 135.415833 35.482216 694.039328
G007 136.041901 34.710644 692.532136
J643 135.773300 35.053135 690.748348
J312 136.334259 34.433140 690.714649
J602 139.764618 32.463501 689.183270
J324 135.906158 34.939602 687.741590
G139 136.540482 34.285072 687.211987
J106 141.330063 44.427048 686.269961
J002 143.224182 44.433685 685.180938
J999 136.474457 34.420326 681.833979
J326 136.054825 34.869328 681.143211
J310 136.183456 34.742874 680.033314
J262 135.608887 35.462715 679.795996
J003 141.756317 44.397949 679.446386
J322 135.870804 35.137039 678.212285
J109 145.186096 44.019184 677.786513
J859 144.993500 44.065033 677.129191
G149 136.693192 34.296612 675.962725
J635 136.329758 34.648750 675.870972
J782 142.264526 44.365128 673.910729
J854 142.935837 44.332294 671.861009
G129 136.431931 34.603333 671.750452
J314 136.820618 34.253441 670.675614
J636 136.628403 34.431442 670.365080
J855 141.872177 44.317665 669.880177
J639 136.041199 35.085724 668.414385
J856 143.364594 44.260853 667.453614
J311 136.550659 34.547047 667.376715
J978 135.755646 35.486572 666.914591
J323 136.145035 34.986385 666.889401
J107 142.625595 44.294567 666.349372
J503 143.615677 44.219723 665.882586
Z105 136.802002 34.373581 662.813857
J319 135.913208 35.351254 662.260700
G143 136.295578 34.930733 659.342000
G148 136.728226 34.490002 659.190620
J062 136.158234 35.094727 659.032067
J504 143.076813 44.191944 657.263408
J634 136.393265 34.854900 657.228273
J064 136.502289 34.758999 655.887080
G202 144.285797 44.019413 655.378808
J108 144.029770 44.063873 655.274681
J004 144.675842 43.915691 653.168413
J065 136.851135 34.465389 652.605928
J320 136.062820 35.318974 652.602372
J783 141.664597 44.148754 652.499327
J261 135.907639 35.534409 652.315431
J505 144.293304 43.988789 652.245114
J857 142.400894 44.165474 651.670921
J864 145.056870 43.794029 650.707826
J858 142.601242 44.114449 646.282875
J318 136.053665 35.466286 644.732397
J321 136.235611 35.269440 642.370753
J860 141.860748 44.052105 640.501469
J115 145.131439 43.661823 639.281782
J111 143.333694 44.005619 639.013996
Z104 136.981750 34.543915 637.871256
J309 136.636505 34.913803 635.620666
J110 142.151688 44.006779 634.300993
J056 136.105804 35.602562 632.976966
J119 145.801132 43.366852 632.760389
Z101 136.503754 35.104763 632.619639
J507 144.115250 43.828079 631.378919
J869 145.220367 43.555996 631.214734
J638 136.264740 35.420357 631.081366
J861 143.534149 43.909927 630.856149
J784 144.506409 43.722778 628.609381
J317 136.197952 35.557331 628.313586
J114 143.787262 43.848896 627.836747
J307 137.068069 34.609238 627.136219
J998 136.938477 34.740051 626.428649
J304 136.867645 34.823357 625.425062
J580 136.055984 35.836842 624.346454
J259 135.989761 35.945004 624.174560
J863 143.176697 43.878723 623.475698
J113 144.986969 43.549397 623.342559
J506 142.577713 43.908405 623.342528
G116 136.823837 34.903965 622.871098
J632 136.831879 34.904385 622.269418
J633 136.694244 35.050911 622.183646
J008 141.510376 43.854012 621.278142
J862 142.236542 43.889290 621.082119
I113 139.797241 33.119949 619.850916
J812 136.470306 35.359730 619.040216
J294 136.593445 35.227905 618.038186
J260 136.197388 35.792782 615.402424
J870 144.719040 43.545929 615.384023
J631 136.862747 34.984394 614.527571
J291 136.549744 35.371708 612.293006
J975 136.048950 36.109734 611.377368
J118 145.114960 43.382526 610.140214
J306 137.277832 34.648663 610.028754
J305 137.119003 34.794872 609.952716
J510 142.903015 43.771412 609.517685
J868 143.991730 43.644562 609.209007
J579 136.184998 35.968887 607.261038
J866 143.381088 43.710323 607.049619
J993 136.545288 35.480061 606.038607
J509 141.873840 43.740841 605.929325
J519 145.520493 43.195164 605.279084
J511 143.578156 43.670502 605.227034
J005 144.449005 43.507858 604.438314
J508 142.409607 43.738522 604.235508
J865 142.132309 43.725658 603.133056
J299 136.828827 35.190105 603.112328
J116 144.774323 43.408688 602.581720
J285 136.488770 35.636154 601.215509
J302 137.059784 34.994991 599.768070
J512 145.258957 43.232105 599.643746
J977 136.339584 35.888218 599.060176
J822 136.788818 35.300838 598.850520
J996 137.152390 34.917339 598.776374
J785 141.370590 43.624329 597.497813
G128 136.728745 35.405132 596.733227
G161 137.442459 34.680382 596.645398
G112 136.148849 36.254585 596.487890
J997 137.338776 34.785915 595.600468
J055 136.172974 36.231174 595.583432
J867 142.794403 43.646908 595.110693
J288 136.687286 35.488323 594.735681
J630 136.965805 35.168423 594.579948
J286 136.611389 35.632896 591.925589
J063 137.041290 35.128109 591.868363
J257 136.278946 36.145618 590.973179
I104 137.514938 34.718052 588.959092
J513 144.079620 43.438835 588.769157
J878 144.970734 43.218189 588.763391
J303 137.299942 34.919746 588.377195
J007 142.482483 43.589657 587.761349
J515 144.597656 43.307011 587.081808
J873 143.753860 43.473579 586.451873
J298 136.929977 35.334759 586.218343
I102 137.434006 34.864815 583.266443
S005 141.844818 43.528645 582.597555
STK2 141.844818 43.528645 582.597555
J875 140.378281 43.320705 582.560066
G136 137.636871 34.702118 582.187693
J629 137.073563 35.239086 582.023700
J872 141.616776 43.504215 581.674339
J258 136.504929 35.984909 580.844058
J871 142.187607 43.521576 580.329923
J974 136.361649 36.229565 580.259958
I103 137.554337 34.808727 579.412067
G160 137.723373 34.672314 578.920865
J009 145.129623 43.070080 578.890834
J301 137.313171 35.039463 578.817547
Z103 137.423126 34.967480 576.421271
J060 136.900024 35.526073 576.339482
J300 137.253555 35.138752 575.993014
J821 137.680771 34.752041 575.436749
J120 140.597076 43.292583 574.503133
J991 136.784622 35.723488 573.301519
J976 136.657745 35.901413 573.186047
J117 141.431183 43.404678 572.641149
I098 137.823425 34.671883 572.546791
J122 144.325027 43.232933 572.286542
J292 137.110229 35.367371 570.835520
J787 142.643066 43.431633 570.588658
J255 136.388947 36.394455 570.492791
I050 137.672333 34.835331 569.555474
J125 144.843018 43.057594 568.300669
I099 137.575485 34.937675 568.262725
J881 144.496490 43.149391 567.839772
J874 143.187042 43.366470 567.068725
I095 137.937439 34.670422 565.446794
I097 137.791794 34.792835 565.027088
J994 137.252319 35.300552 564.960582
J121 143.562424 43.289471 563.354702
J289 137.124695 35.478699 562.544163
J256 136.633942 36.165291 561.334489
I096 137.911270 34.755394 560.293699
G101 140.858307 43.209526 560.195803
J517 140.860611 43.209507 560.149479
J514 142.395340 43.336266 559.538714
J282 136.863174 35.866940 559.014339
J624 138.046524 34.666409 558.957062
J531 144.719147 42.982571 556.787626
J283 136.975296 35.757782 556.635244
J293 137.405609 35.261967 556.634524
J995 137.575333 35.100021 556.286175
I094 138.129288 34.642902 555.784367
J124 144.126526 43.120609 555.690300
J876 141.345963 43.240528 555.673561
J625 138.159042 34.634541 554.658393
J622 138.098282 34.679924 554.646725
I093 138.053543 34.715252 554.543469
J578 136.605331 36.370068 553.853253
J013 141.030914 43.177853 553.618539
J123 143.298019 43.231995 553.494626
I089 137.932144 34.843857 551.949356
I090 137.817947 34.941345 551.807634
J973 136.540680 36.537266 551.780375
J126 140.499176 43.056828 551.647173
J516 141.890930 43.248409 551.267015
I052 138.017532 34.785950 551.102593
J287 137.174149 35.612087 550.410852
J877 141.652023 43.220894 550.076961
J623 138.182968 34.677753 549.621226
I084 137.695236 35.079292 549.615441
J601 139.612854 33.884125 549.076414
J788 143.901993 43.101692 548.901400
J884 140.811111 43.082596 547.450553
J882 141.203293 43.140396 546.741846
J010 144.431931 42.963261 546.582348
J819 137.946808 34.902050 546.431413
G203 144.371399 42.975571 546.268980
J992 137.309097 35.523129 546.068122
I091 138.136917 34.757755 545.893933
J883 143.597702 43.123894 545.845150
J278 137.587662 35.246998 544.856477
J879 143.027756 43.171329 544.036394
J127 140.543945 42.985252 542.971802
J061 137.467575 35.396767 542.950287
J280 136.952759 36.033047 542.831847
I092 138.225601 34.738308 542.013482
J518 142.809723 43.165527 541.829580
J880 142.567032 43.165047 540.764706
I058 139.134460 34.200478 539.676935
J054 136.649933 36.663410 537.477819
J820 138.176743 34.849415 535.970730
J600 139.478806 34.075783 535.810102
J598 139.137573 34.239914 535.807265
J520 141.540115 43.077587 535.421456
I088 138.074860 34.939796 535.208711
J617 136.904266 36.261467 534.822099
I060 139.547150 34.059113 534.494315
J295 137.980408 35.031517 534.182632
J011 143.459229 43.028625 533.332683
J059 137.248367 35.800484 533.253617
J847 137.868759 35.160450 531.839374
J616 137.676392 35.343735 531.795205
J599 139.561768 34.093765 530.462718
J619 137.200668 35.911633 530.336502
J131 140.233200 42.786434 530.298103
I059 139.503845 34.121067 530.291507
J284 137.424774 35.657188 528.899734
J969 136.806396 36.592091 527.482491
J840 138.331223 34.836166 527.477518
J112 143.926941 42.894516 527.134677
J990 137.080521 36.140263 527.008732
J128 141.290329 42.971378 526.982946
J251 136.920563 36.401878 526.698819
J888 140.011780 42.685337 526.635336
J811 137.528778 35.575092 526.579655
J818 138.081680 35.044884 526.530595
J789 142.870056 43.013653 525.384943
G115 138.327408 34.870670 524.878163
J597 139.210938 34.333122 523.459889
J014 141.730667 42.983253 523.128985
J842 138.249893 34.954346 522.919743
J577 136.755646 36.817478 522.594384
J130 140.603516 42.802719 522.161928
J129 140.883347 42.857887 521.806471
J012 142.401978 42.980515 520.019020
J521 143.170563 42.938862 519.793023
I079 138.134903 35.103912 518.479428
I057 139.257904 34.371826 517.532999
I086 138.838425 34.610001 517.369658
J988 137.450882 35.815552 517.027893
J817 138.209976 35.066975 516.504683
J277 137.925278 35.317142 516.438252
J790 142.084595 42.933773 515.391635
G158 136.772705 37.000721 514.541765
J838 138.762787 34.690254 514.486746
J989 137.620163 35.661228 514.251260
J575 136.718765 37.156746 514.078632
J522 141.577423 42.884430 513.748717
I081 138.378296 34.990524 511.954711
J886 143.655533 42.800343 511.669448
J279 137.147171 36.335510 511.638072
J885 142.532257 42.890633 510.208535
J791 143.494965 42.806507 509.628543
J276 137.815231 35.521091 509.614764
J017 139.857666 42.450733 508.118335
J573 137.031891 36.649563 506.414271
J058 137.347916 36.135994 506.227886
I085 138.786057 34.776073 505.680519
J814 138.876465 34.719475 505.569495
J248 136.996124 36.740620 505.556634
G114 138.764206 34.806900 504.252596
J628 138.939331 34.698906 503.935371
J296 138.515671 34.986496 503.803307
J523 141.407089 42.773190 503.643357
I078 138.368698 35.103458 503.478359
I074 138.253510 35.200977 503.223668
J596 139.270935 34.519634 503.021719
J887 142.953690 42.803341 502.749903
J614 137.598267 35.880001 501.983043
J281 137.534866 35.973457 501.119166
J274 137.696259 35.783619 500.739895
J137 140.825684 42.646290 500.336829
J620 138.776520 34.855034 499.389667
Z102 138.185791 35.322075 498.445511
J135 141.074951 42.667877 497.561035
J970 137.239227 36.472801 497.509451
J618 137.363022 36.285645 496.990573
I077 138.524704 35.067406 496.614772
I053 138.989822 34.751350 496.507350
J140 140.354202 42.494362 496.441832
J966 137.026428 36.919510 496.042065
J972 136.908768 37.226437 495.742229
J132 141.863983 42.729443 493.994981
J249 137.195190 36.634335 493.650611
J053 136.889160 37.382374 493.076540
J134 143.103256 42.699268 492.682432
J889 143.312790 42.673962 492.456180
G127 137.814484 35.777534 492.441520
J020 139.519592 42.153545 492.097226
J133 142.295807 42.727238 491.918064
J968 137.154480 36.757950 491.709551
G099 137.550842 36.114304 491.683626
J525 140.767624 42.551380 491.534727
G111 136.900330 37.405727 491.512714
J576 136.996063 37.123158 491.512211
J275 138.038315 35.556129 491.451430
J297 138.922256 34.865589 490.171878
G150 140.898788 42.557934 489.276111
G144 138.794662 34.970566 488.438927
J136 141.602264 42.655529 488.281212
J815 138.609970 35.117153 487.290128
J527 139.446152 42.060505 486.389667
G102 139.489197 42.078789 486.259311
G207 137.224579 36.762173 485.730611
I049 138.924820 34.916115 485.622226
J986 137.785431 35.944603 483.960992
I073 138.445694 35.289463 483.868988
J615 137.983887 35.726292 483.556439
J611 137.682632 36.084663 483.275157
J138 143.461151 42.551647 481.321718
J252 136.919266 37.850494 480.906253
J526 140.876373 42.473904 480.776441
I061 139.013687 34.921822 480.116757
J139 141.361481 42.549801 479.872665
I075 138.616989 35.203182 479.857393
I055 139.433212 34.686787 479.382958
J971 137.033936 37.432259 479.325769
J595 139.358582 34.737614 478.369473
I062 139.124359 34.878475 477.847816
J250 137.439896 36.578705 476.237239
G113 139.132965 34.895485 475.863153
I076 138.721542 35.173592 475.814825
J626 138.906891 35.047241 475.348786
J572 137.369522 36.736958 474.842148
J841 139.069901 34.949757 474.527038
J143 140.250488 42.243679 473.805613
J574 137.138550 37.306969 473.725763
J047 137.943802 35.923580 473.516256
I046 138.997925 35.014828 472.895898
I051 139.381393 34.784420 472.887296
J890 142.395920 42.554260 472.665359
J594 139.434021 34.761543 472.364738
I048 139.131165 34.939308 472.065426
I069 138.445251 35.443581 472.010689
J145 140.003952 42.130848 470.883588
S107 139.101685 34.971863 470.814657
J792 141.081055 42.420547 470.732280
I071 138.563431 35.362080 470.597594
I043 138.901855 35.110016 470.301987
J793 143.151978 42.486412 469.812836
S106 139.081970 35.006851 468.841021
J018 140.942413 42.374214 468.647434
J813 138.973862 35.114166 465.734751
J987 138.095703 35.878418 465.327841
J141 142.060226 42.481281 465.304725
G138 137.595978 36.576969 463.703250
I072 138.770676 35.305538 462.009269
I105 139.171036 35.040627 460.909175
J621 138.928360 35.204395 460.773241
J609 137.871750 36.228371 460.424746
G100 138.727310 35.360771 460.268462
J981 138.606873 35.467693 459.563135
J253 137.270050 37.446026 458.640304
J273 137.983017 36.121109 458.293515
J052 137.487228 36.928959 457.151532
I042 139.110443 35.148605 454.898129
J021 140.107330 42.008076 454.877161
J967 137.551331 36.864346 454.450593
J015 143.331009 42.321594 454.188479
J809 138.456818 35.673695 454.088984
I038 138.881653 35.321602 453.861829
J270 137.902817 36.322372 452.688124
J048 138.583298 35.590336 451.744566
J608 137.984543 36.239029 451.161092
J263 138.316391 35.855980 450.984949
J016 142.364609 42.356903 450.738394
I068 139.049332 35.245514 450.149085
J146 140.568863 42.098606 449.062242
J528 140.666870 42.123142 448.851529
J046 137.851120 36.499767 447.171798
J612 138.214478 36.026161 447.018080
I070 138.814041 35.496590 443.972666
J891 142.767944 42.277233 443.170086
J230 139.142410 35.268600 442.747295
J606 138.690384 35.649517 440.167758
J142 142.567459 42.247726 438.926588
G206 139.824921 34.918789 438.706300
J979 138.444214 35.904934 438.559292
J794 140.371231 41.934853 438.349003
J147 140.805542 42.042969 436.715347
I031 139.045181 35.415352 436.183096
J530 140.071228 41.803028 435.867832
J229 139.162598 35.336208 435.814167
J271 138.216492 36.208466 435.411640
J266 137.872330 36.706470 435.209286
I047 139.864075 34.954082 433.517670
I035 139.262695 35.304901 432.699451
J532 143.315689 42.125587 432.566814
J264 138.695129 35.746876 432.556959
J529 140.715439 41.976688 432.175382
J607 139.025772 35.511868 429.465099
USUD 138.362015 36.133114 429.311328
J144 142.935394 42.130936 428.332092
J759 139.613846 35.160866 426.396724
G108 139.615540 35.160152 426.374667
I066 139.204865 35.428520 425.523542
J984 138.120941 36.523605 424.648001
J613 138.583023 35.974148 423.976459
J227 139.974884 35.002792 423.774292
I064 138.975861 35.623348 423.658381
J570 137.893875 36.950871 422.549422
J272 138.460968 36.130638 422.224399
J985 138.366043 36.260986 420.986109
J245 137.873840 37.045174 420.396041
I034 139.466064 35.326683 419.376927
J960 139.366058 35.391487 419.323213
J983 138.096725 36.706646 417.150211
J019 143.156525 42.005856 417.135032
J268 138.322525 36.386177 416.758986
I039 139.843567 35.143711 416.500558
J022 140.747833 41.826073 415.524633
J980 138.949997 35.753872 415.142228
I067 139.664841 35.267094 414.063161
I029 139.322571 35.482639 414.027450
I065 139.157227 35.610275 413.353722
G204 140.724533 41.781658 411.566752
J959 139.968475 35.143803 410.552796
J893 140.535019 41.711327 410.163900
J610 138.499283 36.284714 409.583921
I044 140.079269 35.111862 408.551983
J804 139.521927 35.419270 408.136612
J267 138.247467 36.665154 407.234703
J149 140.315887 41.599026 406.447644
J023 140.040649 41.466377 404.356963
J958 138.926056 35.929928 403.465602
I028 139.467834 35.521408 402.306661
I036 139.825516 35.311703 401.739564
J892 140.929337 41.740593 401.602856
J247 138.198669 36.865402 401.358665
I045 139.954346 35.254807 400.702977
J957 138.702988 36.200268 400.097627
J758 139.369904 35.616428 399.961202
G107 140.249451 35.129383 399.427805
I032 139.653748 35.436485 399.391796
I063 139.268127 35.723759 397.296819
J243 138.100189 37.160789 397.077750
J269 138.637802 36.346012 395.473832
I041 140.268021 35.165901 395.054373
J221 138.552719 36.507996 392.097264
J754 139.182205 35.884048 390.020028
J569 138.242584 37.056683 389.373170
J223 139.075684 35.986893 389.199658
J593 138.912415 36.142754 389.122569
I026 139.673355 35.563404 387.082483
J265 138.436172 36.801708 385.317260
KGNI 139.488113 35.710342 385.075340
I019 139.488266 35.710369 385.064055
J755 139.365967 35.800800 385.009776
J045 138.865402 36.259033 384.504701
I037 140.146790 35.333141 384.207968
J756 140.249161 35.288383 383.910612
MTKA 139.561386 35.679516 383.380250
J591 138.591446 36.616318 382.942879
J226 140.384903 35.243244 382.537575
J228 139.630646 35.663696 380.749580
I030 140.051331 35.447784 377.886508
J753 139.269333 36.003735 375.140347
J241 138.333572 37.231121 374.938736
J150 140.880508 41.455299 373.062256
J592 139.066635 36.234669 371.923117
J964 138.457352 37.107086 369.573707
I011 139.464279 35.925503 368.852061
J894 141.094467 41.466160 368.360867
J982 138.624252 36.856686 367.590586
I033 140.337372 35.421127 367.142481
J954 138.847885 36.591377 364.777017
I023 139.902359 35.675465 364.672291
J955 139.016708 36.395348 364.568934
J235 138.273071 37.815903 363.627855
G109 138.281250 37.814758 362.939542
I025 140.186569 35.544144 362.302770
I005 139.345169 36.120953 361.250530
J897 140.293533 41.121723 360.621752
I016 139.812805 35.780212 360.352766
J534 140.490768 41.185078 358.813567
J225 140.048096 35.657207 358.672643
J244 138.608719 37.079132 358.359295
I027 140.318237 35.530117 357.483911
J956 139.254639 36.267693 356.560042
I013 139.651855 35.937469 356.386851
G110 138.508514 37.356544 355.747122
J567 138.516373 37.348541 355.365666
J044 138.906265 36.697025 354.168861
J533 141.447586 41.404705 353.916628
J752 139.056732 36.539257 352.371771
J565 138.369888 38.023685 352.000195
J224 139.795990 35.895969 351.350962
J962 138.634598 37.212112 350.636550
J051 138.574402 37.397678 348.785101
I018 140.024750 35.786465 348.193297
J024 141.213272 41.300774 347.868127
J802 138.944824 36.778061 346.621385
I007 139.636719 36.087227 345.138589
J246 138.830841 36.993458 344.351355
J895 140.983810 41.199665 343.443605
J535 140.821991 41.145546 342.957498
J233 138.471680 38.063278 342.661876
I008 139.799927 36.010895 341.431027
I024 140.448303 35.642353 340.813430
J222 139.330383 36.421627 340.467745
I020 140.315140 35.717453 339.823623
J151 140.635895 41.043221 339.245803
J898 140.011002 40.730633 337.863677
J232 138.513092 38.319347 337.461534
I012 139.992722 35.940292 336.341280
I001 139.542297 36.295162 335.115900
J952 139.060852 36.837357 334.363960
I014 140.145493 35.873650 333.959381
J240 138.789978 37.311314 333.847861
J542 140.451569 40.910175 333.630753
J566 138.706940 37.535831 333.124084
G163 139.276184 36.602337 332.267849
J026 140.272980 40.778984 329.277601
J154 139.928116 40.577644 329.096991
J896 141.385696 41.160934 328.940488
J807 138.779541 37.498657 328.121774
J242 138.933716 37.166035 328.023874
I015 140.407013 35.803329 327.346332
J220 139.224899 36.769691 325.719915
I003 139.810532 36.203671 324.988365
J583 139.931503 36.114815 324.948091
J237 138.780502 37.667522 323.126918
I021 140.646820 35.777302 319.019657
J627 140.086304 36.103634 316.919581
J584 140.202438 36.031338 316.809403
TSK2 140.087112 36.105576 316.706487
TSKB 140.087494 36.105679 316.675945
S110 140.087189 36.106113 316.655856
G103 140.859207 40.897495 316.517093
I022 140.837234 35.726357 316.338489
J589 139.490585 36.624172 315.354952
J043 139.726425 36.401848 314.934093
J568 139.020248 37.319870 314.419852
J810 138.920273 37.589737 313.360010
J844 140.810532 40.834408 311.941499
I010 140.402954 35.970409 311.923345
J806 138.880447 37.776989 311.862558
J239 138.998016 37.467720 310.728094
J152 141.367966 40.968243 308.762376
J538 140.589218 40.706276 308.221240
J582 139.987762 36.300705 306.230964
J540 140.478531 40.624344 305.380274
J537 141.131805 40.862362 304.006473
J921 140.027573 40.339397 303.687482
I006 140.343155 36.096935 303.437841
J218 139.619247 36.665985 303.385825
J950 139.752792 36.537632 303.126077
J963 139.247101 37.157616 303.096886
KSMV 140.657669 35.955372 301.268639
I009 140.659241 35.955456 301.190008
J050 138.988861 37.896469 300.027883
J238 139.059113 37.662296 299.427883
J951 139.902512 36.456581 299.271433
J961 139.111450 37.540340 298.713418
J949 139.505310 36.872246 298.510897
I002 140.174271 36.263268 298.228903
J801 139.402237 37.036934 296.987111
J571 139.073914 37.752064 295.794373
J215 140.077942 36.364914 295.501095
J184 140.048676 40.247295 294.984665
G104 139.703461 39.942116 294.201378
J541 140.803345 40.643566 293.319272
J155 140.578140 40.523655 291.414447
J030 139.776154 39.967903 291.082118
J219 139.923462 36.598946 287.161357
J206 139.364349 37.302799 286.928716
J923 140.005493 40.099701 285.983343
I004 140.544479 36.181309 285.384754
J182 140.263657 40.271156 284.724495
J551 139.848938 39.891136 280.907510
J805 139.226044 37.828159 280.907481
J563 139.586166 37.097248 279.441382
J587 139.854263 36.776371 279.283406
J539 141.376205 40.676399 277.625204
J153 141.197830 40.625069 277.430222
J207 139.503769 37.281490 276.626772
J899 141.106018 40.579983 275.809905
J590 140.179306 36.542217 274.972630
J216 140.476334 36.344368 274.242353
J181 140.577347 40.325047 273.127431
J231 139.253342 38.465393 273.081123
J586 139.805740 36.979580 269.593907
J922 140.408157 40.183315 269.347360
J902 140.941589 40.447632 268.611132
J234 139.351471 37.929382 267.979756
J947 140.385696 36.475849 267.965831
J204 139.528625 37.473461 266.286020
J186 140.132370 39.936054 265.661654
J588 140.157684 36.692455 264.692767
019B 139.547653 39.185562 264.544962
J194 139.547653 39.185562 264.544962
J552 140.044724 39.825809 263.305236
J236 139.477890 37.685905 263.091133
J901 141.332001 40.508759 261.294404
J217 140.039261 36.854233 260.971667
J941 139.686340 37.326210 259.865049
J213 140.293427 36.650566 259.237110
J156 141.511276 40.515358 257.115997
J564 139.461685 38.056183 256.364196
J185 140.401993 40.006878 254.919341
J183 140.787338 40.215439 253.026659
J049 139.509567 38.230690 250.575259
J042 140.611832 36.539928 249.638573
J965 140.296494 36.778957 249.080788
G162 139.533829 38.511196 248.993518
J209 139.871429 37.261070 248.481040
G105 139.545959 38.563339 248.470638
J157 141.076477 40.291077 247.901845
J585 140.164764 36.952305 245.446492
J948 140.035416 37.124699 243.675347
J925 140.053925 39.527565 242.987014
J939 139.835526 37.461288 241.646086
J158 141.713135 40.405201 240.762638
J924 140.535858 39.921391 240.203340
J159 141.293686 40.291149 240.050580
J932 139.674530 38.701168 239.490028
J581 140.497604 36.743027 239.190666
J188 140.234207 39.658310 238.982585
J040 139.791504 37.643696 238.034580
J191 139.907715 39.206062 236.719630
J031 140.048233 39.398697 235.825205
J798 140.822906 40.044975 235.659106
J212 140.413269 36.862091 235.170610
J032 139.808853 38.894604 232.873564
J903 141.484863 40.271042 232.052742
J904 141.046463 40.106747 231.160080
J197 139.742249 38.146175 230.850276
J555 139.927490 39.015972 227.184789
J210 140.259933 37.126293 227.086171
J945 140.376266 37.023582 225.810262
J196 139.831772 38.594036 224.141163
J187 140.597046 39.749161 222.655160
J935 139.879410 37.920586 222.535031
J937 139.972656 37.669289 221.986647
J189 140.386627 39.549294 221.205168
J942 140.212738 37.293041 220.419793
J561 140.135880 37.424507 219.306696
J214 140.753906 36.800308 219.206324
J202 140.072678 37.566948 217.765464
J195 139.957367 38.759720 216.666511
J543 141.066330 39.953079 215.663802
J192 140.161987 39.164211 214.858796
J927 140.278931 39.296745 212.946466
J946 140.690155 36.932621 212.108592
J161 141.225067 39.980576 211.492113
J553 140.732849 39.702682 210.895422
J027 141.789093 40.133450 209.919732
J160 141.461945 40.048599 209.671977
J211 140.561646 37.089294 208.488929
J845 140.324387 37.361824 208.010884
J943 140.450974 37.210564 207.854432
J559 140.205658 37.615952 204.834005
J926 140.596085 39.508137 204.387753
J930 140.183472 38.938103 203.386217
J198 140.093521 37.963608 203.141486
J163 141.164856 39.851246 201.614834
J199 140.077576 38.197544 201.112709
J799 140.094635 38.434341 199.565392
J165 140.964508 39.701092 197.808811
J800 140.841644 37.018448 195.914158
J905 141.662186 39.970955 195.624203
J190 140.559784 39.327003 194.466950
J908 140.836319 39.554455 192.840106
J940 140.464035 37.444870 192.685411
J944 140.716003 37.183090 191.302812
J933 140.220505 38.628414 191.292430
J560 140.372894 37.620731 191.039996
J554 140.506699 39.199097 190.508322
J803 140.199921 38.288982 189.979736
J795 141.452591 39.849018 189.694811
J929 140.447327 39.054379 187.331573
J041 140.902512 37.090714 186.365543
J033 140.318741 38.758595 186.169834
J205 140.662109 37.325470 185.209248
J557 140.271133 38.148098 184.673370
J544 140.769180 39.351299 181.774440
J200 140.466492 37.683308 180.708397
J164 141.803848 39.849174 179.108977
J162 141.950546 39.869370 178.244296
J166 141.172104 39.596573 177.773000
J556 140.365158 38.496769 176.659647
J936 140.446793 37.833496 176.589818
J938 140.571655 37.591091 176.581304
J035 140.366089 38.331028 175.429939
J934 140.393875 38.170441 173.726715
J193 140.629593 39.051903 173.170839
J180 140.442581 37.989929 172.511820
J928 140.715057 39.146202 172.115911
J931 140.497253 38.752155 171.052293
J907 141.426132 39.639370 169.993242
G159 141.054657 39.362015 164.424946
J201 140.755081 37.560555 163.984941
J906 141.970230 39.738960 163.734406
J909 141.292999 39.464695 159.818748
J547 141.675293 39.596127 156.271629
J797 140.645630 37.984406 155.247622
J920 140.727661 37.824600 153.528224
J178 140.642853 38.205742 151.661286
J796 140.988449 39.127007 151.481362
J913 140.833191 38.934029 151.461377
J203 141.006607 37.533691 146.959288
J917 140.727722 38.571812 146.716859
J028 141.939957 39.572384 146.373011
J174 140.801636 38.748936 145.781074
MIZU 141.132828 39.135170 142.300876
J038 140.908081 37.800671 139.801948
J910 141.311676 39.235374 138.997595
J179 140.843994 38.029659 137.139052
J169 141.534164 39.338055 136.482622
J548 140.847870 38.546215 135.890199
J029 141.203918 39.110626 135.867485
J167 141.955261 39.458160 133.795817
J177 140.851364 38.411758 133.480551
J173 140.990585 38.815342 133.385076
J912 141.148529 38.995464 131.666786
_FUK 142.080902 37.166111 128.183943
J915 141.004333 38.686134 126.836113
J919 140.943695 38.177120 125.724177
J037 140.954178 38.317486 123.992113
J170 141.798035 39.253517 117.229111
J546 141.575485 39.143089 116.620941
G145 141.283188 38.901936 116.139542
J911 141.400848 39.012108 115.884607
J916 141.160721 38.660629 113.077675
J176 141.147537 38.539482 110.215194
_KMN 143.362183 38.887981 108.356337
J914 141.317856 38.743221 104.356802
J549 141.212906 38.425056 102.250782
J171 141.739853 39.023781 97.570354
J172 141.572586 38.902859 96.733031
G205 141.753250 39.019775 96.549376
J918 141.304398 38.509842 96.146487
J175 141.449371 38.682697 91.104578
_KMS 143.263336 38.636463 86.432500
J036 141.441162 38.449196 83.026953
J550 141.500687 38.301186 76.183076
_MGI 142.916641 38.080940 53.468225
_MGW 142.433151 38.148861 17.378174
