# site lon lat dist(km)
J274 137.696259 35.783619 500.739895
J137 140.825684 42.646290 500.336829
J620 138.776520 34.855034 499.389667
Z102 138.185791 35.322075 498.445511
J135 141.074951 42.667877 497.561035
J970 137.239227 36.472801 497.509451
J618 137.363022 36.285645 496.990573
I077 138.524704 35.067406 496.614772
I053 138.989822 34.751350 496.507350
J140 140.354202 42.494362 496.441832
J966 137.026428 36.919510 496.042065
J972 136.908768 37.226437 495.742229
J132 141.863983 42.729443 493.994981
J249 137.195190 36.634335 493.650611
J053 136.889160 37.382374 493.076540
J134 143.103256 42.699268 492.682432
J889 143.312790 42.673962 492.456180
G127 137.814484 35.777534 492.441520
J020 139.519592 42.153545 492.097226
J133 142.295807 42.727238 491.918064
J968 137.154480 36.757950 491.709551
G099 137.550842 36.114304 491.683626
J525 140.767624 42.551380 491.534727
G111 136.900330 37.405727 491.512714
J576 136.996063 37.123158 491.512211
J275 138.038315 35.556129 491.451430
J297 138.922256 34.865589 490.171878
G150 140.898788 42.557934 489.276111
G144 138.794662 34.970566 488.438927
J136 141.602264 42.655529 488.281212
J815 138.609970 35.117153 487.290128
J527 139.446152 42.060505 486.389667
G102 139.489197 42.078789 486.259311
G207 137.224579 36.762173 485.730611
I049 138.924820 34.916115 485.622226
J986 137.785431 35.944603 483.960992
I073 138.445694 35.289463 483.868988
J615 137.983887 35.726292 483.556439
J611 137.682632 36.084663 483.275157
J138 143.461151 42.551647 481.321718
J252 136.919266 37.850494 480.906253
J526 140.876373 42.473904 480.776441
I061 139.013687 34.921822 480.116757
J139 141.361481 42.549801 479.872665
I075 138.616989 35.203182 479.857393
I055 139.433212 34.686787 479.382958
J971 137.033936 37.432259 479.325769
J595 139.358582 34.737614 478.369473
I062 139.124359 34.878475 477.847816
J250 137.439896 36.578705 476.237239
G113 139.132965 34.895485 475.863153
I076 138.721542 35.173592 475.814825
J626 138.906891 35.047241 475.348786
J572 137.369522 36.736958 474.842148
J841 139.069901 34.949757 474.527038
J143 140.250488 42.243679 473.805613
J574 137.138550 37.306969 473.725763
J047 137.943802 35.923580 473.516256
I046 138.997925 35.014828 472.895898
I051 139.381393 34.784420 472.887296
J890 142.395920 42.554260 472.665359
J594 139.434021 34.761543 472.364738
I048 139.131165 34.939308 472.065426
I069 138.445251 35.443581 472.010689
J145 140.003952 42.130848 470.883588
S107 139.101685 34.971863 470.814657
J792 141.081055 42.420547 470.732280
I071 138.563431 35.362080 470.597594
I043 138.901855 35.110016 470.301987
J793 143.151978 42.486412 469.812836
S106 139.081970 35.006851 468.841021
J018 140.942413 42.374214 468.647434
J813 138.973862 35.114166 465.734751
J987 138.095703 35.878418 465.327841
J141 142.060226 42.481281 465.304725
G138 137.595978 36.576969 463.703250
I072 138.770676 35.305538 462.009269
I105 139.171036 35.040627 460.909175
J621 138.928360 35.204395 460.773241
J609 137.871750 36.228371 460.424746
G100 138.727310 35.360771 460.268462
J981 138.606873 35.467693 459.563135
J253 137.270050 37.446026 458.640304
J273 137.983017 36.121109 458.293515
J052 137.487228 36.928959 457.151532
I042 139.110443 35.148605 454.898129
J021 140.107330 42.008076 454.877161
J967 137.551331 36.864346 454.450593
J015 143.331009 42.321594 454.188479
J809 138.456818 35.673695 454.088984
I038 138.881653 35.321602 453.861829
J270 137.902817 36.322372 452.688124
J048 138.583298 35.590336 451.744566
J608 137.984543 36.239029 451.161092
J263 138.316391 35.855980 450.984949
J016 142.364609 42.356903 450.738394
I068 139.049332 35.245514 450.149085
J146 140.568863 42.098606 449.062242
J528 140.666870 42.123142 448.851529
J046 137.851120 36.499767 447.171798
J612 138.214478 36.026161 447.018080
I070 138.814041 35.496590 443.972666
J891 142.767944 42.277233 443.170086
J230 139.142410 35.268600 442.747295
J606 138.690384 35.649517 440.167758
J142 142.567459 42.247726 438.926588
G206 139.824921 34.918789 438.706300
J979 138.444214 35.904934 438.559292
J794 140.371231 41.934853 438.349003
J147 140.805542 42.042969 436.715347
I031 139.045181 35.415352 436.183096
J530 140.071228 41.803028 435.867832
J229 139.162598 35.336208 435.814167
J271 138.216492 36.208466 435.411640
J266 137.872330 36.706470 435.209286
I047 139.864075 34.954082 433.517670
I035 139.262695 35.304901 432.699451
J532 143.315689 42.125587 432.566814
J264 138.695129 35.746876 432.556959
J529 140.715439 41.976688 432.175382
J607 139.025772 35.511868 429.465099
USUD 138.362015 36.133114 429.311328
J144 142.935394 42.130936 428.332092
J759 139.613846 35.160866 426.396724
G108 139.615540 35.160152 426.374667
I066 139.204865 35.428520 425.523542
J984 138.120941 36.523605 424.648001
J613 138.583023 35.974148 423.976459
J227 139.974884 35.002792 423.774292
I064 138.975861 35.623348 423.658381
J570 137.893875 36.950871 422.549422
J272 138.460968 36.130638 422.224399
J985 138.366043 36.260986 420.986109
J245 137.873840 37.045174 420.396041
I034 139.466064 35.326683 419.376927
J960 139.366058 35.391487 419.323213
J983 138.096725 36.706646 417.150211
J019 143.156525 42.005856 417.135032
J268 138.322525 36.386177 416.758986
I039 139.843567 35.143711 416.500558
J022 140.747833 41.826073 415.524633
J980 138.949997 35.753872 415.142228
I067 139.664841 35.267094 414.063161
I029 139.322571 35.482639 414.027450
I065 139.157227 35.610275 413.353722
G204 140.724533 41.781658 411.566752
J959 139.968475 35.143803 410.552796
J893 140.535019 41.711327 410.163900
J610 138.499283 36.284714 409.583921
I044 140.079269 35.111862 408.551983
J804 139.521927 35.419270 408.136612
J267 138.247467 36.665154 407.234703
J149 140.315887 41.599026 406.447644
J023 140.040649 41.466377 404.356963
J958 138.926056 35.929928 403.465602
I028 139.467834 35.521408 402.306661
I036 139.825516 35.311703 401.739564
J892 140.929337 41.740593 401.602856
J247 138.198669 36.865402 401.358665
I045 139.954346 35.254807 400.702977
J957 138.702988 36.200268 400.097627
J758 139.369904 35.616428 399.961202
G107 140.249451 35.129383 399.427805
I032 139.653748 35.436485 399.391796
I063 139.268127 35.723759 397.296819
J243 138.100189 37.160789 397.077750
J269 138.637802 36.346012 395.473832
I041 140.268021 35.165901 395.054373
J221 138.552719 36.507996 392.097264
J754 139.182205 35.884048 390.020028
J569 138.242584 37.056683 389.373170
J223 139.075684 35.986893 389.199658
J593 138.912415 36.142754 389.122569
I026 139.673355 35.563404 387.082483
J265 138.436172 36.801708 385.317260
KGNI 139.488113 35.710342 385.075340
I019 139.488266 35.710369 385.064055
J755 139.365967 35.800800 385.009776
J045 138.865402 36.259033 384.504701
I037 140.146790 35.333141 384.207968
J756 140.249161 35.288383 383.910612
MTKA 139.561386 35.679516 383.380250
J591 138.591446 36.616318 382.942879
J226 140.384903 35.243244 382.537575
J228 139.630646 35.663696 380.749580
I030 140.051331 35.447784 377.886508
J753 139.269333 36.003735 375.140347
J241 138.333572 37.231121 374.938736
J150 140.880508 41.455299 373.062256
J592 139.066635 36.234669 371.923117
J964 138.457352 37.107086 369.573707
I011 139.464279 35.925503 368.852061
J894 141.094467 41.466160 368.360867
J982 138.624252 36.856686 367.590586
I033 140.337372 35.421127 367.142481
J954 138.847885 36.591377 364.777017
I023 139.902359 35.675465 364.672291
J955 139.016708 36.395348 364.568934
J235 138.273071 37.815903 363.627855
G109 138.281250 37.814758 362.939542
I025 140.186569 35.544144 362.302770
I005 139.345169 36.120953 361.250530
J897 140.293533 41.121723 360.621752
I016 139.812805 35.780212 360.352766
J534 140.490768 41.185078 358.813567
J225 140.048096 35.657207 358.672643
J244 138.608719 37.079132 358.359295
I027 140.318237 35.530117 357.483911
J956 139.254639 36.267693 356.560042
I013 139.651855 35.937469 356.386851
G110 138.508514 37.356544 355.747122
J567 138.516373 37.348541 355.365666
J044 138.906265 36.697025 354.168861
J533 141.447586 41.404705 353.916628
J752 139.056732 36.539257 352.371771
J565 138.369888 38.023685 352.000195
J224 139.795990 35.895969 351.350962
J962 138.634598 37.212112 350.636550
J051 138.574402 37.397678 348.785101
I018 140.024750 35.786465 348.193297
J024 141.213272 41.300774 347.868127
J802 138.944824 36.778061 346.621385
I007 139.636719 36.087227 345.138589
J246 138.830841 36.993458 344.351355
J895 140.983810 41.199665 343.443605
J535 140.821991 41.145546 342.957498
J233 138.471680 38.063278 342.661876
I008 139.799927 36.010895 341.431027
I024 140.448303 35.642353 340.813430
J222 139.330383 36.421627 340.467745
I020 140.315140 35.717453 339.823623
J151 140.635895 41.043221 339.245803
J898 140.011002 40.730633 337.863677
J232 138.513092 38.319347 337.461534
I012 139.992722 35.940292 336.341280
I001 139.542297 36.295162 335.115900
J952 139.060852 36.837357 334.363960
I014 140.145493 35.873650 333.959381
J240 138.789978 37.311314 333.847861
J542 140.451569 40.910175 333.630753
J566 138.706940 37.535831 333.124084
G163 139.276184 36.602337 332.267849
J026 140.272980 40.778984 329.277601
J154 139.928116 40.577644 329.096991
J896 141.385696 41.160934 328.940488
J807 138.779541 37.498657 328.121774
J242 138.933716 37.166035 328.023874
I015 140.407013 35.803329 327.346332
J220 139.224899 36.769691 325.719915
I003 139.810532 36.203671 324.988365
J583 139.931503 36.114815 324.948091
J237 138.780502 37.667522 323.126918
I021 140.646820 35.777302 319.019657
J627 140.086304 36.103634 316.919581
J584 140.202438 36.031338 316.809403
TSK2 140.087112 36.105576 316.706487
TSKB 140.087494 36.105679 316.675945
S110 140.087189 36.106113 316.655856
G103 140.859207 40.897495 316.517093
I022 140.837234 35.726357 316.338489
J589 139.490585 36.624172 315.354952
J043 139.726425 36.401848 314.934093
J568 139.020248 37.319870 314.419852
J810 138.920273 37.589737 313.360010
J844 140.810532 40.834408 311.941499
I010 140.402954 35.970409 311.923345
J806 138.880447 37.776989 311.862558
J239 138.998016 37.467720 310.728094
J152 141.367966 40.968243 308.762376
J538 140.589218 40.706276 308.221240
J582 139.987762 36.300705 306.230964
J540 140.478531 40.624344 305.380274
J537 141.131805 40.862362 304.006473
J921 140.027573 40.339397 303.687482
I006 140.343155 36.096935 303.437841
J218 139.619247 36.665985 303.385825
J950 139.752792 36.537632 303.126077
J963 139.247101 37.157616 303.096886
KSMV 140.657669 35.955372 301.268639
I009 140.659241 35.955456 301.190008
J050 138.988861 37.896469 300.027883
J238 139.059113 37.662296 299.427883
J951 139.902512 36.456581 299.271433
J961 139.111450 37.540340 298.713418
J949 139.505310 36.872246 298.510897
I002 140.174271 36.263268 298.228903
J801 139.402237 37.036934 296.987111
J571 139.073914 37.752064 295.794373
J215 140.077942 36.364914 295.501095
J184 140.048676 40.247295 294.984665
G104 139.703461 39.942116 294.201378
J541 140.803345 40.643566 293.319272
J155 140.578140 40.523655 291.414447
J030 139.776154 39.967903 291.082118
J219 139.923462 36.598946 287.161357
J206 139.364349 37.302799 286.928716
J923 140.005493 40.099701 285.983343
I004 140.544479 36.181309 285.384754
J182 140.263657 40.271156 284.724495
J551 139.848938 39.891136 280.907510
J805 139.226044 37.828159 280.907481
J563 139.586166 37.097248 279.441382
J587 139.854263 36.776371 279.283406
J539 141.376205 40.676399 277.625204
J153 141.197830 40.625069 277.430222
J207 139.503769 37.281490 276.626772
J899 141.106018 40.579983 275.809905
J590 140.179306 36.542217 274.972630
J216 140.476334 36.344368 274.242353
J181 140.577347 40.325047 273.127431
J231 139.253342 38.465393 273.081123
J586 139.805740 36.979580 269.593907
J922 140.408157 40.183315 269.347360
J902 140.941589 40.447632 268.611132
J234 139.351471 37.929382 267.979756
J947 140.385696 36.475849 267.965831
J204 139.528625 37.473461 266.286020
J186 140.132370 39.936054 265.661654
J588 140.157684 36.692455 264.692767
019B 139.547653 39.185562 264.544962
J194 139.547653 39.185562 264.544962
J552 140.044724 39.825809 263.305236
J236 139.477890 37.685905 263.091133
J901 141.332001 40.508759 261.294404
J217 140.039261 36.854233 260.971667
J941 139.686340 37.326210 259.865049
J213 140.293427 36.650566 259.237110
J156 141.511276 40.515358 257.115997
J564 139.461685 38.056183 256.364196
J185 140.401993 40.006878 254.919341
J183 140.787338 40.215439 253.026659
J049 139.509567 38.230690 250.575259
J042 140.611832 36.539928 249.638573
J965 140.296494 36.778957 249.080788
G162 139.533829 38.511196 248.993518
J209 139.871429 37.261070 248.481040
G105 139.545959 38.563339 248.470638
J157 141.076477 40.291077 247.901845
J585 140.164764 36.952305 245.446492
J948 140.035416 37.124699 243.675347
J925 140.053925 39.527565 242.987014
J939 139.835526 37.461288 241.646086
J158 141.713135 40.405201 240.762638
J924 140.535858 39.921391 240.203340
J159 141.293686 40.291149 240.050580
J932 139.674530 38.701168 239.490028
J581 140.497604 36.743027 239.190666
J188 140.234207 39.658310 238.982585
J040 139.791504 37.643696 238.034580
J191 139.907715 39.206062 236.719630
J031 140.048233 39.398697 235.825205
J798 140.822906 40.044975 235.659106
J212 140.413269 36.862091 235.170610
J032 139.808853 38.894604 232.873564
J903 141.484863 40.271042 232.052742
J904 141.046463 40.106747 231.160080
J197 139.742249 38.146175 230.850276
J555 139.927490 39.015972 227.184789
J210 140.259933 37.126293 227.086171
J945 140.376266 37.023582 225.810262
J196 139.831772 38.594036 224.141163
J187 140.597046 39.749161 222.655160
J935 139.879410 37.920586 222.535031
J937 139.972656 37.669289 221.986647
J189 140.386627 39.549294 221.205168
J942 140.212738 37.293041 220.419793
J561 140.135880 37.424507 219.306696
J214 140.753906 36.800308 219.206324
J202 140.072678 37.566948 217.765464
J195 139.957367 38.759720 216.666511
J543 141.066330 39.953079 215.663802
J192 140.161987 39.164211 214.858796
J927 140.278931 39.296745 212.946466
J946 140.690155 36.932621 212.108592
J161 141.225067 39.980576 211.492113
J553 140.732849 39.702682 210.895422
J027 141.789093 40.133450 209.919732
J160 141.461945 40.048599 209.671977
J211 140.561646 37.089294 208.488929
J845 140.324387 37.361824 208.010884
J943 140.450974 37.210564 207.854432
J559 140.205658 37.615952 204.834005
J926 140.596085 39.508137 204.387753
J930 140.183472 38.938103 203.386217
J198 140.093521 37.963608 203.141486
J163 141.164856 39.851246 201.614834
J199 140.077576 38.197544 201.112709
J799 140.094635 38.434341 199.565392
J165 140.964508 39.701092 197.808811
J800 140.841644 37.018448 195.914158
J905 141.662186 39.970955 195.624203
J190 140.559784 39.327003 194.466950
J908 140.836319 39.554455 192.840106
J940 140.464035 37.444870 192.685411
J944 140.716003 37.183090 191.302812
J933 140.220505 38.628414 191.292430
J560 140.372894 37.620731 191.039996
J554 140.506699 39.199097 190.508322
J803 140.199921 38.288982 189.979736
J795 141.452591 39.849018 189.694811
J929 140.447327 39.054379 187.331573
J041 140.902512 37.090714 186.365543
J033 140.318741 38.758595 186.169834
J205 140.662109 37.325470 185.209248
J557 140.271133 38.148098 184.673370
J544 140.769180 39.351299 181.774440
J200 140.466492 37.683308 180.708397
J164 141.803848 39.849174 179.108977
J162 141.950546 39.869370 178.244296
J166 141.172104 39.596573 177.773000
J556 140.365158 38.496769 176.659647
J936 140.446793 37.833496 176.589818
J938 140.571655 37.591091 176.581304
J035 140.366089 38.331028 175.429939
J934 140.393875 38.170441 173.726715
J193 140.629593 39.051903 173.170839
J180 140.442581 37.989929 172.511820
J928 140.715057 39.146202 172.115911
J931 140.497253 38.752155 171.052293
J907 141.426132 39.639370 169.993242
G159 141.054657 39.362015 164.424946
J201 140.755081 37.560555 163.984941
J906 141.970230 39.738960 163.734406
J909 141.292999 39.464695 159.818748
J547 141.675293 39.596127 156.271629
J797 140.645630 37.984406 155.247622
J920 140.727661 37.824600 153.528224
J178 140.642853 38.205742 151.661286
J796 140.988449 39.127007 151.481362
J913 140.833191 38.934029 151.461377
J203 141.006607 37.533691 146.959288
J917 140.727722 38.571812 146.716859
J028 141.939957 39.572384 146.373011
J174 140.801636 38.748936 145.781074
MIZU 141.132828 39.135170 142.300876
J038 140.908081 37.800671 139.801948
J910 141.311676 39.235374 138.997595
J179 140.843994 38.029659 137.139052
J169 141.534164 39.338055 136.482622
J548 140.847870 38.546215 135.890199
J029 141.203918 39.110626 135.867485
J167 141.955261 39.458160 133.795817
J177 140.851364 38.411758 133.480551
J173 140.990585 38.815342 133.385076
J912 141.148529 38.995464 131.666786
J915 141.004333 38.686134 126.836113
J919 140.943695 38.177120 125.724177
J037 140.954178 38.317486 123.992113
J170 141.798035 39.253517 117.229111
J546 141.575485 39.143089 116.620941
G145 141.283188 38.901936 116.139542
J911 141.400848 39.012108 115.884607
J916 141.160721 38.660629 113.077675
J176 141.147537 38.539482 110.215194
J914 141.317856 38.743221 104.356802
J549 141.212906 38.425056 102.250782
J171 141.739853 39.023781 97.570354
J172 141.572586 38.902859 96.733031
G205 141.753250 39.019775 96.549376
J918 141.304398 38.509842 96.146487
J175 141.449371 38.682697 91.104578
J036 141.441162 38.449196 83.026953
J550 141.500687 38.301186 76.183076
