139.547653 39.185562 0.647412 -0.231834 019B
130.600006 31.823999 0.007999 0.007074 AIRA
102.234985 51.769707 0.000457 -0.000162 BADG
115.891998 39.609001 0.002371 0.000187 BJFS
142.199997 27.070000 0.000783 -0.001231 CCJ2
125.444000 43.791000 0.011641 -0.004172 CHAN
145.742996 15.230000 -0.000174 0.001067 CNMR
100.533936 13.735914 -0.000124 0.000136 CUSV
127.374001 36.398998 0.016546 0.004031 DAEJ
135.928299 33.877003 0.029077 0.025218 G000
135.087646 35.419525 0.067324 0.031320 G001
135.340698 35.333458 0.067872 0.033027 G002
135.634216 35.155182 0.065214 0.034502 G003
135.219940 34.326462 0.038471 0.027032 G004
134.376114 34.760426 0.043500 0.024910 G006
136.041901 34.710644 0.052761 0.033834 G007
136.173141 34.493874 0.045936 0.032223 G008
136.002640 34.292927 0.039546 0.029653 G009
135.854797 34.241966 0.037965 0.028727 G010
135.554001 33.940796 0.030507 0.025076 G011
135.882095 33.668758 0.024772 0.023045 G012
135.533844 33.658344 0.024895 0.022483 G013
134.195267 35.529858 0.058615 0.025048 G014
133.495132 35.506935 0.049702 0.020663 G015
133.869751 35.493202 0.053837 0.022948 G016
134.155945 35.340591 0.053948 0.024771 G017
132.921997 35.491909 0.043156 0.017568 G018
133.192093 35.310692 0.043188 0.019027 G019
132.902695 35.309727 0.040397 0.017563 G020
132.669006 35.233078 0.037349 0.016508 G021
132.385559 35.031902 0.032920 0.015361 G022
132.685165 34.856747 0.032843 0.016451 G023
132.109467 34.777946 0.028735 0.014307 G024
131.810318 34.624344 0.025924 0.013272 G025
133.680756 35.282959 0.047687 0.021781 G026
133.912689 35.105026 0.046609 0.023006 G027
133.800446 34.738079 0.038926 0.021610 G028
133.972595 34.590286 0.037492 0.022089 G029
132.902100 35.035213 0.036637 0.017508 G030
132.908112 34.633671 0.031482 0.017108 G031
133.341293 34.612202 0.033821 0.018979 G032
133.140182 34.515621 0.031294 0.017870 G033
132.691956 34.184635 0.025360 0.015512 G035
132.531631 34.069233 0.023649 0.014776 G036
131.735321 34.195274 0.022070 0.012651 G037
132.052734 34.090061 0.022276 0.013404 G038
131.113037 34.020523 0.018788 0.010827 G039
132.119965 33.845917 0.020452 0.013170 G040
134.457306 33.993687 0.029365 0.021627 G041
134.211166 33.934563 0.027675 0.020324 G042
134.175980 34.478535 0.036698 0.022734 G044
133.899384 34.325920 0.032610 0.020762 G045
133.350693 33.974171 0.025379 0.017223 G046
133.047394 33.884090 0.023395 0.015930 G047
132.798523 33.642731 0.020377 0.014531 G048
132.743683 33.305054 0.017356 0.013432 G049
132.633636 33.096088 0.015580 0.012577 G050
133.531021 33.625805 0.021815 0.016548 G051
133.154495 33.607021 0.020807 0.015394 G052
134.099319 33.497108 0.021347 0.017640 G053
133.089539 33.416664 0.018861 0.014597 G054
134.205536 33.394894 0.020222 0.017382 G055
132.972137 33.193138 0.016751 0.013594 G056
132.831467 32.961067 0.014791 0.012559 G058
132.555435 32.738613 0.013015 0.011367 G059
130.722427 33.929722 0.017175 0.009880 G060
130.971115 33.867008 0.017441 0.010343 G061
130.296906 33.683071 0.015038 0.008921 G062
130.675674 33.579769 0.015213 0.009466 G063
130.995422 33.564732 0.015748 0.010044 G064
130.079269 33.503036 0.013899 0.008458 G065
130.097214 33.292004 0.013045 0.008312 G066
129.862946 33.073387 0.011890 0.007800 G067
129.958954 32.768307 0.010853 0.007617 G068
130.621765 33.060135 0.012682 0.008803 G069
130.872650 32.995934 0.012667 0.009081 G070
130.748367 32.709232 0.011306 0.008519 G071
130.827347 32.396080 0.010110 0.008162 G073
130.179886 32.367409 0.009606 0.007406 G074
130.656494 32.343513 0.009825 0.007902 G075
130.986389 32.292397 0.009783 0.008173 G076
131.521149 33.514332 0.016554 0.011079 G077
131.291672 33.383755 0.015288 0.010376 G078
131.748413 33.096195 0.014337 0.010756 G079
132.039047 32.936356 0.013748 0.010955 G080
131.441528 32.898895 0.012820 0.009808 G081
131.629227 32.852222 0.012778 0.010028 G082
131.364700 32.527931 0.010947 0.009008 G083
131.583023 32.316231 0.010113 0.008870 G084
131.347488 32.111889 0.009199 0.008231 G085
131.254456 32.001804 0.008767 0.007949 G086
130.976959 31.877796 0.008284 0.007498 G087
131.470062 31.785973 0.008006 0.007739 G088
130.735672 31.743780 0.007784 0.007072 G089
130.998306 31.564604 0.007265 0.006996 G090
130.340057 31.450253 0.006741 0.006259 G091
130.540588 31.377237 0.006604 0.006322 G092
130.867111 31.242748 0.006288 0.006360 G093
127.993683 26.386345 0.000928 0.001543 G094
127.760361 26.312714 0.000882 0.001465 G095
127.677628 26.194576 0.000815 0.001386 G096
153.978653 24.290094 -0.001765 0.003046 G098
137.550842 36.114304 0.162323 0.047569 G099
138.727310 35.360771 0.117493 0.030043 G100
140.858307 43.209526 0.009022 -0.040898 G101
139.489197 42.078789 0.078208 -0.116396 G102
140.859207 40.897495 0.199299 -0.213871 G103
139.703461 39.942116 0.485129 -0.273523 G104
139.545959 38.563339 0.714679 -0.164910 G105
140.249451 35.129383 0.136293 -0.106636 G107
139.615540 35.160152 0.104619 -0.021470 G108
138.281250 37.814758 0.389832 -0.015793 G109
138.508514 37.356544 0.375024 0.004746 G110
136.900330 37.405727 0.224226 0.019813 G111
136.148849 36.254585 0.123824 0.038412 G112
139.132965 34.895485 0.065398 0.004787 G113
138.764206 34.806900 0.058301 0.016976 G114
138.327408 34.870670 0.064912 0.029299 G115
136.823837 34.903965 0.064679 0.038829 G116
135.191544 34.144146 0.034295 0.025567 G117
134.315933 35.593685 0.061665 0.025829 G118
131.604645 34.627590 0.025046 0.012658 G119
133.243500 33.333500 0.018327 0.014684 G120
129.849289 33.473080 0.013441 0.008109 G121
134.178116 33.266125 0.018676 0.016613 G122
130.191071 32.017410 0.008422 0.006946 G123
127.824677 26.179472 0.000811 0.001400 G124
132.982178 32.869484 0.014238 0.012539 G125
132.810654 32.762100 0.013359 0.011883 G126
137.814484 35.777534 0.140049 0.047353 G127
136.728745 35.405132 0.090341 0.043308 G128
136.431931 34.603333 0.050379 0.034181 G129
135.589935 33.747604 0.026566 0.023399 G130
133.940872 33.722511 0.023929 0.018276 G131
133.043228 33.545834 0.019984 0.014896 G132
132.488770 33.039463 0.014991 0.012116 G133
132.922653 33.391029 0.018361 0.014110 G134
133.699570 35.490398 0.051774 0.021894 G135
137.636871 34.702118 0.055461 0.034390 G136
131.384033 33.078835 0.013712 0.010037 G137
137.595978 36.576969 0.207178 0.042196 G138
136.540482 34.285072 0.039435 0.030492 G139
136.081070 20.425549 -0.000264 -0.000426 G140
132.961685 33.103912 0.016016 0.013280 G141
132.675827 32.927689 0.014403 0.012157 G142
136.295578 34.930733 0.062584 0.037030 G143
138.794662 34.970566 0.073250 0.019890 G144
141.283188 38.901936 1.169485 -0.332201 G145
135.426102 34.085499 0.033513 0.025953 G146
131.835007 34.043789 0.021200 0.012724 G147
136.728226 34.490002 0.046545 0.033287 G148
136.693192 34.296612 0.039648 0.030669 G149
140.898788 42.557934 0.020989 -0.057845 G150
132.650330 34.492138 0.028464 0.015903 G151
133.924103 33.622295 0.022605 0.017742 G152
134.114166 33.774574 0.025056 0.019132 G153
135.305313 33.769405 0.026937 0.022947 G154
135.970596 33.660805 0.024471 0.023023 G155
136.024353 33.820427 0.027716 0.024732 G156
132.339813 34.397049 0.026103 0.014714 G157
136.772705 37.000721 0.192929 0.031499 G158
141.054657 39.362015 0.969005 -0.380349 G159
137.723373 34.672314 0.053597 0.033180 G160
137.442459 34.680382 0.054638 0.035102 G161
139.533829 38.511196 0.711496 -0.156801 G162
139.276184 36.602337 0.357397 -0.016659 G163
132.268814 34.575432 0.027536 0.014686 G164
141.685333 45.407822 -0.002354 -0.007213 G201
144.285797 44.019413 0.004156 0.016286 G202
144.371399 42.975571 0.014499 0.031860 G203
140.724533 41.781658 0.065032 -0.108123 G204
139.824921 34.918789 0.072286 -0.042724 G206
137.224579 36.762173 0.201627 0.038500 G207
135.773193 33.475948 0.021388 0.021073 G208
132.066208 34.897312 0.029660 0.014208 G209
129.866196 32.735119 0.010633 0.007463 G210
131.409302 31.576969 0.007304 0.007312 G211
127.665207 26.213327 0.000825 0.001395 G212
142.194611 27.093943 0.000788 -0.001247 G213
144.869995 13.590000 -0.000146 0.000872 GUAM
144.800003 13.430000 -0.000144 0.000858 GUUG
139.542297 36.295162 0.331924 -0.041062 I001
140.174271 36.263268 0.354361 -0.156502 I002
139.810532 36.203671 0.330748 -0.079575 I003
140.544479 36.181309 0.399105 -0.263870 I004
139.345169 36.120953 0.283740 -0.009850 I005
140.343155 36.096935 0.362845 -0.204671 I006
139.636719 36.087227 0.301559 -0.044063 I007
139.799927 36.010895 0.295346 -0.067187 I008
140.659241 35.955456 0.415017 -0.300723 I009
140.402954 35.970409 0.363332 -0.224135 I010
139.464279 35.925503 0.255513 -0.013698 I011
139.992722 35.940292 0.293669 -0.106606 I012
139.651855 35.937469 0.271895 -0.037952 I013
140.145493 35.873650 0.298907 -0.145817 I014
140.407013 35.803329 0.335677 -0.221304 I015
139.812805 35.780212 0.247807 -0.057470 I016
140.024750 35.786465 0.267461 -0.106442 I018
139.488266 35.710369 0.210421 -0.009525 I019
140.315140 35.717453 0.296486 -0.186726 I020
140.646820 35.777302 0.390095 -0.289053 I021
140.837234 35.726357 0.417603 -0.343713 I022
139.902359 35.675465 0.231089 -0.070088 I023
140.448303 35.642353 0.305533 -0.222165 I024
140.186569 35.544144 0.231547 -0.129410 I025
139.673355 35.563404 0.188578 -0.027882 I026
140.318237 35.530117 0.248968 -0.166923 I027
139.467834 35.521408 0.168544 -0.005725 I028
139.322571 35.482639 0.154522 0.005253 I029
140.051331 35.447784 0.190049 -0.087819 I030
139.045181 35.415352 0.133156 0.019604 I031
139.653748 35.436485 0.159316 -0.024083 I032
140.337372 35.421127 0.222220 -0.158835 I033
139.466064 35.326683 0.130211 -0.006746 I034
139.262695 35.304901 0.121085 0.006821 I035
139.825516 35.311703 0.141174 -0.044361 I036
140.146790 35.333141 0.171617 -0.100476 I037
138.881653 35.321602 0.115417 0.024517 I038
139.843567 35.143711 0.108675 -0.045255 I039
140.268021 35.165901 0.146675 -0.113342 I041
139.110443 35.148605 0.095377 0.011702 I042
138.901855 35.110016 0.088766 0.019469 I043
140.079269 35.111862 0.115813 -0.076501 I044
139.954346 35.254807 0.136508 -0.061742 I045
138.997925 35.014828 0.078274 0.013552 I046
139.864075 34.954082 0.078286 -0.046701 I047
139.131165 34.939308 0.070073 0.005894 I048
138.924820 34.916115 0.067815 0.014059 I049
137.672333 34.835331 0.063127 0.036561 I050
139.381393 34.784420 0.053540 -0.010757 I051
138.017532 34.785950 0.059601 0.032350 I052
138.989822 34.751350 0.052416 0.007642 I053
139.433212 34.686787 0.044274 -0.015480 I055
139.257904 34.371826 0.023674 -0.011144 I057
139.134460 34.200478 0.016830 -0.008299 I058
139.503845 34.121067 0.009965 -0.024439 I059
139.547150 34.059113 0.007456 -0.026499 I060
139.013687 34.921822 0.068287 0.010688 I061
139.124359 34.878475 0.063665 0.004794 I062
139.268127 35.723759 0.199113 0.008392 I063
138.975861 35.623348 0.164474 0.024281 I064
139.157227 35.610275 0.170979 0.015693 I065
139.204865 35.428520 0.140331 0.011910 I066
139.664841 35.267094 0.125228 -0.025321 I067
139.049332 35.245514 0.107858 0.016519 I068
138.445251 35.443581 0.121423 0.037810 I069
138.814041 35.496590 0.138376 0.029287 I070
138.563431 35.362080 0.114314 0.034206 I071
138.770676 35.305538 0.111233 0.027834 I072
138.445694 35.289463 0.104066 0.035446 I073
138.253510 35.200977 0.092941 0.037163 I074
138.616989 35.203182 0.096813 0.030086 I075
138.721542 35.173592 0.094597 0.026691 I076
138.524704 35.067406 0.082015 0.029453 I077
138.368698 35.103458 0.084662 0.033401 I078
138.134903 35.103912 0.083450 0.037060 I079
138.378296 34.990524 0.074617 0.030891 I081
137.695236 35.079292 0.079170 0.040570 I084
138.786057 34.776073 0.055639 0.015552 I085
138.838425 34.610001 0.042699 0.010011 I086
138.074860 34.939796 0.070265 0.034697 I088
137.932144 34.843857 0.063545 0.034489 I089
137.817947 34.941345 0.070040 0.037391 I090
138.136917 34.757755 0.057398 0.030120 I091
138.225601 34.738308 0.055758 0.028281 I092
138.053543 34.715252 0.054971 0.030436 I093
138.129288 34.642902 0.050177 0.027827 I094
137.937439 34.670422 0.052727 0.031001 I095
137.911270 34.755394 0.057923 0.032985 I096
137.791794 34.792835 0.060457 0.034871 I097
137.823425 34.671883 0.053245 0.032262 I098
137.575485 34.937675 0.069325 0.038867 I099
137.434006 34.864815 0.064683 0.038227 I102
137.554337 34.808727 0.061556 0.036784 I103
137.514938 34.718052 0.056529 0.035407 I104
139.171036 35.040627 0.081950 0.006311 I105
139.797241 33.119949 -0.006438 -0.029095 I113
104.316177 52.219021 0.000482 -0.000193 IRKJ
104.316238 52.219025 0.000482 -0.000193 IRKM
104.316002 52.219002 0.000482 -0.000193 IRKT
141.750443 45.402992 -0.002411 -0.006750 J001
143.224182 44.433685 -0.001144 0.006527 J002
141.756317 44.397949 -0.002238 -0.009950 J003
144.675842 43.915691 0.006378 0.017934 J004
144.449005 43.507858 0.008570 0.022834 J005
142.482483 43.589657 -0.001139 0.001531 J007
141.510376 43.854012 -0.000530 -0.017038 J008
145.129623 43.070080 0.016131 0.026189 J009
144.431931 42.963261 0.015034 0.031964 J010
143.459229 43.028625 0.007215 0.025953 J011
142.401978 42.980515 0.002045 0.003720 J012
141.030914 43.177853 0.007439 -0.037037 J013
141.730667 42.983253 0.003389 -0.018084 J014
143.331009 42.321594 0.018538 0.043899 J015
142.364609 42.356903 0.010233 0.009387 J016
139.857666 42.450733 0.048049 -0.091910 J017
140.942413 42.374214 0.025822 -0.063011 J018
143.156525 42.005856 0.026119 0.052570 J019
139.519592 42.153545 0.072435 -0.111916 J020
140.107330 42.008076 0.067657 -0.112845 J021
140.747833 41.826073 0.060623 -0.103477 J022
140.040649 41.466377 0.123776 -0.158274 J023
141.213272 41.300774 0.094973 -0.120591 J024
140.272980 40.778984 0.254253 -0.241098 J026
141.789093 40.133450 0.578274 -0.284957 J027
141.939957 39.572384 0.998559 -0.262184 J028
141.203918 39.110626 1.101828 -0.359736 J029
139.776154 39.967903 0.487684 -0.280823 J030
140.048233 39.398697 0.731183 -0.310180 J031
139.808853 38.894604 0.773355 -0.237839 J032
140.318741 38.758595 0.942980 -0.290612 J033
140.366089 38.331028 0.945892 -0.244218 J035
141.441162 38.449196 1.035409 -0.364260 J036
140.954178 38.317486 0.965423 -0.321245 J037
140.908081 37.800671 0.784019 -0.361288 J038
139.791504 37.643696 0.657564 -0.085295 J040
140.902512 37.090714 0.567238 -0.358723 J041
140.611832 36.539928 0.397124 -0.257799 J042
139.726425 36.401848 0.360567 -0.072203 J043
138.906265 36.697025 0.331521 0.009897 J044
138.865402 36.259033 0.261065 0.021253 J045
137.851120 36.499767 0.215280 0.042379 J046
137.943802 35.923580 0.159333 0.046829 J047
138.583298 35.590336 0.143707 0.036500 J048
139.509567 38.230690 0.692637 -0.117764 J049
138.988861 37.896469 0.523305 -0.048427 J050
138.574402 37.397678 0.389135 0.000823 J051
137.487228 36.928959 0.231373 0.034464 J052
136.889160 37.382374 0.222193 0.020615 J053
136.649933 36.663410 0.166075 0.037701 J054
136.172974 36.231174 0.123376 0.038796 J055
136.105804 35.602562 0.090233 0.039620 J056
135.233383 35.549904 0.073527 0.032522 J057
137.347916 36.135994 0.156428 0.047238 J058
137.248367 35.800484 0.126491 0.047576 J059
136.900024 35.526073 0.100267 0.045006 J060
137.467575 35.396767 0.100112 0.045422 J061
136.158234 35.094727 0.068246 0.037595 J062
137.041290 35.128109 0.077979 0.042049 J063
136.502289 34.758999 0.056692 0.036159 J064
136.851135 34.465389 0.045583 0.032971 J065
136.198364 34.060658 0.033254 0.027527 J066
135.500977 34.837997 0.053636 0.031945 J067
135.851410 34.392300 0.042087 0.030145 J068
135.221497 34.157684 0.034666 0.025786 J069
135.764420 33.483360 0.021530 0.021138 J070
134.550385 34.784813 0.045294 0.026017 J071
133.058655 35.433876 0.043719 0.018296 J074
132.208969 35.002811 0.031516 0.014716 J075
131.610367 34.616493 0.024981 0.012669 J076
133.527985 34.548798 0.034036 0.019713 J077
132.575439 34.340355 0.026511 0.015407 J078
130.913635 33.996555 0.018065 0.010344 J079
134.023911 34.286026 0.032566 0.021185 J080
134.626022 33.926857 0.028694 0.021884 J081
134.122131 33.315895 0.019200 0.016746 J082
133.578262 33.529148 0.020837 0.016297 J083
133.241791 33.272900 0.017770 0.014463 J084
132.966415 32.755737 0.013411 0.012128 J085
132.281174 33.469009 0.017841 0.012776 J086
130.476776 33.730721 0.015594 0.009257 J087
131.691376 33.461544 0.016571 0.011369 J088
130.967819 33.331085 0.014436 0.009690 J089
131.876373 32.924587 0.013477 0.010622 J090
129.850296 33.476070 0.013455 0.008113 J091
130.645599 32.546410 0.010585 0.008173 J093
131.632324 32.445446 0.010723 0.009194 J094
131.469681 32.021755 0.008872 0.008180 J095
130.190140 32.013245 0.008408 0.006939 J096
130.466446 31.503769 0.006951 0.006456 J097
130.299484 31.264591 0.006196 0.005937 J098
131.087540 31.258533 0.006347 0.006540 J099
127.768921 26.144814 0.000791 0.001373 J100
142.169739 45.335827 -0.002614 -0.003804 J101
141.038208 45.275967 -0.001316 -0.012703 J102
142.537094 45.002399 -0.002590 -0.000994 J103
141.741394 44.892460 -0.002459 -0.008302 J104
142.265244 44.728497 -0.002726 -0.003366 J105
141.330063 44.427048 -0.001237 -0.015351 J106
142.625595 44.294567 -0.002270 0.001072 J107
144.029770 44.063873 0.002838 0.014889 J108
145.186096 44.019184 0.007387 0.016389 J109
142.151688 44.006779 -0.002228 -0.005158 J110
143.333694 44.005619 0.000148 0.010540 J111
143.926941 42.894516 0.012695 0.033127 J112
144.986969 43.549397 0.010414 0.021410 J113
143.787262 43.848896 0.002769 0.015877 J114
145.131439 43.661823 0.009861 0.019726 J115
144.774323 43.408688 0.011021 0.023796 J116
141.431183 43.404678 0.001963 -0.023005 J117
145.114960 43.382526 0.012439 0.022697 J118
145.801132 43.366852 0.013430 0.018040 J119
140.597076 43.292583 0.011083 -0.045054 J120
143.562424 43.289471 0.005291 0.022059 J121
144.325027 43.232933 0.010780 0.027098 J122
143.298019 43.231995 0.004079 0.019822 J123
144.126526 43.120609 0.010936 0.028907 J124
144.843018 43.057594 0.015520 0.028443 J125
140.499176 43.056828 0.016332 -0.053785 J126
140.543945 42.985252 0.017055 -0.054885 J127
141.290329 42.971378 0.007149 -0.033107 J128
140.883347 42.857887 0.014254 -0.048990 J129
140.603516 42.802719 0.020109 -0.059207 J130
140.233200 42.786434 0.027424 -0.069356 J131
141.863983 42.729443 0.005452 -0.014558 J132
142.295807 42.727238 0.004445 0.002366 J133
143.103256 42.699268 0.008750 0.027523 J134
141.074951 42.667877 0.015141 -0.047599 J135
141.602264 42.655529 0.008483 -0.026161 J136
140.825684 42.646290 0.019988 -0.057462 J137
143.461151 42.551647 0.014648 0.038360 J138
141.361481 42.549801 0.013337 -0.038664 J139
140.354202 42.494362 0.034782 -0.078717 J140
142.060226 42.481281 0.008252 -0.006240 J141
142.567459 42.247726 0.013282 0.021034 J142
140.250488 42.243679 0.048873 -0.094527 J143
142.935394 42.130936 0.019370 0.040117 J144
140.003952 42.130848 0.062113 -0.107053 J145
140.568863 42.098606 0.048109 -0.092750 J146
140.805542 42.042969 0.044255 -0.085869 J147
140.315887 41.599026 0.098224 -0.140395 J149
140.880508 41.455299 0.091664 -0.129736 J150
140.635895 41.043221 0.174715 -0.198319 J151
141.367966 40.968243 0.144351 -0.150663 J152
141.197830 40.625069 0.268030 -0.246812 J153
139.928116 40.577644 0.308868 -0.251772 J154
140.578140 40.523655 0.338534 -0.289953 J155
141.511276 40.515358 0.291107 -0.228372 J156
141.076477 40.291077 0.444340 -0.334594 J157
141.713135 40.405201 0.337770 -0.217782 J158
141.293686 40.291149 0.438677 -0.317138 J159
141.461945 40.048599 0.636851 -0.343032 J160
141.225067 39.980576 0.652512 -0.372883 J161
141.950546 39.869370 0.779516 -0.263579 J162
141.164856 39.851246 0.733296 -0.385226 J163
141.803848 39.849174 0.898148 -0.320825 J164
140.964508 39.701092 0.796264 -0.394143 J165
141.172104 39.596573 0.891443 -0.385253 J166
141.955261 39.458160 1.014628 -0.221276 J167
141.534164 39.338055 1.190927 -0.338035 J169
141.798035 39.253517 1.148979 -0.221850 J170
141.739853 39.023781 1.083119 -0.231545 J171
141.572586 38.902859 1.198797 -0.291156 J172
140.990585 38.815342 1.059896 -0.328402 J173
140.801636 38.748936 1.015373 -0.321851 J174
141.449371 38.682697 1.143997 -0.325169 J175
141.147537 38.539482 1.060990 -0.328208 J176
140.851364 38.411758 0.973381 -0.315125 J177
140.642853 38.205742 0.932375 -0.274236 J178
140.843994 38.029659 0.871124 -0.313089 J179
140.442581 37.989929 0.871144 -0.201303 J180
140.577347 40.325047 0.424936 -0.323678 J181
140.263657 40.271156 0.431629 -0.309051 J182
140.787338 40.215439 0.486978 -0.350481 J183
140.048676 40.247295 0.423407 -0.292793 J184
140.401993 40.006878 0.562803 -0.347100 J185
140.132370 39.936054 0.553531 -0.321740 J186
140.597046 39.749161 0.717633 -0.377505 J187
140.234207 39.658310 0.685758 -0.339993 J188
140.386627 39.549294 0.762886 -0.356276 J189
140.559784 39.327003 0.886586 -0.366331 J190
139.907715 39.206062 0.744226 -0.279775 J191
140.161987 39.164211 0.829719 -0.310901 J192
140.629593 39.051903 0.974271 -0.349903 J193
139.547653 39.185562 0.647412 -0.231834 J194
139.957367 38.759720 0.838518 -0.242751 J195
139.831772 38.594036 0.808982 -0.204239 J196
139.742249 38.146175 0.755283 -0.128710 J197
140.093521 37.963608 0.814552 -0.142585 J198
140.077576 38.197544 0.863708 -0.175314 J199
140.466492 37.683308 0.752726 -0.187728 J200
140.755081 37.560555 0.709026 -0.290071 J201
140.072678 37.566948 0.682643 -0.115076 J202
141.006607 37.533691 0.679534 -0.414645 J203
139.528625 37.473461 0.566144 -0.053585 J204
140.662109 37.325470 0.637616 -0.256048 J205
139.364349 37.302799 0.500028 -0.034104 J206
139.503769 37.281490 0.518652 -0.044366 J207
139.871429 37.261070 0.565229 -0.081550 J209
140.259933 37.126293 0.545212 -0.144402 J210
140.561646 37.089294 0.560826 -0.228744 J211
140.413269 36.862091 0.474678 -0.190726 J212
140.293427 36.650566 0.415037 -0.172374 J213
140.753906 36.800308 0.468590 -0.278417 J214
140.077942 36.364914 0.362038 -0.135044 J215
140.476334 36.344368 0.387957 -0.234155 J216
140.039261 36.854233 0.458577 -0.111475 J217
139.619247 36.665985 0.399266 -0.056075 J218
139.923462 36.598946 0.399221 -0.102972 J219
139.224899 36.769691 0.379691 -0.013718 J220
138.552719 36.507996 0.268807 0.029570 J221
139.330383 36.421627 0.333599 -0.019021 J222
139.075684 35.986893 0.234968 0.015614 J223
139.795990 35.895969 0.271812 -0.060132 J224
140.048096 35.657207 0.241465 -0.102862 J225
140.384903 35.243244 0.183358 -0.149634 J226
139.974884 35.002792 0.089957 -0.059504 J227
139.630646 35.663696 0.208892 -0.024501 J228
139.162598 35.336208 0.123750 0.012836 J229
139.142410 35.268600 0.112844 0.012644 J230
139.253342 38.465393 0.629349 -0.124588 J231
138.513092 38.319347 0.456858 -0.062839 J232
138.471680 38.063278 0.437599 -0.039819 J233
139.351471 37.929382 0.611391 -0.072251 J234
138.273071 37.815903 0.388722 -0.015651 J235
139.477890 37.685905 0.600484 -0.061533 J236
138.780502 37.667522 0.455094 -0.021979 J237
139.059113 37.662296 0.506916 -0.034162 J238
138.998016 37.467720 0.466093 -0.019486 J239
138.789978 37.311314 0.409482 -0.002757 J240
138.333572 37.231121 0.338598 0.014663 J241
138.933716 37.166035 0.408273 -0.003232 J242
138.100189 37.160789 0.305607 0.021783 J243
138.608719 37.079132 0.352319 0.012984 J244
137.873840 37.045174 0.272166 0.028704 J245
138.830841 36.993458 0.367903 0.006960 J246
138.198669 36.865402 0.282259 0.030013 J247
136.996124 36.740620 0.187813 0.038208 J248
137.195190 36.634335 0.190117 0.040936 J249
137.439896 36.578705 0.198463 0.042321 J250
136.920563 36.401878 0.160381 0.043080 J251
136.919266 37.850494 0.246410 0.002419 J252
137.270050 37.446026 0.253614 0.017544 J253
136.388947 36.394455 0.139555 0.039275 J255
136.633942 36.165291 0.134285 0.043142 J256
136.278946 36.145618 0.122096 0.040279 J257
136.504929 35.984909 0.119518 0.042904 J258
135.989761 35.945004 0.104000 0.038498 J259
136.197388 35.792782 0.101410 0.040565 J260
135.907639 35.534409 0.083687 0.037856 J261
135.608887 35.462715 0.076097 0.035332 J262
138.316391 35.855980 0.167126 0.042651 J263
138.695129 35.746876 0.170243 0.034213 J264
138.436172 36.801708 0.296607 0.026565 J265
137.872330 36.706470 0.238079 0.038140 J266
138.247467 36.665154 0.262646 0.034190 J267
138.322525 36.386177 0.234029 0.037960 J268
138.637802 36.346012 0.253806 0.029590 J269
137.902817 36.322372 0.199768 0.044554 J270
138.216492 36.208466 0.205062 0.042268 J271
138.460968 36.130638 0.210606 0.038145 J272
137.983017 36.121109 0.182313 0.045795 J273
137.696259 35.783619 0.137078 0.047767 J274
138.038315 35.556129 0.124251 0.044542 J275
137.815231 35.521091 0.116077 0.045718 J276
137.925278 35.317142 0.099828 0.042662 J277
137.587662 35.246998 0.090442 0.043460 J278
137.147171 36.335510 0.164662 0.044967 J279
136.952759 36.033047 0.135436 0.046002 J280
137.534866 35.973457 0.149099 0.048069 J281
136.863174 35.866940 0.121584 0.045747 J282
136.975296 35.757782 0.116927 0.046315 J283
137.424774 35.657188 0.119437 0.047433 J284
136.488770 35.636154 0.099223 0.042772 J285
136.611389 35.632896 0.101433 0.043670 J286
137.174149 35.612087 0.110952 0.046664 J287
136.687286 35.488323 0.094459 0.043565 J288
137.124695 35.478699 0.100858 0.045658 J289
136.549744 35.371708 0.085937 0.041995 J291
137.110229 35.367371 0.093312 0.044705 J292
137.405609 35.261967 0.089697 0.043967 J293
136.593445 35.227905 0.079009 0.041210 J294
137.980408 35.031517 0.076946 0.037529 J295
138.515671 34.986496 0.074430 0.027894 J296
138.922256 34.865589 0.062945 0.012944 J297
136.929977 35.334759 0.088975 0.043777 J298
136.828827 35.190105 0.079530 0.042024 J299
137.253555 35.138752 0.080282 0.042464 J300
137.313171 35.039463 0.074579 0.041124 J301
137.059784 34.994991 0.070636 0.040446 J302
137.299942 34.919746 0.067499 0.039396 J303
136.867645 34.823357 0.061007 0.037904 J304
137.119003 34.794872 0.060357 0.037696 J305
137.277832 34.648663 0.053236 0.035169 J306
137.068069 34.609238 0.051499 0.034950 J307
136.636505 34.913803 0.064095 0.038358 J309
136.183456 34.742874 0.054600 0.034758 J310
136.550659 34.547047 0.048531 0.033791 J311
136.334259 34.433140 0.044226 0.031991 J312
136.820618 34.253441 0.037966 0.029980 J314
136.085907 33.875137 0.028854 0.025369 J315
136.010895 33.741272 0.026040 0.023886 J316
136.197952 35.557331 0.089730 0.040264 J317
136.053665 35.466286 0.083069 0.038838 J318
135.913208 35.351254 0.076055 0.037341 J319
136.062820 35.318974 0.076706 0.038305 J320
136.235611 35.269440 0.076731 0.039257 J321
135.870804 35.137039 0.067040 0.036013 J322
136.145035 34.986385 0.063697 0.036698 J323
135.906158 34.939602 0.060018 0.034978 J324
136.054825 34.869328 0.058521 0.035263 J326
135.173218 35.752354 0.079229 0.031949 J327
134.932281 35.555683 0.069253 0.030251 J328
135.164032 35.292336 0.064393 0.031652 J329
135.366898 35.163788 0.062658 0.032697 J331
135.564514 35.077583 0.061841 0.033667 J332
135.665436 34.988571 0.059761 0.033839 J333
135.864151 34.746971 0.053059 0.033292 J334
135.685455 34.777840 0.052999 0.032589 J335
135.518494 34.677906 0.048981 0.030992 J336
135.481339 34.527309 0.044568 0.029716 J337
135.627335 34.479107 0.043838 0.030010 J338
135.586945 34.424809 0.042214 0.029391 J339
135.364151 34.406452 0.040936 0.028267 J340
134.582489 35.436749 0.061273 0.027703 J341
134.818497 35.314899 0.060937 0.029241 J342
135.181900 35.105286 0.058949 0.031222 J343
134.585953 35.094456 0.052785 0.027218 J344
134.972595 35.090786 0.056463 0.029766 J345
134.403778 34.997593 0.048851 0.025810 J346
134.767303 34.984684 0.051765 0.028072 J347
135.325989 34.976788 0.056459 0.031630 J348
135.176422 34.944794 0.054247 0.030529 J349
134.545242 34.897266 0.047789 0.026388 J350
135.215912 34.812187 0.050844 0.030113 J351
134.997238 34.804916 0.049059 0.028768 J352
135.341782 34.790905 0.051133 0.030735 J353
134.828781 34.786961 0.047380 0.027678 J354
135.380386 34.724251 0.049492 0.030550 J355
135.172287 34.686989 0.047181 0.029160 J356
134.519562 34.669880 0.042574 0.025379 J357
134.965698 34.669739 0.045451 0.027901 J358
135.024078 34.577053 0.043542 0.027707 J359
134.860977 34.493320 0.040717 0.026366 J360
134.881531 34.349770 0.037664 0.025621 J361
134.735184 34.334332 0.036710 0.024828 J362
134.736542 34.223671 0.034491 0.024179 J363
136.050385 34.567032 0.047972 0.032532 J364
135.731003 34.539223 0.045948 0.030962 J365
135.704178 34.388302 0.041590 0.029560 J366
135.963745 34.038166 0.032824 0.026941 J367
135.357956 34.256138 0.037264 0.027089 J368
135.065979 34.271461 0.036682 0.025962 J369
135.590118 34.221828 0.037004 0.027683 J370
135.384857 33.961674 0.030792 0.024780 J371
135.180084 33.913853 0.029561 0.023752 J372
135.782089 33.815201 0.027849 0.024380 J373
135.508392 33.785488 0.027313 0.023574 J374
135.396179 33.744274 0.026504 0.022957 J375
135.920715 33.583912 0.023077 0.022214 J376
135.599197 33.505619 0.022132 0.021193 J377
134.046677 35.456753 0.055188 0.024089 J378
133.439072 35.345535 0.046279 0.020387 J379
134.237366 35.265862 0.053196 0.025239 J380
133.308533 35.164574 0.042002 0.019608 J381
133.239883 36.285290 0.059462 0.017395 J382
132.984375 36.093208 0.052699 0.016770 J383
132.743210 35.392616 0.040047 0.016784 J384
132.995422 35.195614 0.039629 0.018013 J385
132.507324 35.185955 0.035515 0.015838 J386
132.720505 35.019772 0.035075 0.016698 J387
131.923141 34.767345 0.027714 0.013699 J388
133.792480 35.263538 0.048477 0.022441 J389
134.319641 35.099640 0.050346 0.025515 J390
134.234772 35.020882 0.047855 0.024818 J391
133.734497 35.002960 0.043096 0.021804 J392
133.960861 34.982544 0.044674 0.023084 J393
133.598083 34.809692 0.038656 0.020692 J394
133.929047 34.791386 0.040820 0.022457 J395
134.165756 34.657722 0.039987 0.023360 J396
133.796738 34.438568 0.033881 0.020682 J397
133.120224 34.943451 0.037056 0.018461 J398
132.277328 34.726898 0.029085 0.014841 J399
132.540237 34.678814 0.029954 0.015732 J400
133.107529 34.672451 0.033192 0.018025 J401
132.824005 34.571301 0.030253 0.016675 J402
132.463470 34.539158 0.028077 0.015305 J403
133.009796 34.378685 0.028886 0.017049 J405
131.416550 34.439861 0.022787 0.011997 J407
130.943146 34.294609 0.020016 0.010652 J408
131.562790 34.283737 0.022149 0.012267 J409
131.953293 34.259083 0.023366 0.013354 J410
131.346085 34.189491 0.020684 0.011585 J411
131.530823 34.057240 0.020336 0.011922 J412
131.286041 33.977715 0.019020 0.011199 J413
132.104446 33.975067 0.021473 0.013361 J414
134.351974 34.096989 0.030765 0.021762 J415
134.560135 34.059906 0.030823 0.022434 J416
134.049179 34.051498 0.028935 0.020249 J417
134.230225 34.038418 0.029370 0.020940 J418
133.681290 33.936672 0.026018 0.018293 J419
134.389099 33.878933 0.027306 0.020702 J420
134.058197 33.877514 0.026373 0.019447 J421
134.667801 33.830242 0.027161 0.021420 J422
134.533005 33.725090 0.025226 0.020292 J423
134.372025 33.618500 0.023382 0.019130 J424
134.314209 34.472374 0.037354 0.023420 J425
134.241974 34.254578 0.033034 0.022065 J426
133.715057 34.217396 0.030065 0.019516 J427
133.647522 34.068073 0.027665 0.018675 J428
133.925507 34.164169 0.030183 0.020224 J429
132.990234 34.077888 0.025312 0.016269 J430
133.538239 33.938660 0.025571 0.017774 J431
133.201309 33.921204 0.024272 0.016540 J432
132.911636 33.796497 0.022117 0.015271 J433
132.683975 33.722599 0.020841 0.014431 J434
132.937881 33.569225 0.019994 0.014690 J435
132.693405 33.446766 0.018446 0.013719 J436
132.561829 32.963905 0.014542 0.012045 J437
133.655777 33.766975 0.023776 0.017513 J438
133.805023 33.654152 0.022749 0.017514 J439
134.106903 33.603786 0.022721 0.018221 J440
134.280807 33.527760 0.022005 0.018332 J441
133.903641 33.505737 0.021143 0.017121 J442
133.280914 33.468403 0.019674 0.015259 J443
134.007126 33.427795 0.020376 0.017027 J444
133.402985 33.407703 0.019272 0.015349 J445
132.792694 33.171646 0.016356 0.013140 J447
132.999237 32.991234 0.015168 0.012981 J448
132.703720 32.840607 0.013818 0.011942 J449
130.250824 33.536140 0.014298 0.008736 J450
130.521957 33.500378 0.014559 0.009129 J451
130.828751 33.465462 0.014901 0.009612 J452
130.564651 33.205875 0.013261 0.008890 J453
130.268723 33.274853 0.013191 0.008536 J454
130.094162 33.098476 0.012262 0.008131 J455
129.482056 34.655552 0.017632 0.007907 J456
129.311508 34.268208 0.015665 0.007660 J457
129.734726 33.742657 0.014355 0.008111 J458
129.537018 33.362202 0.012541 0.007592 J459
129.690659 33.063103 0.011632 0.007560 J460
130.271332 32.870686 0.011551 0.008124 J461
128.843109 32.669384 0.009039 0.006045 J462
130.154602 32.636913 0.010556 0.007710 J463
130.547729 32.933495 0.012064 0.008551 J464
130.764801 32.842098 0.011877 0.008721 J465
131.099304 32.740650 0.011717 0.009021 J466
129.987305 32.326241 0.009305 0.007129 J467
130.506836 32.299156 0.009582 0.007678 J468
130.802628 32.238674 0.009508 0.007901 J469
131.564163 33.671192 0.017696 0.011443 J470
131.168930 33.496235 0.015706 0.010298 J471
131.347275 33.254044 0.014636 0.010273 J472
131.798065 33.239437 0.015315 0.011160 J473
131.286087 33.009029 0.013211 0.009747 J474
131.587845 32.986858 0.013473 0.010229 J475
131.756836 32.704018 0.012105 0.009923 J476
131.327621 32.684834 0.011645 0.009243 J477
131.148865 32.456642 0.010514 0.008619 J478
131.185226 32.245857 0.009676 0.008303 J479
131.515854 32.170433 0.009471 0.008509 J480
131.078568 31.965048 0.008606 0.007730 J481
131.021515 31.740314 0.007832 0.007309 J482
131.368866 31.676546 0.007635 0.007464 J483
131.217392 31.469376 0.006976 0.006992 J484
130.597809 32.057503 0.008779 0.007424 J485
130.759674 31.855528 0.008157 0.007270 J486
129.795441 31.768684 0.007353 0.006173 J487
130.278152 31.717379 0.007516 0.006603 J488
130.836060 31.617376 0.007406 0.006954 J489
130.640366 31.235224 0.006225 0.006176 J490
130.723053 31.106205 0.005885 0.006029 J491
130.964218 30.530867 0.004453 0.005229 J492
130.638382 30.381721 0.004109 0.004815 J493
129.489029 28.399088 0.002012 0.002824 J494
128.432327 27.032185 0.001319 0.001995 J495
127.898453 26.694811 0.001110 0.001712 J496
131.227798 25.831211 0.000264 0.001108 J497
125.373795 24.753119 0.000174 0.000509 J498
122.942841 24.454168 0.000209 0.000426 J499
123.792038 24.426273 0.000163 0.000417 J500
141.167099 45.137711 -0.001533 -0.012453 J501
142.964462 44.582043 -0.001917 0.003591 J502
143.615677 44.219723 0.000584 0.011043 J503
143.076813 44.191944 -0.001162 0.006575 J504
144.293304 43.988789 0.004354 0.016628 J505
142.577713 43.908405 -0.001804 0.001733 J506
144.115250 43.828079 0.004475 0.017853 J507
142.409607 43.738522 -0.001651 -0.000431 J508
141.873840 43.740841 -0.001339 -0.010666 J509
142.903015 43.771412 -0.000683 0.007396 J510
143.578156 43.670502 0.002675 0.016446 J511
145.258957 43.232105 0.014398 0.023384 J512
144.079620 43.438835 0.007198 0.023113 J513
142.395340 43.336266 -0.000244 0.001011 J514
144.597656 43.307011 0.011353 0.025667 J515
141.890930 43.248409 0.000672 -0.011891 J516
140.860611 43.209507 0.008995 -0.040840 J517
142.809723 43.165527 0.001912 0.012083 J518
145.520493 43.195164 0.015085 0.021587 J519
141.540115 43.077587 0.003757 -0.023508 J520
143.170563 42.938862 0.006104 0.023366 J521
141.577423 42.884430 0.005508 -0.024367 J522
141.407089 42.773190 0.008662 -0.032346 J523
140.767624 42.551380 0.023785 -0.062969 J525
140.876373 42.473904 0.023937 -0.061821 J526
139.446152 42.060505 0.080437 -0.117640 J527
140.666870 42.123142 0.043879 -0.087338 J528
140.715439 41.976688 0.051067 -0.094326 J529
140.071228 41.803028 0.085513 -0.128576 J530
144.719147 42.982571 0.016130 0.030368 J531
143.315689 42.125587 0.024020 0.051231 J532
141.447586 41.404705 0.070350 -0.084618 J533
140.490768 41.185078 0.151972 -0.182101 J534
140.821991 41.145546 0.143435 -0.173782 J535
141.131805 40.862362 0.190413 -0.199898 J537
140.589218 40.706276 0.270913 -0.257087 J538
141.376205 40.676399 0.231547 -0.210769 J539
140.478531 40.624344 0.301366 -0.270103 J540
140.803345 40.643566 0.285482 -0.267011 J541
140.451569 40.910175 0.214553 -0.222866 J542
141.066330 39.953079 0.656336 -0.384583 J543
140.769180 39.351299 0.919646 -0.380142 J544
141.575485 39.143089 1.229811 -0.320038 J546
141.675293 39.596127 1.131763 -0.333605 J547
140.847870 38.546215 0.995825 -0.315665 J548
141.212906 38.425056 1.056532 -0.338601 J549
141.500687 38.301186 0.918576 -0.356161 J550
139.848938 39.891136 0.523760 -0.290685 J551
140.044724 39.825809 0.581028 -0.314933 J552
140.732849 39.702682 0.763745 -0.387778 J553
140.506699 39.199097 0.913774 -0.353662 J554
139.927490 39.015972 0.791634 -0.266433 J555
140.365158 38.496769 0.958246 -0.267921 J556
140.271133 38.148098 0.900132 -0.195879 J557
140.205658 37.615952 0.712951 -0.135288 J559
140.372894 37.620731 0.724479 -0.165324 J560
140.135880 37.424507 0.640298 -0.121143 J561
139.586166 37.097248 0.487670 -0.048179 J563
139.461685 38.056183 0.659151 -0.093020 J564
138.369888 38.023685 0.418223 -0.033201 J565
138.706940 37.535831 0.426447 -0.011030 J566
138.516373 37.348541 0.375114 0.004903 J567
139.020248 37.319870 0.445971 -0.013431 J568
138.242584 37.056683 0.308655 0.023198 J569
137.893875 36.950871 0.264616 0.031494 J570
139.073914 37.752064 0.522821 -0.041270 J571
137.369522 36.736958 0.207880 0.039232 J572
137.031891 36.649563 0.183093 0.040064 J573
137.138550 37.306969 0.234989 0.023057 J574
136.718765 37.156746 0.198953 0.027259 J575
136.996063 37.123158 0.213725 0.028878 J576
136.755646 36.817478 0.180708 0.035514 J577
136.605331 36.370068 0.146062 0.041258 J578
136.184998 35.968887 0.110117 0.040185 J579
136.055984 35.836842 0.100398 0.039295 J580
140.497604 36.743027 0.445081 -0.216368 J581
139.987762 36.300705 0.350227 -0.116582 J582
139.931503 36.114815 0.319563 -0.099435 J583
140.202438 36.031338 0.331234 -0.165908 J584
140.164764 36.952305 0.488322 -0.130050 J585
139.805740 36.979580 0.481983 -0.073420 J586
139.854263 36.776371 0.435206 -0.085849 J587
140.157684 36.692455 0.420467 -0.141376 J588
139.490585 36.624172 0.381448 -0.040086 J589
140.179306 36.542217 0.391670 -0.152367 J590
138.591446 36.616318 0.287233 0.026017 J591
139.066635 36.234669 0.276608 0.009599 J592
138.912415 36.142754 0.247071 0.021264 J593
139.434021 34.761543 0.051172 -0.014314 J594
139.358582 34.737614 0.049155 -0.010305 J595
139.270935 34.519634 0.032516 -0.009520 J596
139.210938 34.333122 0.022120 -0.009625 J597
139.137573 34.239914 0.018491 -0.007901 J598
139.478806 34.075783 0.008578 -0.023502 J600
139.612854 33.884125 0.002095 -0.029108 J601
139.764618 32.463501 -0.006115 -0.022011 J602
142.162766 26.635151 0.000670 -0.001137 J603
138.690384 35.649517 0.155914 0.034137 J606
139.025772 35.511868 0.148071 0.021537 J607
137.984543 36.239029 0.195334 0.044799 J608
137.871750 36.228371 0.188154 0.045764 J609
138.499283 36.284714 0.234071 0.035109 J610
137.682632 36.084663 0.164914 0.047551 J611
138.214478 36.026161 0.182975 0.043734 J612
138.583023 35.974148 0.196871 0.036421 J613
137.598267 35.880001 0.142851 0.048098 J614
137.983887 35.726292 0.140144 0.046164 J615
137.676392 35.343735 0.098822 0.044390 J616
136.904266 36.261467 0.149885 0.044367 J617
137.363022 36.285645 0.169593 0.046139 J618
137.200668 35.911633 0.133730 0.047476 J619
138.776520 34.855034 0.062413 0.017727 J620
138.928360 35.204395 0.100622 0.020558 J621
138.098282 34.679924 0.052588 0.029069 J622
138.182968 34.677753 0.052036 0.027705 J623
138.046524 34.666409 0.052011 0.029527 J624
138.159042 34.634541 0.049509 0.027180 J625
138.906891 35.047241 0.081600 0.017840 J626
140.086304 36.103634 0.327141 -0.135292 J627
138.939331 34.698906 0.048463 0.008398 J628
137.073563 35.239086 0.084843 0.043354 J629
136.965805 35.168423 0.079634 0.042297 J630
136.862747 34.984394 0.068906 0.039904 J631
136.831879 34.904385 0.064741 0.038854 J632
136.694244 35.050911 0.071047 0.040057 J633
136.393265 34.854900 0.060086 0.036761 J634
136.329758 34.648750 0.051749 0.034370 J635
136.628403 34.431442 0.044367 0.032436 J636
136.342926 34.208157 0.037215 0.029385 J637
136.264740 35.420357 0.084205 0.040273 J638
136.041199 35.085724 0.066747 0.036804 J639
135.034042 35.685078 0.074725 0.030952 J640
135.415833 35.482216 0.073952 0.033868 J641
135.549530 35.275860 0.068498 0.034385 J642
135.773300 35.053135 0.062974 0.034897 J643
135.772400 34.952641 0.059419 0.034275 J644
134.677383 35.621201 0.067407 0.028358 J645
134.728714 35.461262 0.063793 0.028749 J646
135.022034 35.237881 0.061126 0.030519 J647
134.771225 35.162743 0.056355 0.028614 J648
134.945038 34.936188 0.052059 0.029026 J649
135.528351 34.311840 0.039097 0.028219 J650
135.167740 34.025391 0.031756 0.024575 J652
135.496201 33.554413 0.023061 0.021491 J653
133.339691 35.436008 0.046742 0.019808 J654
134.325272 35.361443 0.056339 0.025900 J655
133.137894 35.563534 0.046558 0.018617 J656
132.457321 34.892658 0.031836 0.015585 J657
132.013565 34.571064 0.026348 0.013861 J658
131.864319 34.439720 0.024565 0.013290 J659
133.563995 35.169662 0.044494 0.021029 J660
133.396271 34.993362 0.040041 0.019921 J662
132.851578 34.811604 0.033365 0.017101 J663
133.337631 34.777790 0.036241 0.019292 J664
132.194656 34.370346 0.025264 0.014220 J665
132.455551 34.260921 0.025235 0.014885 J666
132.884384 34.210068 0.026377 0.016218 J667
131.152390 34.764347 0.024088 0.011415 J668
131.176163 34.342087 0.021160 0.011273 J669
131.065674 34.179771 0.019678 0.010863 J670
132.358337 33.909935 0.021659 0.013951 J672
134.605026 34.171810 0.033011 0.023284 J673
133.874985 34.039738 0.028122 0.019478 J674
134.301468 33.789532 0.025721 0.019876 J675
133.998672 34.445454 0.035120 0.021704 J676
133.780670 34.383400 0.032914 0.020413 J677
133.189102 34.252445 0.028164 0.017447 J678
132.781738 33.959473 0.023371 0.015301 J679
132.487259 33.611595 0.019419 0.013633 J680
132.543762 33.177589 0.016070 0.012621 J681
133.228470 33.326908 0.018245 0.014625 J683
133.128632 33.215431 0.017125 0.014009 J684
130.749557 33.745506 0.016227 0.009767 J685
131.016525 33.697403 0.016550 0.010249 J686
130.823883 33.640465 0.015816 0.009801 J687
130.701157 33.327225 0.014008 0.009236 J688
129.940094 33.196030 0.012461 0.008015 J689
129.690018 33.266121 0.012400 0.007732 J690
129.125504 33.255791 0.011471 0.006929 J691
129.026337 32.885628 0.010019 0.006485 J692
130.166428 32.795700 0.011162 0.007908 J693
130.335953 32.793015 0.011307 0.008116 J694
130.216660 32.712292 0.010892 0.007875 J695
130.352280 32.722572 0.011048 0.008052 J696
130.290710 32.660652 0.010762 0.007903 J697
128.619354 32.634274 0.008612 0.005734 J698
131.062897 33.121956 0.013503 0.009556 J699
130.748627 33.011292 0.012603 0.008922 J700
130.996216 32.870747 0.012218 0.009079 J701
130.794907 32.576725 0.010800 0.008389 J702
131.093430 32.950653 0.012694 0.009344 J703
131.132156 32.845001 0.012229 0.009235 J704
131.356644 33.537125 0.016342 0.010753 J705
131.588425 33.349854 0.015640 0.010932 J706
131.121140 33.270271 0.014360 0.009877 J707
131.579483 33.228428 0.014874 0.010685 J709
130.915741 33.190575 0.013647 0.009413 J710
131.530670 32.557049 0.011189 0.009284 J711
131.334015 32.384399 0.010301 0.008710 J712
131.486023 32.069107 0.009059 0.008285 J713
130.865631 32.047718 0.008845 0.007669 J714
131.306305 31.842098 0.008201 0.007712 J715
131.305862 31.399105 0.006755 0.006927 J716
130.179657 32.197075 0.009016 0.007180 J717
130.439651 31.908840 0.008208 0.007047 J718
130.651886 31.624098 0.007381 0.006809 J719
130.708542 31.591841 0.007297 0.006806 J720
130.637360 31.552221 0.007155 0.006682 J721
130.699402 31.496153 0.007001 0.006645 J722
130.274979 30.784655 0.004955 0.005192 J723
131.028595 30.753325 0.004988 0.005639 J724
130.198242 30.461390 0.004232 0.004687 J725
130.903229 30.398676 0.004154 0.004981 J726
130.424377 30.395756 0.004123 0.004720 J727
130.554550 30.236353 0.003810 0.004558 J728
129.705750 29.615330 0.002966 0.003623 J729
129.693573 28.487219 0.001991 0.002850 J730
130.028961 28.371132 0.001772 0.002729 J731
129.921677 28.293980 0.001768 0.002700 J732
129.320450 28.137583 0.001897 0.002688 J733
128.894470 27.816637 0.001797 0.002515 J734
128.650726 27.401239 0.001549 0.002248 J735
127.945053 26.944489 0.001271 0.001873 J736
128.248367 26.859344 0.001214 0.001865 J737
128.144028 26.708273 0.001120 0.001757 J738
127.231628 26.582876 0.001010 0.001523 J739
127.972397 26.482731 0.000983 0.001596 J740
127.832733 26.446926 0.000960 0.001554 J741
127.143646 26.372936 0.000884 0.001390 J742
126.739151 26.347830 0.000837 0.001296 J743
127.345245 26.178795 0.000792 0.001322 J744
127.826187 26.168608 0.000805 0.001394 J745
131.290680 25.953726 0.000281 0.001145 J746
125.170975 24.827959 0.000189 0.000515 J747
124.692444 24.641615 0.000160 0.000458 J748
124.301285 24.536625 0.000155 0.000434 J749
124.172653 24.338877 0.000136 0.000405 J750
123.795853 24.061501 0.000127 0.000376 J751
139.056732 36.539257 0.323719 0.003063 J752
139.269333 36.003735 0.254754 0.001570 J753
139.182205 35.884048 0.224563 0.011331 J754
139.365967 35.800800 0.221590 -0.000346 J755
140.249161 35.288383 0.173219 -0.119925 J756
139.369904 35.616428 0.183294 0.001979 J758
139.613846 35.160866 0.104686 -0.021307 J759
135.789841 34.882030 0.057125 0.033903 J760
135.618820 34.621052 0.047850 0.031089 J761
134.659668 34.864120 0.047939 0.026972 J762
135.706024 34.698334 0.050628 0.032113 J763
135.819870 34.574001 0.047340 0.031647 J764
134.175797 34.809566 0.043023 0.023911 J765
133.757019 34.579147 0.035939 0.020935 J766
133.288116 34.450439 0.031236 0.018361 J767
132.820221 34.334873 0.027500 0.016249 J768
132.219131 34.191181 0.023719 0.014045 J769
129.954849 33.372181 0.013183 0.008181 J770
130.444519 33.346489 0.013734 0.008859 J771
129.989685 32.945587 0.011551 0.007843 J772
130.430450 32.581673 0.010573 0.007971 J773
130.085190 32.524532 0.010086 0.007491 J774
130.323639 32.426273 0.009922 0.007647 J775
130.469452 31.675102 0.007475 0.006723 J776
130.135757 31.415892 0.006544 0.006017 J777
141.598236 45.219769 -0.002292 -0.008478 J778
142.351837 45.126774 -0.002661 -0.002526 J779
142.717911 44.780170 -0.002406 0.000848 J780
141.793915 44.639927 -0.002454 -0.008589 J781
142.264526 44.365128 -0.002605 -0.003448 J782
141.664597 44.148754 -0.001728 -0.012444 J783
144.506409 43.722778 0.007037 0.020041 J784
141.370590 43.624329 0.001079 -0.022002 J785
142.643066 43.431633 -0.000201 0.005733 J787
143.901993 43.101692 0.009630 0.028407 J788
142.870056 43.013653 0.003437 0.015696 J789
142.084595 42.933773 0.002476 -0.006158 J790
143.494965 42.806507 0.010468 0.031635 J791
141.081055 42.420547 0.021426 -0.055091 J792
143.151978 42.486412 0.012905 0.034550 J793
140.371231 41.934853 0.065085 -0.110816 J794
141.452591 39.849018 0.814322 -0.360799 J795
140.988449 39.127007 1.025917 -0.365070 J796
140.645630 37.984406 0.868040 -0.252432 J797
140.822906 40.044975 0.585350 -0.375194 J798
140.094635 38.434341 0.891048 -0.217207 J799
140.841644 37.018448 0.556489 -0.327094 J800
139.402237 37.036934 0.451158 -0.031039 J801
138.944824 36.778061 0.348305 0.006086 J802
140.199921 38.288982 0.909358 -0.209765 J803
139.521927 35.419270 0.149966 -0.010707 J804
139.226044 37.828159 0.566314 -0.055527 J805
138.880447 37.776989 0.487012 -0.033881 J806
138.779541 37.498657 0.433647 -0.011710 J807
138.456818 35.673695 0.150010 0.039733 J809
138.920273 37.589737 0.470421 -0.022969 J810
137.528778 35.575092 0.114999 0.046936 J811
136.470306 35.359730 0.084197 0.041400 J812
138.973862 35.114166 0.089779 0.016832 J813
138.876465 34.719475 0.050527 0.011167 J814
138.609970 35.117153 0.087489 0.028483 J815
138.209976 35.066975 0.080690 0.035318 J817
138.081680 35.044884 0.078365 0.036634 J818
137.946808 34.902050 0.067481 0.035455 J819
138.176743 34.849415 0.063618 0.031427 J820
137.680771 34.752041 0.058193 0.034994 J821
136.788818 35.300838 0.085242 0.042845 J822
134.588211 35.283344 0.057458 0.027599 J823
136.096985 34.179951 0.036477 0.028690 J824
135.735184 33.969482 0.031212 0.025786 J825
135.708786 33.637173 0.024377 0.022554 J826
134.393433 34.217796 0.033032 0.022583 J827
132.046097 33.367970 0.016636 0.011988 J828
132.475342 33.384373 0.017548 0.013028 J829
133.362640 33.704285 0.022300 0.016333 J830
130.464996 33.097355 0.012670 0.008628 J831
129.720718 32.839611 0.010846 0.007385 J832
131.206802 33.127842 0.013730 0.009809 J833
130.360657 32.098434 0.008798 0.007240 J834
130.238968 31.906164 0.008090 0.006839 J835
130.408005 31.796021 0.007828 0.006848 J836
130.599594 31.824060 0.007999 0.007073 J837
138.762787 34.690254 0.049076 0.014302 J838
138.331223 34.836166 0.062291 0.028479 J840
139.069901 34.949757 0.071207 0.008946 J841
138.249893 34.954346 0.071516 0.032437 J842
134.049545 35.174889 0.049323 0.023938 J843
140.810532 40.834408 0.220324 -0.228303 J844
140.324387 37.361824 0.626562 -0.154722 J845
133.461807 33.818356 0.023864 0.017063 J846
137.868759 35.160450 0.086301 0.040741 J847
141.955246 45.514114 -0.002492 -0.005071 J848
141.881790 45.230106 -0.002554 -0.006156 J849
142.292252 44.990505 -0.002707 -0.003038 J850
142.021774 44.916065 -0.002687 -0.005549 J851
142.038712 44.743240 -0.002692 -0.005672 J852
142.571167 44.546501 -0.002503 -0.000098 J853
142.935837 44.332294 -0.001734 0.004367 J854
141.872177 44.317665 -0.002340 -0.008691 J855
143.364594 44.260853 -0.000408 0.008798 J856
142.400894 44.165474 -0.002383 -0.001525 J857
142.601242 44.114449 -0.002103 0.001313 J858
144.993500 44.065033 0.006542 0.016334 J859
141.860748 44.052105 -0.001985 -0.009778 J860
143.534149 43.909927 0.001317 0.013284 J861
142.236542 43.889290 -0.002051 -0.003748 J862
143.176697 43.878723 -0.000054 0.010012 J863
145.056870 43.794029 0.008583 0.018679 J864
142.132309 43.725658 -0.001666 -0.005602 J865
143.381088 43.710323 0.001486 0.014022 J866
142.794403 43.646908 -0.000615 0.006723 J867
143.991730 43.644562 0.005051 0.019669 J868
145.220367 43.555996 0.011022 0.020381 J869
144.719040 43.545929 0.009449 0.022145 J870
142.187607 43.521576 -0.001083 -0.004346 J871
141.616776 43.504215 0.000391 -0.017554 J872
143.753860 43.473579 0.004965 0.020705 J873
143.187042 43.366470 0.002423 0.016066 J874
140.378281 43.320705 0.013443 -0.048791 J875
141.345963 43.240528 0.003801 -0.027279 J876
141.652023 43.220894 0.001879 -0.018810 J877
144.970734 43.218189 0.013867 0.025455 J878
143.027756 43.171329 0.002959 0.016395 J879
142.567032 43.165047 0.001047 0.006464 J880
144.496490 43.149391 0.012758 0.028407 J881
141.203293 43.140396 0.006054 -0.032883 J882
143.597702 43.123894 0.007166 0.025555 J883
140.811111 43.082596 0.011409 -0.045157 J884
142.532257 42.890633 0.003143 0.008570 J885
143.655533 42.800343 0.011954 0.033593 J886
142.953690 42.803341 0.006197 0.021610 J887
140.011780 42.685337 0.035082 -0.078174 J888
143.312790 42.673962 0.010970 0.032395 J889
142.395920 42.554260 0.006881 0.008088 J890
142.767944 42.277233 0.013944 0.028911 J891
140.929337 41.740593 0.060759 -0.099992 J892
140.535019 41.711327 0.078371 -0.122633 J893
141.094467 41.466160 0.080166 -0.112840 J894
140.983810 41.199665 0.124131 -0.154667 J895
141.385696 41.160934 0.105780 -0.118665 J896
140.293533 41.121723 0.171715 -0.194053 J897
140.011002 40.730633 0.267925 -0.238951 J898
141.106018 40.579983 0.294270 -0.266389 J899
141.332001 40.508759 0.309990 -0.259221 J901
140.941589 40.447632 0.364861 -0.306049 J902
141.484863 40.271042 0.451036 -0.297377 J903
141.046463 40.106747 0.557187 -0.368343 J904
141.662186 39.970955 0.758569 -0.333270 J905
141.970230 39.738960 0.850107 -0.256910 J906
141.426132 39.639370 0.970313 -0.365158 J907
140.836319 39.554455 0.850593 -0.390101 J908
141.292999 39.464695 1.005772 -0.372885 J909
141.311676 39.235374 1.109849 -0.362959 J910
141.400848 39.012108 1.209012 -0.338088 J911
141.148529 38.995464 1.104515 -0.348341 J912
140.833191 38.934029 1.022167 -0.342181 J913
141.317856 38.743221 1.161026 -0.323420 J914
141.004333 38.686134 1.049312 -0.320371 J915
141.160721 38.660629 1.091439 -0.323658 J916
140.727722 38.571812 0.989300 -0.310481 J917
141.304398 38.509842 1.089328 -0.345780 J918
140.943695 38.177120 0.925522 -0.324313 J919
140.727661 37.824600 0.803057 -0.276974 J920
140.027573 40.339397 0.389228 -0.282728 J921
140.408157 40.183315 0.481094 -0.331097 J922
140.005493 40.099701 0.472809 -0.299417 J923
140.535858 39.921391 0.622331 -0.365868 J924
140.053925 39.527565 0.690784 -0.315415 J925
140.596085 39.508137 0.826439 -0.375807 J926
140.278931 39.296745 0.824920 -0.334469 J927
140.715057 39.146202 0.969518 -0.363447 J928
140.447327 39.054379 0.934621 -0.335508 J929
140.183472 38.938103 0.883276 -0.292979 J930
140.497253 38.752155 0.980650 -0.308821 J931
139.674530 38.701168 0.749879 -0.197716 J932
140.220505 38.628414 0.925014 -0.262978 J933
140.393875 38.170441 0.920620 -0.220654 J934
139.879410 37.920586 0.749157 -0.114321 J935
140.446793 37.833496 0.812369 -0.187738 J936
139.972656 37.669289 0.699750 -0.106035 J937
140.571655 37.591091 0.719923 -0.217880 J938
139.835526 37.461288 0.616259 -0.082318 J939
140.464035 37.444870 0.662790 -0.187244 J940
139.686340 37.326210 0.557461 -0.062182 J941
140.212738 37.293041 0.598702 -0.132833 J942
140.450974 37.210564 0.584572 -0.189910 J943
140.716003 37.183090 0.605302 -0.284541 J944
140.376266 37.023582 0.520408 -0.175603 J945
140.690155 36.932621 0.525757 -0.268358 J946
140.385696 36.475849 0.390084 -0.202274 J947
140.035416 37.124699 0.537271 -0.103421 J948
139.505310 36.872246 0.429197 -0.040181 J949
139.752792 36.537632 0.384125 -0.076917 J950
139.902512 36.456581 0.373697 -0.102020 J951
139.060852 36.837357 0.371446 -0.002278 J952
138.847885 36.591377 0.309388 0.015243 J954
139.016708 36.395348 0.297127 0.009004 J955
139.254639 36.267693 0.300854 -0.006748 J956
138.702988 36.200268 0.238131 0.029651 J957
138.926056 35.929928 0.213199 0.024495 J958
139.968475 35.143803 0.114695 -0.061285 J959
139.366058 35.391487 0.139044 0.001453 J960
139.111450 37.540340 0.497704 -0.029169 J961
138.634598 37.212112 0.373585 0.007184 J962
139.247101 37.157616 0.452700 -0.021379 J963
138.457352 37.107086 0.337780 0.016553 J964
140.296494 36.778957 0.445100 -0.166414 J965
137.026428 36.919510 0.201960 0.034383 J966
137.551331 36.864346 0.230241 0.036024 J967
137.154480 36.757950 0.197437 0.038417 J968
136.806396 36.592091 0.168544 0.039829 J969
137.239227 36.472801 0.179501 0.043640 J970
137.033936 37.432259 0.235054 0.018724 J971
136.908768 37.226437 0.214587 0.025661 J972
136.540680 36.537266 0.153721 0.038803 J973
136.361649 36.229565 0.129309 0.040467 J974
136.048950 36.109734 0.113531 0.038403 J975
136.657745 35.901413 0.118548 0.044283 J976
136.339584 35.888218 0.109760 0.041714 J977
135.755646 35.486572 0.079252 0.036534 J978
138.444214 35.904934 0.179558 0.040179 J979
138.949997 35.753872 0.185080 0.025199 J980
138.606873 35.467693 0.128391 0.034703 J981
138.624252 36.856686 0.323703 0.019136 J982
138.096725 36.706646 0.255331 0.035683 J983
138.120941 36.523605 0.236155 0.039158 J984
138.366043 36.260986 0.221235 0.038816 J985
137.785431 35.944603 0.155377 0.047648 J986
138.095703 35.878418 0.160448 0.045555 J987
137.450882 35.815552 0.132965 0.048017 J988
137.620163 35.661228 0.124170 0.047387 J989
137.080521 36.140263 0.147307 0.046218 J990
136.784622 35.723488 0.110459 0.045100 J991
137.309097 35.523129 0.106990 0.046444 J992
136.545288 35.480061 0.091678 0.042582 J993
137.252319 35.300552 0.090666 0.044350 J994
137.575333 35.100021 0.079938 0.041432 J995
137.152390 34.917339 0.066849 0.039459 J996
137.338776 34.785915 0.060206 0.037231 J997
136.938477 34.740051 0.057317 0.036872 J998
136.474457 34.420326 0.043924 0.032107 J999
139.488007 35.709999 0.210328 -0.009491 KGNI
135.046005 48.521000 0.003762 -0.008973 KHAJ
130.878571 31.425312 0.006823 0.006672 KNYA
140.658005 35.955002 0.414838 -0.300289 KSMV
102.796997 25.030001 0.000213 0.000272 KUNM
150.810379 59.577644 0.000073 0.000607 MAGJ
153.979996 24.290001 -0.001765 0.003046 MCIL
141.132996 39.134998 1.068097 -0.363851 MIZU
139.559998 35.680000 0.208187 -0.016461 MTKA
100.713654 14.043016 -0.000119 0.000139 NIMT
127.768921 26.144817 0.000791 0.001373 OKN1
158.649994 53.020000 0.000127 0.000178 PETS
121.080002 14.640000 -0.000217 -0.000047 PIMO
130.878571 31.425308 0.006823 0.006672 S004
141.844818 43.528645 -0.000560 -0.012082 S005
142.195023 27.067532 0.000781 -0.001237 S007
139.081970 35.006851 0.077587 0.009758 S106
139.101685 34.971863 0.073652 0.008035 S107
140.087189 36.106113 0.327571 -0.135550 S110
121.199997 31.100000 0.002134 0.001327 SHAO
135.936951 33.577854 0.022933 0.022159 SMST
141.845001 43.528999 -0.000562 -0.012077 STK2
127.054001 37.276001 0.017098 0.002795 SUWN
120.989998 24.799999 0.000326 0.000454 TCMS
120.989998 24.799999 0.000326 0.000454 TNML
140.089996 36.110001 0.328296 -0.136272 TSK2
140.087006 36.105999 0.327544 -0.135506 TSKB
121.160004 24.950001 0.000338 0.000470 TWTF
107.050003 47.869999 0.000850 -0.000163 ULAB
138.362000 36.132999 0.204544 0.040369 USUD
114.357002 30.532000 0.000909 0.000508 WUHN
142.720001 47.029999 -0.001705 -0.000386 YSSK
136.503754 35.104763 0.072002 0.039671 Z101
138.185791 35.322075 0.103759 0.040100 Z102
137.423126 34.967480 0.070709 0.039882 Z103
136.981750 34.543915 0.048691 0.034047 Z104
136.802002 34.373581 0.042191 0.031692 Z105
136.388489 34.297928 0.039911 0.030507 Z106
136.139969 33.932949 0.030131 0.026046 Z107
135.743454 34.155849 0.035620 0.027579 Z108
135.290344 34.090851 0.033375 0.025525 Z109
135.399124 33.854500 0.028630 0.023910 Z110
135.871094 33.799084 0.027440 0.024348 Z111
135.406006 33.647251 0.024728 0.022142 Z112
135.834137 33.520081 0.022061 0.021536 Z113
134.510025 33.932796 0.028496 0.021478 Z114
133.796951 33.838840 0.025083 0.018307 Z115
134.484558 33.821980 0.026637 0.020718 Z116
132.564697 33.510353 0.018734 0.013573 Z117
132.360382 33.202183 0.015983 0.012289 Z118
133.431702 33.545727 0.020738 0.015950 Z119
133.699844 33.542534 0.021213 0.016701 Z120
134.056198 33.367382 0.019729 0.016849 Z121
132.974030 33.312130 0.017756 0.013982 Z123
132.822083 33.060120 0.015526 0.012855 Z124
141.669920 35.502980 0.515756 -0.447071 _CHS
142.083120 37.166010 0.646338 -0.555113 _FUK
143.362340 38.887930 -0.053358 -0.045216 _KMN
143.263500 38.636440 -0.210852 -0.070331 _KMS
142.916670 38.082940 -0.504632 0.069570 _MGI
142.433270 38.150560 0.243651 -0.160893 _MGW
